   1.7699562e-01
   1.5642349e-01
   9.3935494e-02
  -2.0060852e-14
  -9.3935494e-02
  -1.5642349e-01
  -1.7699562e-01
  -1.5642349e-01
  -9.3935494e-02
   1.5773869e-14
   9.3935494e-02
   1.5642349e-01
   2.6727978e-01
   2.6199662e-01
   1.8640996e-01
  -3.8640597e-14
  -1.8640996e-01
  -2.6199662e-01
  -2.6727978e-01
  -2.6199662e-01
  -1.8640996e-01
   4.0427411e-14
   1.8640996e-01
   2.6199662e-01
   1.9895041e-01
   2.4991531e-01
   2.3343851e-01
  -5.1853169e-14
  -2.3343851e-01
  -2.4991531e-01
  -1.9895041e-01
  -2.4991531e-01
  -2.3343851e-01
   5.9476777e-14
   2.3343851e-01
   2.4991531e-01
   1.4004577e-01
   2.2321351e-01
   2.4582317e-01
  -5.5975758e-14
  -2.4582317e-01
  -2.2321351e-01
  -1.4004577e-01
  -2.2321351e-01
  -2.4582317e-01
   6.7226462e-14
   2.4582317e-01
   2.2321351e-01
   1.9895041e-01
   2.4991531e-01
   2.3343851e-01
  -4.9080208e-14
  -2.3343851e-01
  -2.4991531e-01
  -1.9895041e-01
  -2.4991531e-01
  -2.3343851e-01
   6.0416272e-14
   2.3343851e-01
   2.4991531e-01
   2.6727978e-01
   2.6199662e-01
   1.8640996e-01
  -3.4227452e-14
  -1.8640996e-01
  -2.6199662e-01
  -2.6727978e-01
  -2.6199662e-01
  -1.8640996e-01
   4.2209325e-14
   1.8640996e-01
   2.6199662e-01
   1.7699562e-01
   1.5642349e-01
   9.3935494e-02
  -1.5587346e-14
  -9.3935494e-02
  -1.5642349e-01
  -1.7699562e-01
  -1.5642349e-01
  -9.3935494e-02
   1.9270692e-14
   9.3935494e-02
   1.5642349e-01
   1.2499763e-13
   1.4548297e-01
   2.5527497e-01
   2.9666983e-01
   2.5527497e-01
   1.4548297e-01
  -6.4310979e-14
  -1.4548297e-01
  -2.5527497e-01
  -2.9666983e-01
  -2.5527497e-01
  -1.4548297e-01
  -3.2179029e-13
   2.8867072e-01
   5.3151993e-01
   6.3210579e-01
   5.3151993e-01
   2.8867072e-01
   2.7089924e-13
  -2.8867072e-01
  -5.3151993e-01
  -6.3210579e-01
  -5.3151993e-01
  -2.8867072e-01
  -6.7088941e-13
   3.6193171e-01
   7.0578568e-01
   8.6126136e-01
   7.0578568e-01
   3.6193171e-01
   5.9429555e-13
  -3.6193171e-01
  -7.0578568e-01
  -8.6126136e-01
  -7.0578568e-01
  -3.6193171e-01
  -1.1832486e-13
   3.8152375e-01
   7.6372806e-01
   9.4244692e-01
   7.6372806e-01
   3.8152375e-01
   1.1631185e-13
  -3.8152375e-01
  -7.6372806e-01
  -9.4244692e-01
  -7.6372806e-01
  -3.8152375e-01
   4.8054303e-13
   3.6193171e-01
   7.0578568e-01
   8.6126136e-01
   7.0578568e-01
   3.6193171e-01
  -4.3378459e-13
  -3.6193171e-01
  -7.0578568e-01
  -8.6126136e-01
  -7.0578568e-01
  -3.6193171e-01
   2.3763754e-13
   2.8867072e-01
   5.3151993e-01
   6.3210579e-01
   5.3151993e-01
   2.8867072e-01
  -2.3017570e-13
  -2.8867072e-01
  -5.3151993e-01
  -6.3210579e-01
  -5.3151993e-01
  -2.8867072e-01
  -1.2563144e-13
   1.4548297e-01
   2.5527497e-01
   2.9666983e-01
   2.5527497e-01
   1.4548297e-01
   6.6268481e-14
  -1.4548297e-01
  -2.5527497e-01
  -2.9666983e-01
  -2.5527497e-01
  -1.4548297e-01
  -8.7177201e-01
  -8.7751111e-01
  -8.8901123e-01
  -8.9477226e-01
  -8.8901123e-01
  -8.7751111e-01
  -8.7177201e-01
  -8.7751111e-01
  -8.8901123e-01
  -8.9477226e-01
  -8.8901123e-01
  -8.7751111e-01
  -6.1840692e-01
  -6.3843420e-01
  -6.7884158e-01
  -6.9922168e-01
  -6.7884158e-01
  -6.3843420e-01
  -6.1840692e-01
  -6.3843420e-01
  -6.7884158e-01
  -6.9922168e-01
  -6.7884158e-01
  -6.3843420e-01
  -3.0151328e-01
  -3.2149634e-01
  -3.6212741e-01
  -3.8277541e-01
  -3.6212741e-01
  -3.2149634e-01
  -3.0151328e-01
  -3.2149634e-01
  -3.6212741e-01
  -3.8277541e-01
  -3.6212741e-01
  -3.2149634e-01
   1.9941922e-11
   4.0698106e-11
  -1.7245038e-12
  -6.6181945e-11
  -1.7357574e-12
   4.1777053e-11
   1.9951725e-11
   4.0772664e-11
  -1.6993037e-12
  -6.6199733e-11
  -1.6976107e-12
   4.1847821e-11
   3.0151328e-01
   3.2149634e-01
   3.6212741e-01
   3.8277541e-01
   3.6212741e-01
   3.2149634e-01
   3.0151328e-01
   3.2149634e-01
   3.6212741e-01
   3.8277541e-01
   3.6212741e-01
   3.2149634e-01
   6.1840692e-01
   6.3843420e-01
   6.7884158e-01
   6.9922168e-01
   6.7884158e-01
   6.3843420e-01
   6.1840692e-01
   6.3843420e-01
   6.7884158e-01
   6.9922168e-01
   6.7884158e-01
   6.3843420e-01
   8.7177201e-01
   8.7751111e-01
   8.8901123e-01
   8.9477226e-01
   8.8901123e-01
   8.7751111e-01
   8.7177201e-01
   8.7751111e-01
   8.8901123e-01
   8.9477226e-01
   8.8901123e-01
   8.7751111e-01
