   1.2161218e-01
   1.1757721e-01
   1.0568398e-01
   8.6589506e-02
   6.1440194e-02
   3.1884462e-02
   3.4892340e-14
  -3.1884462e-02
  -6.1440194e-02
  -8.6589506e-02
  -1.0568398e-01
  -1.1757721e-01
  -1.2161218e-01
  -1.1757721e-01
  -1.0568398e-01
  -8.6589506e-02
  -6.1440194e-02
  -3.1884462e-02
   3.8631385e-14
   3.1884462e-02
   6.1440194e-02
   8.6589506e-02
   1.0568398e-01
   1.1757721e-01
   2.5797495e-01
   2.5037095e-01
   2.2739272e-01
   1.8894467e-01
   1.3595254e-01
   7.1276838e-02
   3.0617474e-14
  -7.1276838e-02
  -1.3595254e-01
  -1.8894467e-01
  -2.2739272e-01
  -2.5037095e-01
  -2.5797495e-01
  -2.5037095e-01
  -2.2739272e-01
  -1.8894467e-01
  -1.3595254e-01
  -7.1276838e-02
   4.0786550e-14
   7.1276838e-02
   1.3595254e-01
   1.8894467e-01
   2.2739272e-01
   2.5037095e-01
   3.5341640e-01
   3.4539236e-01
   3.1949041e-01
   2.7181846e-01
   2.0003402e-01
   1.0657735e-01
   2.4487485e-14
  -1.0657735e-01
  -2.0003402e-01
  -2.7181846e-01
  -3.1949041e-01
  -3.4539236e-01
  -3.5341640e-01
  -3.4539236e-01
  -3.1949041e-01
  -2.7181846e-01
  -2.0003402e-01
  -1.0657735e-01
   4.2398946e-14
   1.0657735e-01
   2.0003402e-01
   2.7181846e-01
   3.1949041e-01
   3.4539236e-01
   4.0129734e-01
   3.9623705e-01
   3.7624760e-01
   3.3037190e-01
   2.4994090e-01
   1.3569313e-01
   1.6862286e-14
  -1.3569313e-01
  -2.4994090e-01
  -3.3037190e-01
  -3.7624760e-01
  -3.9623705e-01
  -4.0129734e-01
  -3.9623705e-01
  -3.7624760e-01
  -3.3037190e-01
  -2.4994090e-01
  -1.3569313e-01
   4.2562700e-14
   1.3569313e-01
   2.4994090e-01
   3.3037190e-01
   3.7624760e-01
   3.9623705e-01
   4.1211932e-01
   4.1167340e-01
   4.0259844e-01
   3.6585557e-01
   2.8460240e-01
   1.5725969e-01
   1.1125503e-14
  -1.5725969e-01
  -2.8460240e-01
  -3.6585557e-01
  -4.0259844e-01
  -4.1167340e-01
  -4.1211932e-01
  -4.1167340e-01
  -4.0259844e-01
  -3.6585557e-01
  -2.8460240e-01
  -1.5725969e-01
   3.9927545e-14
   1.5725969e-01
   2.8460240e-01
   3.6585557e-01
   4.0259844e-01
   4.1167340e-01
   4.0700992e-01
   4.1022797e-01
   4.1060155e-01
   3.8340365e-01
   3.0463110e-01
   1.7046440e-01
   9.7132948e-15
  -1.7046440e-01
  -3.0463110e-01
  -3.8340365e-01
  -4.1060155e-01
  -4.1022797e-01
  -4.0700992e-01
  -4.1022797e-01
  -4.1060155e-01
  -3.8340365e-01
  -3.0463110e-01
  -1.7046440e-01
   3.4949935e-14
   1.7046440e-01
   3.0463110e-01
   3.8340365e-01
   4.1060155e-01
   4.1022797e-01
   4.0330129e-01
   4.0783192e-01
   4.1176770e-01
   3.8848796e-01
   3.1113475e-01
   1.7490504e-01
   1.4011440e-14
  -1.7490504e-01
  -3.1113475e-01
  -3.8848796e-01
  -4.1176770e-01
  -4.0783192e-01
  -4.0330129e-01
  -4.0783192e-01
  -4.1176770e-01
  -3.8848796e-01
  -3.1113475e-01
  -1.7490504e-01
   2.8951700e-14
   1.7490504e-01
   3.1113475e-01
   3.8848796e-01
   4.1176770e-01
   4.0783192e-01
   4.0700992e-01
   4.1022797e-01
   4.1060155e-01
   3.8340365e-01
   3.0463110e-01
   1.7046440e-01
   2.3274692e-14
  -1.7046440e-01
  -3.0463110e-01
  -3.8340365e-01
  -4.1060155e-01
  -4.1022797e-01
  -4.0700992e-01
  -4.1022797e-01
  -4.1060155e-01
  -3.8340365e-01
  -3.0463110e-01
  -1.7046440e-01
   2.4198443e-14
   1.7046440e-01
   3.0463110e-01
   3.8340365e-01
   4.1060155e-01
   4.1022797e-01
   4.1211932e-01
   4.1167340e-01
   4.0259844e-01
   3.6585557e-01
   2.8460240e-01
   1.5725969e-01
   3.3989876e-14
  -1.5725969e-01
  -2.8460240e-01
  -3.6585557e-01
  -4.0259844e-01
  -4.1167340e-01
  -4.1211932e-01
  -4.1167340e-01
  -4.0259844e-01
  -3.6585557e-01
  -2.8460240e-01
  -1.5725969e-01
   2.2535105e-14
   1.5725969e-01
   2.8460240e-01
   3.6585557e-01
   4.0259844e-01
   4.1167340e-01
   4.0129734e-01
   3.9623705e-01
   3.7624760e-01
   3.3037190e-01
   2.4994090e-01
   1.3569313e-01
   4.2894308e-14
  -1.3569313e-01
  -2.4994090e-01
  -3.3037190e-01
  -3.7624760e-01
  -3.9623705e-01
  -4.0129734e-01
  -3.9623705e-01
  -3.7624760e-01
  -3.3037190e-01
  -2.4994090e-01
  -1.3569313e-01
   2.3722008e-14
   1.3569313e-01
   2.4994090e-01
   3.3037190e-01
   3.7624760e-01
   3.9623705e-01
   3.5341640e-01
   3.4539236e-01
   3.1949041e-01
   2.7181846e-01
   2.0003402e-01
   1.0657735e-01
   4.7407687e-14
  -1.0657735e-01
  -2.0003402e-01
  -2.7181846e-01
  -3.1949041e-01
  -3.4539236e-01
  -3.5341640e-01
  -3.4539236e-01
  -3.1949041e-01
  -2.7181846e-01
  -2.0003402e-01
  -1.0657735e-01
   2.7214444e-14
   1.0657735e-01
   2.0003402e-01
   2.7181846e-01
   3.1949041e-01
   3.4539236e-01
   2.5797495e-01
   2.5037095e-01
   2.2739272e-01
   1.8894467e-01
   1.3595254e-01
   7.1276838e-02
   4.7634765e-14
  -7.1276838e-02
  -1.3595254e-01
  -1.8894467e-01
  -2.2739272e-01
  -2.5037095e-01
  -2.5797495e-01
  -2.5037095e-01
  -2.2739272e-01
  -1.8894467e-01
  -1.3595254e-01
  -7.1276838e-02
   3.1877609e-14
   7.1276838e-02
   1.3595254e-01
   1.8894467e-01
   2.2739272e-01
   2.5037095e-01
   1.2161218e-01
   1.1757721e-01
   1.0568398e-01
   8.6589506e-02
   6.1440194e-02
   3.1884462e-02
   4.4484496e-14
  -3.1884462e-02
  -6.1440194e-02
  -8.6589506e-02
  -1.0568398e-01
  -1.1757721e-01
  -1.2161218e-01
  -1.1757721e-01
  -1.0568398e-01
  -8.6589506e-02
  -6.1440194e-02
  -3.1884462e-02
   3.6973658e-14
   3.1884462e-02
   6.1440194e-02
   8.6589506e-02
   1.0568398e-01
   1.1757721e-01
   9.5594373e-15
   4.4415925e-02
   8.5906413e-02
   1.2168651e-01
   1.4927638e-01
   1.6669391e-01
   1.7264931e-01
   1.6669391e-01
   1.4927638e-01
   1.2168651e-01
   8.5906413e-02
   4.4415925e-02
  -4.6355748e-16
  -4.4415925e-02
  -8.5906413e-02
  -1.2168651e-01
  -1.4927638e-01
  -1.6669391e-01
  -1.7264931e-01
  -1.6669391e-01
  -1.4927638e-01
  -1.2168651e-01
  -8.5906413e-02
  -4.4415925e-02
  -3.9295546e-15
   9.7281676e-02
   1.8904934e-01
   2.6952389e-01
   3.3277939e-01
   3.7338247e-01
   3.8740043e-01
   3.7338247e-01
   3.3277939e-01
   2.6952389e-01
   1.8904934e-01
   9.7281676e-02
  -7.9384735e-15
  -9.7281676e-02
  -1.8904934e-01
  -2.6952389e-01
  -3.3277939e-01
  -3.7338247e-01
  -3.8740043e-01
  -3.7338247e-01
  -3.3277939e-01
  -2.6952389e-01
  -1.8904934e-01
  -9.7281676e-02
  -3.2237858e-14
   1.4075882e-01
   2.7570417e-01
   3.9719608e-01
   4.9544883e-01
   5.6005935e-01
   5.8268800e-01
   5.6005935e-01
   4.9544883e-01
   3.9719608e-01
   2.7570417e-01
   1.4075882e-01
   3.6532640e-15
  -1.4075882e-01
  -2.7570417e-01
  -3.9719608e-01
  -4.9544883e-01
  -5.6005935e-01
  -5.8268800e-01
  -5.6005935e-01
  -4.9544883e-01
  -3.9719608e-01
  -2.7570417e-01
  -1.4075882e-01
  -6.3176039e-14
   1.7216097e-01
   3.4061508e-01
   4.9712760e-01
   6.2767588e-01
   7.1565182e-01
   7.4692739e-01
   7.1565182e-01
   6.2767588e-01
   4.9712760e-01
   3.4061508e-01
   1.7216097e-01
   4.0243740e-14
  -1.7216097e-01
  -3.4061508e-01
  -4.9712760e-01
  -6.2767588e-01
  -7.1565182e-01
  -7.4692739e-01
  -7.1565182e-01
  -6.2767588e-01
  -4.9712760e-01
  -3.4061508e-01
  -1.7216097e-01
  -8.4735047e-14
   1.9188825e-01
   3.8341294e-01
   5.6681065e-01
   7.2408431e-01
   8.3217198e-01
   8.7106595e-01
   8.3217198e-01
   7.2408431e-01
   5.6681065e-01
   3.8341294e-01
   1.9188825e-01
   9.0397879e-14
  -1.9188825e-01
  -3.8341294e-01
  -5.6681065e-01
  -7.2408431e-01
  -8.3217198e-01
  -8.7106595e-01
  -8.3217198e-01
  -7.2408431e-01
  -5.6681065e-01
  -3.8341294e-01
  -1.9188825e-01
  -9.1930585e-14
   2.0216090e-01
   4.0691323e-01
   6.0719469e-01
   7.8230835e-01
   9.0416546e-01
   9.4834755e-01
   9.0416546e-01
   7.8230835e-01
   6.0719469e-01
   4.0691323e-01
   2.0216090e-01
   1.3087146e-13
  -2.0216090e-01
  -4.0691323e-01
  -6.0719469e-01
  -7.8230835e-01
  -9.0416546e-01
  -9.4834755e-01
  -9.0416546e-01
  -7.8230835e-01
  -6.0719469e-01
  -4.0691323e-01
  -2.0216090e-01
  -8.8049904e-14
   2.0525240e-01
   4.1430111e-01
   6.2033350e-01
   8.0173109e-01
   9.2850130e-01
   9.7458168e-01
   9.2850130e-01
   8.0173109e-01
   6.2033350e-01
   4.1430111e-01
   2.0525240e-01
   1.4116937e-13
  -2.0525240e-01
  -4.1430111e-01
  -6.2033350e-01
  -8.0173109e-01
  -9.2850130e-01
  -9.7458168e-01
  -9.2850130e-01
  -8.0173109e-01
  -6.2033350e-01
  -4.1430111e-01
  -2.0525240e-01
  -7.9014309e-14
   2.0216090e-01
   4.0691323e-01
   6.0719469e-01
   7.8230835e-01
   9.0416546e-01
   9.4834755e-01
   9.0416546e-01
   7.8230835e-01
   6.0719469e-01
   4.0691323e-01
   2.0216090e-01
   1.1713046e-13
  -2.0216090e-01
  -4.0691323e-01
  -6.0719469e-01
  -7.8230835e-01
  -9.0416546e-01
  -9.4834755e-01
  -9.0416546e-01
  -7.8230835e-01
  -6.0719469e-01
  -4.0691323e-01
  -2.0216090e-01
  -6.7156060e-14
   1.9188825e-01
   3.8341294e-01
   5.6681065e-01
   7.2408431e-01
   8.3217198e-01
   8.7106595e-01
   8.3217198e-01
   7.2408431e-01
   5.6681065e-01
   3.8341294e-01
   1.9188825e-01
   7.1353027e-14
  -1.9188825e-01
  -3.8341294e-01
  -5.6681065e-01
  -7.2408431e-01
  -8.3217198e-01
  -8.7106595e-01
  -8.3217198e-01
  -7.2408431e-01
  -5.6681065e-01
  -3.8341294e-01
  -1.9188825e-01
  -5.1333539e-14
   1.7216097e-01
   3.4061508e-01
   4.9712760e-01
   6.2767588e-01
   7.1565182e-01
   7.4692739e-01
   7.1565182e-01
   6.2767588e-01
   4.9712760e-01
   3.4061508e-01
   1.7216097e-01
   2.6376859e-14
  -1.7216097e-01
  -3.4061508e-01
  -4.9712760e-01
  -6.2767588e-01
  -7.1565182e-01
  -7.4692739e-01
  -7.1565182e-01
  -6.2767588e-01
  -4.9712760e-01
  -3.4061508e-01
  -1.7216097e-01
  -3.1259780e-14
   1.4075882e-01
   2.7570417e-01
   3.9719608e-01
   4.9544883e-01
   5.6005935e-01
   5.8268800e-01
   5.6005935e-01
   4.9544883e-01
   3.9719608e-01
   2.7570417e-01
   1.4075882e-01
   1.3928205e-16
  -1.4075882e-01
  -2.7570417e-01
  -3.9719608e-01
  -4.9544883e-01
  -5.6005935e-01
  -5.8268800e-01
  -5.6005935e-01
  -4.9544883e-01
  -3.9719608e-01
  -2.7570417e-01
  -1.4075882e-01
  -1.0320676e-14
   9.7281676e-02
   1.8904934e-01
   2.6952389e-01
   3.3277939e-01
   3.7338247e-01
   3.8740043e-01
   3.7338247e-01
   3.3277939e-01
   2.6952389e-01
   1.8904934e-01
   9.7281676e-02
  -4.3739466e-15
  -9.7281676e-02
  -1.8904934e-01
  -2.6952389e-01
  -3.3277939e-01
  -3.7338247e-01
  -3.8740043e-01
  -3.7338247e-01
  -3.3277939e-01
  -2.6952389e-01
  -1.8904934e-01
  -9.7281676e-02
   3.7515763e-15
   4.4415925e-02
   8.5906413e-02
   1.2168651e-01
   1.4927638e-01
   1.6669391e-01
   1.7264931e-01
   1.6669391e-01
   1.4927638e-01
   1.2168651e-01
   8.5906413e-02
   4.4415925e-02
   2.5159972e-15
  -4.4415925e-02
  -8.5906413e-02
  -1.2168651e-01
  -1.4927638e-01
  -1.6669391e-01
  -1.7264931e-01
  -1.6669391e-01
  -1.4927638e-01
  -1.2168651e-01
  -8.5906413e-02
  -4.4415925e-02
  -9.5298417e-01
  -9.5339612e-01
  -9.5452331e-01
  -9.5606729e-01
  -9.5761640e-01
  -9.5875387e-01
  -9.5917096e-01
  -9.5875387e-01
  -9.5761640e-01
  -9.5606729e-01
  -9.5452331e-01
  -9.5339612e-01
  -9.5298417e-01
  -9.5339612e-01
  -9.5452331e-01
  -9.5606729e-01
  -9.5761640e-01
  -9.5875387e-01
  -9.5917096e-01
  -9.5875387e-01
  -9.5761640e-01
  -9.5606729e-01
  -9.5452331e-01
  -9.5339612e-01
  -8.6577349e-01
  -8.6765442e-01
  -8.7280542e-01
  -8.7988305e-01
  -8.8703118e-01
  -8.9232594e-01
  -8.9428012e-01
  -8.9232594e-01
  -8.8703118e-01
  -8.7988305e-01
  -8.7280542e-01
  -8.6765442e-01
  -8.6577349e-01
  -8.6765442e-01
  -8.7280542e-01
  -8.7988305e-01
  -8.8703118e-01
  -8.9232594e-01
  -8.9428012e-01
  -8.9232594e-01
  -8.8703118e-01
  -8.7988305e-01
  -8.7280542e-01
  -8.6765442e-01
  -7.2541787e-01
  -7.2913476e-01
  -7.3926895e-01
  -7.5309554e-01
  -7.6700686e-01
  -7.7735968e-01
  -7.8121045e-01
  -7.7735968e-01
  -7.6700686e-01
  -7.5309554e-01
  -7.3926895e-01
  -7.2913476e-01
  -7.2541787e-01
  -7.2913476e-01
  -7.3926895e-01
  -7.5309554e-01
  -7.6700686e-01
  -7.7735968e-01
  -7.8121045e-01
  -7.7735968e-01
  -7.6700686e-01
  -7.5309554e-01
  -7.3926895e-01
  -7.2913476e-01
  -5.5257598e-01
  -5.5750512e-01
  -5.7095981e-01
  -5.8924548e-01
  -6.0746295e-01
  -6.2097497e-01
  -6.2602962e-01
  -6.2097497e-01
  -6.0746295e-01
  -5.8924548e-01
  -5.7095981e-01
  -5.5750512e-01
  -5.5257598e-01
  -5.5750512e-01
  -5.7095981e-01
  -5.8924548e-01
  -6.0746295e-01
  -6.2097497e-01
  -6.2602962e-01
  -6.2097497e-01
  -6.0746295e-01
  -5.8924548e-01
  -5.7095981e-01
  -5.5750512e-01
  -3.6736750e-01
  -3.7202539e-01
  -3.8478589e-01
  -4.0223312e-01
  -4.1955181e-01
  -4.3231262e-01
  -4.3709939e-01
  -4.3231262e-01
  -4.1955181e-01
  -4.0223312e-01
  -3.8478589e-01
  -3.7202539e-01
  -3.6736750e-01
  -3.7202539e-01
  -3.8478589e-01
  -4.0223312e-01
  -4.1955181e-01
  -4.3231262e-01
  -4.3709939e-01
  -4.3231262e-01
  -4.1955181e-01
  -4.0223312e-01
  -3.8478589e-01
  -3.7202539e-01
  -1.8213322e-01
  -1.8498673e-01
  -1.9274094e-01
  -2.0337056e-01
  -2.1394160e-01
  -2.2169395e-01
  -2.2460421e-01
  -2.2169395e-01
  -2.1394160e-01
  -2.0337056e-01
  -1.9274094e-01
  -1.8498673e-01
  -1.8213322e-01
  -1.8498673e-01
  -1.9274094e-01
  -2.0337056e-01
  -2.1394160e-01
  -2.2169395e-01
  -2.2460421e-01
  -2.2169395e-01
  -2.1394160e-01
  -2.0337056e-01
  -1.9274094e-01
  -1.8498673e-01
   1.7017277e-11
   1.4943840e-11
   9.0876944e-12
   4.0373165e-13
  -9.3915280e-12
  -1.7053032e-11
  -1.9853343e-11
  -1.7067621e-11
  -9.4012685e-12
   4.1735438e-13
   9.1220054e-12
   1.4975966e-11
   1.7024618e-11
   1.4954770e-11
   9.1007260e-12
   4.1752900e-13
  -9.3784450e-12
  -1.7041181e-11
  -1.9843253e-11
  -1.7059181e-11
  -9.3947836e-12
   4.2153106e-13
   9.1228798e-12
   1.4972998e-11
   1.8213322e-01
   1.8498673e-01
   1.9274094e-01
   2.0337056e-01
   2.1394160e-01
   2.2169395e-01
   2.2460421e-01
   2.2169395e-01
   2.1394160e-01
   2.0337056e-01
   1.9274094e-01
   1.8498673e-01
   1.8213322e-01
   1.8498673e-01
   1.9274094e-01
   2.0337056e-01
   2.1394160e-01
   2.2169395e-01
   2.2460421e-01
   2.2169395e-01
   2.1394160e-01
   2.0337056e-01
   1.9274094e-01
   1.8498673e-01
   3.6736750e-01
   3.7202539e-01
   3.8478589e-01
   4.0223312e-01
   4.1955181e-01
   4.3231262e-01
   4.3709939e-01
   4.3231262e-01
   4.1955181e-01
   4.0223312e-01
   3.8478589e-01
   3.7202539e-01
   3.6736750e-01
   3.7202539e-01
   3.8478589e-01
   4.0223312e-01
   4.1955181e-01
   4.3231262e-01
   4.3709939e-01
   4.3231262e-01
   4.1955181e-01
   4.0223312e-01
   3.8478589e-01
   3.7202539e-01
   5.5257598e-01
   5.5750512e-01
   5.7095981e-01
   5.8924548e-01
   6.0746295e-01
   6.2097497e-01
   6.2602962e-01
   6.2097497e-01
   6.0746295e-01
   5.8924548e-01
   5.7095981e-01
   5.5750512e-01
   5.5257598e-01
   5.5750512e-01
   5.7095981e-01
   5.8924548e-01
   6.0746295e-01
   6.2097497e-01
   6.2602962e-01
   6.2097497e-01
   6.0746295e-01
   5.8924548e-01
   5.7095981e-01
   5.5750512e-01
   7.2541787e-01
   7.2913476e-01
   7.3926896e-01
   7.5309554e-01
   7.6700686e-01
   7.7735968e-01
   7.8121045e-01
   7.7735968e-01
   7.6700686e-01
   7.5309554e-01
   7.3926896e-01
   7.2913476e-01
   7.2541787e-01
   7.2913476e-01
   7.3926896e-01
   7.5309554e-01
   7.6700686e-01
   7.7735968e-01
   7.8121045e-01
   7.7735968e-01
   7.6700686e-01
   7.5309554e-01
   7.3926896e-01
   7.2913476e-01
   8.6577349e-01
   8.6765442e-01
   8.7280542e-01
   8.7988305e-01
   8.8703118e-01
   8.9232594e-01
   8.9428012e-01
   8.9232594e-01
   8.8703118e-01
   8.7988305e-01
   8.7280542e-01
   8.6765442e-01
   8.6577349e-01
   8.6765442e-01
   8.7280542e-01
   8.7988305e-01
   8.8703118e-01
   8.9232594e-01
   8.9428012e-01
   8.9232594e-01
   8.8703118e-01
   8.7988305e-01
   8.7280542e-01
   8.6765442e-01
   9.5298417e-01
   9.5339612e-01
   9.5452331e-01
   9.5606729e-01
   9.5761640e-01
   9.5875387e-01
   9.5917096e-01
   9.5875387e-01
   9.5761640e-01
   9.5606729e-01
   9.5452331e-01
   9.5339612e-01
   9.5298417e-01
   9.5339612e-01
   9.5452331e-01
   9.5606729e-01
   9.5761640e-01
   9.5875387e-01
   9.5917096e-01
   9.5875387e-01
   9.5761640e-01
   9.5606729e-01
   9.5452331e-01
   9.5339612e-01
