   2.4726066e-01
   2.1525011e-01
   1.2556333e-01
  -1.9725182e-14
  -1.2556333e-01
  -2.1525011e-01
  -2.4726066e-01
  -2.1525011e-01
  -1.2556333e-01
   6.2730314e-16
   1.2556333e-01
   2.1525011e-01
   4.8785009e-01
   4.3328920e-01
   2.6262271e-01
  -1.2225457e-14
  -2.6262271e-01
  -4.3328920e-01
  -4.8785009e-01
  -4.3328920e-01
  -2.6262271e-01
   1.9062461e-15
   2.6262271e-01
   4.3328920e-01
   6.0638352e-01
   5.5246717e-01
   3.5048910e-01
   6.2618967e-14
  -3.5048910e-01
  -5.5246717e-01
  -6.0638352e-01
  -5.5246717e-01
  -3.5048910e-01
   3.7257392e-14
   3.5048910e-01
   5.5246717e-01
   6.3623770e-01
   5.8680467e-01
   3.8009297e-01
   1.2305630e-13
  -3.8009297e-01
  -5.8680467e-01
  -6.3623770e-01
  -5.8680467e-01
  -3.8009297e-01
   5.9599534e-14
   3.8009297e-01
   5.8680467e-01
   6.0638352e-01
   5.5246717e-01
   3.5048910e-01
   9.5253142e-14
  -3.5048910e-01
  -5.5246717e-01
  -6.0638352e-01
  -5.5246717e-01
  -3.5048910e-01
   1.2948338e-14
   3.5048910e-01
   5.5246717e-01
   4.8785009e-01
   4.3328920e-01
   2.6262271e-01
   3.6725957e-14
  -2.6262271e-01
  -4.3328920e-01
  -4.8785009e-01
  -4.3328920e-01
  -2.6262271e-01
  -4.2595731e-14
   2.6262271e-01
   4.3328920e-01
   2.4726066e-01
   2.1525011e-01
   1.2556333e-01
   1.0080620e-14
  -1.2556333e-01
  -2.1525011e-01
  -2.4726066e-01
  -2.1525011e-01
  -1.2556333e-01
  -3.5205585e-14
   1.2556333e-01
   2.1525011e-01
  -3.9561612e-15
   1.5452803e-01
   2.6942337e-01
   3.1212701e-01
   2.6942337e-01
   1.5452803e-01
   5.5404734e-16
  -1.5452803e-01
  -2.6942337e-01
  -3.1212701e-01
  -2.6942337e-01
  -1.5452803e-01
  -3.9944250e-14
   3.1761212e-01
   5.6725327e-01
   6.6490266e-01
   5.6725327e-01
   3.1761212e-01
   7.0171803e-15
  -3.1761212e-01
  -5.6725327e-01
  -6.6490266e-01
  -5.6725327e-01
  -3.1761212e-01
  -5.8122117e-14
   4.1537347e-01
   7.6274048e-01
   9.0574728e-01
   7.6274048e-01
   4.1537347e-01
   7.4646824e-14
  -4.1537347e-01
  -7.6274048e-01
  -9.0574728e-01
  -7.6274048e-01
  -4.1537347e-01
  -5.8014135e-14
   4.4640079e-01
   8.2988929e-01
   9.9103392e-01
   8.2988929e-01
   4.4640079e-01
   1.3266676e-13
  -4.4640079e-01
  -8.2988929e-01
  -9.9103392e-01
  -8.2988929e-01
  -4.4640079e-01
  -5.0809985e-14
   4.1537347e-01
   7.6274048e-01
   9.0574728e-01
   7.6274048e-01
   4.1537347e-01
   9.5406243e-14
  -4.1537347e-01
  -7.6274048e-01
  -9.0574728e-01
  -7.6274048e-01
  -4.1537347e-01
  -2.2196377e-14
   3.1761212e-01
   5.6725327e-01
   6.6490266e-01
   5.6725327e-01
   3.1761212e-01
   1.6651439e-14
  -3.1761212e-01
  -5.6725327e-01
  -6.6490266e-01
  -5.6725327e-01
  -3.1761212e-01
   9.2116061e-15
   1.5452803e-01
   2.6942337e-01
   3.1212701e-01
   2.6942337e-01
   1.5452803e-01
  -5.6776181e-15
  -1.5452803e-01
  -2.6942337e-01
  -3.1212701e-01
  -2.6942337e-01
  -1.5452803e-01
  -9.2825918e-01
  -9.3134369e-01
  -9.3751316e-01
  -9.4059812e-01
  -9.3751316e-01
  -9.3134369e-01
  -9.2825918e-01
  -9.3134369e-01
  -9.3751316e-01
  -9.4059812e-01
  -9.3751316e-01
  -9.3134369e-01
  -6.9115124e-01
  -7.0208045e-01
  -7.2394619e-01
  -7.3488270e-01
  -7.2394619e-01
  -7.0208045e-01
  -6.9115124e-01
  -7.0208045e-01
  -7.2394619e-01
  -7.3488270e-01
  -7.2394619e-01
  -7.0208045e-01
  -3.5780911e-01
  -3.6890158e-01
  -3.9110026e-01
  -4.0220649e-01
  -3.9110026e-01
  -3.6890158e-01
  -3.5780911e-01
  -3.6890158e-01
  -3.9110026e-01
  -4.0220649e-01
  -3.9110026e-01
  -3.6890158e-01
   2.6368892e-11
  -6.5757244e-12
  -2.1539597e-11
  -3.4254748e-12
  -2.1476232e-11
  -6.4646579e-12
   2.6371303e-11
  -6.5414739e-12
  -2.1516422e-11
  -3.4602764e-12
  -2.1525630e-11
  -6.4750452e-12
   3.5780911e-01
   3.6890158e-01
   3.9110026e-01
   4.0220649e-01
   3.9110026e-01
   3.6890158e-01
   3.5780911e-01
   3.6890158e-01
   3.9110026e-01
   4.0220649e-01
   3.9110026e-01
   3.6890158e-01
   6.9115124e-01
   7.0208045e-01
   7.2394619e-01
   7.3488270e-01
   7.2394619e-01
   7.0208045e-01
   6.9115124e-01
   7.0208045e-01
   7.2394619e-01
   7.3488270e-01
   7.2394619e-01
   7.0208045e-01
   9.2825918e-01
   9.3134369e-01
   9.3751316e-01
   9.4059812e-01
   9.3751316e-01
   9.3134369e-01
   9.2825918e-01
   9.3134369e-01
   9.3751316e-01
   9.4059812e-01
   9.3751316e-01
   9.3134369e-01
