   2.0991733e-01
   1.8377345e-01
   1.0838734e-01
   3.2716617e-14
  -1.0838734e-01
  -1.8377345e-01
  -2.0991733e-01
  -1.8377345e-01
  -1.0838734e-01
   3.9856222e-14
   1.0838734e-01
   1.8377345e-01
   3.7821448e-01
   3.4670044e-01
   2.2227580e-01
   2.1489332e-14
  -2.2227580e-01
  -3.4670044e-01
  -3.7821448e-01
  -3.4670044e-01
  -2.2227580e-01
   4.2859118e-14
   2.2227580e-01
   3.4670044e-01
   4.1198990e-01
   4.0527425e-01
   2.8990702e-01
   1.0055558e-14
  -2.8990702e-01
  -4.0527425e-01
  -4.1198990e-01
  -4.0527425e-01
  -2.8990702e-01
   3.9438587e-14
   2.8990702e-01
   4.0527425e-01
   4.0243971e-01
   4.1205925e-01
   3.1117584e-01
   1.3815211e-14
  -3.1117584e-01
  -4.1205925e-01
  -4.0243971e-01
  -4.1205925e-01
  -3.1117584e-01
   2.9154929e-14
   3.1117584e-01
   4.1205925e-01
   4.1198990e-01
   4.0527425e-01
   2.8990702e-01
   3.1872990e-14
  -2.8990702e-01
  -4.0527425e-01
  -4.1198990e-01
  -4.0527425e-01
  -2.8990702e-01
   2.2486691e-14
   2.8990702e-01
   4.0527425e-01
   3.7821448e-01
   3.4670044e-01
   2.2227580e-01
   4.6211830e-14
  -2.2227580e-01
  -3.4670044e-01
  -3.7821448e-01
  -3.4670044e-01
  -2.2227580e-01
   2.5610309e-14
   2.2227580e-01
   3.4670044e-01
   2.0991733e-01
   1.8377345e-01
   1.0838734e-01
   4.6572670e-14
  -1.0838734e-01
  -1.8377345e-01
  -2.0991733e-01
  -1.8377345e-01
  -1.0838734e-01
   3.3783187e-14
   1.0838734e-01
   1.8377345e-01
   3.2960685e-15
   1.5116334e-01
   2.6445656e-01
   3.0688920e-01
   2.6445656e-01
   1.5116334e-01
  -6.5932481e-15
  -1.5116334e-01
  -2.6445656e-01
  -3.0688920e-01
  -2.6445656e-01
  -1.5116334e-01
  -4.5408974e-14
   3.0483977e-01
   5.5343200e-01
   6.5374803e-01
   5.5343200e-01
   3.0483977e-01
   1.5958324e-14
  -3.0483977e-01
  -5.5343200e-01
  -6.5374803e-01
  -5.5343200e-01
  -3.0483977e-01
  -8.7551055e-14
   3.8962996e-01
   7.3907428e-01
   8.9055672e-01
   7.3907428e-01
   3.8962996e-01
   1.0047298e-13
  -3.8962996e-01
  -7.3907428e-01
  -8.9055672e-01
  -7.3907428e-01
  -3.8962996e-01
  -8.8597021e-14
   4.1434083e-01
   8.0173299e-01
   9.7441510e-01
   8.0173299e-01
   4.1434083e-01
   1.4154615e-13
  -4.1434083e-01
  -8.0173299e-01
  -9.7441510e-01
  -8.0173299e-01
  -4.1434083e-01
  -6.9832476e-14
   3.8962996e-01
   7.3907428e-01
   8.9055672e-01
   7.3907428e-01
   3.8962996e-01
   8.1408355e-14
  -3.8962996e-01
  -7.3907428e-01
  -8.9055672e-01
  -7.3907428e-01
  -3.8962996e-01
  -3.9828526e-14
   3.0483977e-01
   5.5343200e-01
   6.5374803e-01
   5.5343200e-01
   3.0483977e-01
   8.0928582e-15
  -3.0483977e-01
  -5.5343200e-01
  -6.5374803e-01
  -5.5343200e-01
  -3.0483977e-01
  -3.7119637e-15
   1.5116334e-01
   2.6445656e-01
   3.0688920e-01
   2.6445656e-01
   1.5116334e-01
  -2.3074589e-15
  -1.5116334e-01
  -2.6445656e-01
  -3.0688920e-01
  -2.6445656e-01
  -1.5116334e-01
  -9.0649615e-01
  -9.1107839e-01
  -9.2024500e-01
  -9.2482937e-01
  -9.2024500e-01
  -9.1107839e-01
  -9.0649615e-01
  -9.1107839e-01
  -9.2024500e-01
  -9.2482937e-01
  -9.2024500e-01
  -9.1107839e-01
  -6.5763831e-01
  -6.7385315e-01
  -7.0631706e-01
  -7.2256612e-01
  -7.0631706e-01
  -6.7385315e-01
  -6.5763831e-01
  -6.7385315e-01
  -7.0631706e-01
  -7.2256612e-01
  -7.0631706e-01
  -6.7385315e-01
  -3.2960524e-01
  -3.4603858e-01
  -3.7896976e-01
  -3.9546761e-01
  -3.7896976e-01
  -3.4603858e-01
  -3.2960524e-01
  -3.4603858e-01
  -3.7896976e-01
  -3.9546761e-01
  -3.7896976e-01
  -3.4603858e-01
   1.7723696e-11
   1.0169910e-11
  -8.1702270e-12
  -1.9291675e-11
  -8.1800146e-12
   1.0204412e-11
   1.7731116e-11
   1.0182983e-11
  -8.1571055e-12
  -1.9281681e-11
  -8.1735239e-12
   1.0205196e-11
   3.2960524e-01
   3.4603858e-01
   3.7896976e-01
   3.9546761e-01
   3.7896976e-01
   3.4603858e-01
   3.2960524e-01
   3.4603858e-01
   3.7896976e-01
   3.9546761e-01
   3.7896976e-01
   3.4603858e-01
   6.5763831e-01
   6.7385315e-01
   7.0631706e-01
   7.2256612e-01
   7.0631706e-01
   6.7385315e-01
   6.5763831e-01
   6.7385315e-01
   7.0631706e-01
   7.2256612e-01
   7.0631706e-01
   6.7385315e-01
   9.0649615e-01
   9.1107839e-01
   9.2024500e-01
   9.2482937e-01
   9.2024500e-01
   9.1107839e-01
   9.0649615e-01
   9.1107839e-01
   9.2024500e-01
   9.2482937e-01
   9.2024500e-01
   9.1107839e-01
