   1.4107183e-01
   1.3632481e-01
   1.2237223e-01
   1.0008030e-01
   7.0883375e-02
   3.6735892e-02
  -1.2323059e-14
  -3.6735892e-02
  -7.0883375e-02
  -1.0008030e-01
  -1.2237223e-01
  -1.3632481e-01
  -1.4107183e-01
  -1.3632481e-01
  -1.2237223e-01
  -1.0008030e-01
  -7.0883375e-02
  -3.6735892e-02
   8.5491569e-16
   3.6735892e-02
   7.0883375e-02
   1.0008030e-01
   1.2237223e-01
   1.3632481e-01
   3.0820424e-01
   2.9837371e-01
   2.6916019e-01
   2.2160715e-01
   1.5800371e-01
   8.2284307e-02
  -2.3311562e-14
  -8.2284307e-02
  -1.5800371e-01
  -2.2160715e-01
  -2.6916019e-01
  -2.9837371e-01
  -3.0820424e-01
  -2.9837371e-01
  -2.6916019e-01
  -2.2160715e-01
  -1.5800371e-01
  -8.2284307e-02
  -6.5807798e-16
   8.2284307e-02
   1.5800371e-01
   2.2160715e-01
   2.6916019e-01
   2.9837371e-01
   4.4390373e-01
   4.3105821e-01
   3.9205981e-01
   3.2634566e-01
   2.3517783e-01
   1.2341859e-01
  -2.0282435e-14
  -1.2341859e-01
  -2.3517783e-01
  -3.2634566e-01
  -3.9205981e-01
  -4.3105821e-01
  -4.4390373e-01
  -4.3105821e-01
  -3.9205981e-01
  -3.2634566e-01
  -2.3517783e-01
  -1.2341859e-01
  -7.5296596e-16
   1.2341859e-01
   2.3517783e-01
   3.2634566e-01
   3.9205981e-01
   4.3105821e-01
   5.3991811e-01
   5.2633880e-01
   4.8369169e-01
   4.0805784e-01
   2.9782151e-01
   1.5769694e-01
   6.6778422e-15
  -1.5769694e-01
  -2.9782151e-01
  -4.0805784e-01
  -4.8369169e-01
  -5.2633880e-01
  -5.3991811e-01
  -5.2633880e-01
  -4.8369169e-01
  -4.0805784e-01
  -2.9782151e-01
  -1.5769694e-01
   1.0164887e-14
   1.5769694e-01
   2.9782151e-01
   4.0805784e-01
   4.8369169e-01
   5.2633880e-01
   5.9837258e-01
   5.8562674e-01
   5.4378792e-01
   4.6485702e-01
   3.4341847e-01
   1.8336078e-01
   5.2611042e-14
  -1.8336078e-01
  -3.4341847e-01
  -4.6485702e-01
  -5.4378792e-01
  -5.8562674e-01
  -5.9837258e-01
  -5.8562674e-01
  -5.4378792e-01
  -4.6485702e-01
  -3.4341847e-01
  -1.8336078e-01
   3.2288209e-14
   1.8336078e-01
   3.4341847e-01
   4.6485702e-01
   5.4378792e-01
   5.8562674e-01
   6.2767438e-01
   6.1612059e-01
   5.7654690e-01
   4.9769122e-01
   3.7091700e-01
   1.9921359e-01
   9.8108615e-14
  -1.9921359e-01
  -3.7091700e-01
  -4.9769122e-01
  -5.7654690e-01
  -6.1612059e-01
  -6.2767438e-01
  -6.1612059e-01
  -5.7654690e-01
  -4.9769122e-01
  -3.7091700e-01
  -1.9921359e-01
   5.4341414e-14
   1.9921359e-01
   3.7091700e-01
   4.9769122e-01
   5.7654690e-01
   6.1612059e-01
   6.3629394e-01
   6.2526743e-01
   5.8678638e-01
   5.0835629e-01
   3.8008305e-01
   2.0457147e-01
   1.2265581e-13
  -2.0457147e-01
  -3.8008305e-01
  -5.0835629e-01
  -5.8678638e-01
  -6.2526743e-01
  -6.3629394e-01
  -6.2526743e-01
  -5.8678638e-01
  -5.0835629e-01
  -3.8008305e-01
  -2.0457147e-01
   5.9727766e-14
   2.0457147e-01
   3.8008305e-01
   5.0835629e-01
   5.8678638e-01
   6.2526743e-01
   6.2767438e-01
   6.1612059e-01
   5.7654690e-01
   4.9769122e-01
   3.7091700e-01
   1.9921359e-01
   1.1724408e-13
  -1.9921359e-01
  -3.7091700e-01
  -4.9769122e-01
  -5.7654690e-01
  -6.1612059e-01
  -6.2767438e-01
  -6.1612059e-01
  -5.7654690e-01
  -4.9769122e-01
  -3.7091700e-01
  -1.9921359e-01
   4.0597143e-14
   1.9921359e-01
   3.7091700e-01
   4.9769122e-01
   5.7654690e-01
   6.1612059e-01
   5.9837258e-01
   5.8562674e-01
   5.4378792e-01
   4.6485702e-01
   3.4341847e-01
   1.8336078e-01
   8.8711344e-14
  -1.8336078e-01
  -3.4341847e-01
  -4.6485702e-01
  -5.4378792e-01
  -5.8562674e-01
  -5.9837258e-01
  -5.8562674e-01
  -5.4378792e-01
  -4.6485702e-01
  -3.4341847e-01
  -1.8336078e-01
   4.8142093e-15
   1.8336078e-01
   3.4341847e-01
   4.6485702e-01
   5.4378792e-01
   5.8562674e-01
   5.3991811e-01
   5.2633880e-01
   4.8369169e-01
   4.0805784e-01
   2.9782151e-01
   1.5769694e-01
   5.4126666e-14
  -1.5769694e-01
  -2.9782151e-01
  -4.0805784e-01
  -4.8369169e-01
  -5.2633880e-01
  -5.3991811e-01
  -5.2633880e-01
  -4.8369169e-01
  -4.0805784e-01
  -2.9782151e-01
  -1.5769694e-01
  -2.9645128e-14
   1.5769694e-01
   2.9782151e-01
   4.0805784e-01
   4.8369169e-01
   5.2633880e-01
   4.4390373e-01
   4.3105821e-01
   3.9205981e-01
   3.2634566e-01
   2.3517783e-01
   1.2341859e-01
   2.8264400e-14
  -1.2341859e-01
  -2.3517783e-01
  -3.2634566e-01
  -3.9205981e-01
  -4.3105821e-01
  -4.4390373e-01
  -4.3105821e-01
  -3.9205981e-01
  -3.2634566e-01
  -2.3517783e-01
  -1.2341859e-01
  -4.6852683e-14
   1.2341859e-01
   2.3517783e-01
   3.2634566e-01
   3.9205981e-01
   4.3105821e-01
   3.0820424e-01
   2.9837372e-01
   2.6916019e-01
   2.2160715e-01
   1.5800371e-01
   8.2284307e-02
   1.3946130e-14
  -8.2284307e-02
  -1.5800371e-01
  -2.2160715e-01
  -2.6916019e-01
  -2.9837372e-01
  -3.0820424e-01
  -2.9837372e-01
  -2.6916019e-01
  -2.2160715e-01
  -1.5800371e-01
  -8.2284307e-02
  -4.1772554e-14
   8.2284307e-02
   1.5800371e-01
   2.2160715e-01
   2.6916019e-01
   2.9837372e-01
   1.4107183e-01
   1.3632481e-01
   1.2237223e-01
   1.0008030e-01
   7.0883375e-02
   3.6735892e-02
   3.0475891e-15
  -3.6735892e-02
  -7.0883375e-02
  -1.0008030e-01
  -1.2237223e-01
  -1.3632481e-01
  -1.4107183e-01
  -1.3632481e-01
  -1.2237223e-01
  -1.0008030e-01
  -7.0883375e-02
  -3.6735892e-02
  -2.3201718e-14
   3.6735892e-02
   7.0883375e-02
   1.0008030e-01
   1.2237223e-01
   1.3632481e-01
   4.7948484e-15
   4.5263978e-02
   8.7510350e-02
   1.2388795e-01
   1.5188999e-01
   1.6954106e-01
   1.7557103e-01
   1.6954106e-01
   1.5188999e-01
   1.2388795e-01
   8.7510350e-02
   4.5263978e-02
   5.4252714e-15
  -4.5263978e-02
  -8.7510350e-02
  -1.2388795e-01
  -1.5188999e-01
  -1.6954106e-01
  -1.7557103e-01
  -1.6954106e-01
  -1.5188999e-01
  -1.2388795e-01
  -8.7510350e-02
  -4.5263978e-02
  -1.0966731e-14
   9.9969694e-02
   1.9387969e-01
   2.7564416e-01
   3.3938205e-01
   3.7999526e-01
   3.9395567e-01
   3.7999526e-01
   3.3938205e-01
   2.7564416e-01
   1.9387969e-01
   9.9969694e-02
  -2.0192761e-15
  -9.9969694e-02
  -1.9387969e-01
  -2.7564416e-01
  -3.3938205e-01
  -3.7999526e-01
  -3.9395567e-01
  -3.7999526e-01
  -3.3938205e-01
  -2.7564416e-01
  -1.9387969e-01
  -9.9969694e-02
  -3.2122857e-14
   1.4659720e-01
   2.8576128e-01
   4.0906871e-01
   5.0706807e-01
   5.7053042e-01
   5.9254606e-01
   5.7053042e-01
   5.0706807e-01
   4.0906871e-01
   2.8576128e-01
   1.4659720e-01
   5.0316761e-16
  -1.4659720e-01
  -2.8576128e-01
  -4.0906871e-01
  -5.0706807e-01
  -5.7053042e-01
  -5.9254606e-01
  -5.7053042e-01
  -5.0706807e-01
  -4.0906871e-01
  -2.8576128e-01
  -1.4659720e-01
  -4.9153758e-14
   1.8234645e-01
   3.5766261e-01
   5.1622217e-01
   6.4498935e-01
   7.2983855e-01
   7.5956179e-01
   7.2983855e-01
   6.4498935e-01
   5.1622217e-01
   3.5766261e-01
   1.8234645e-01
   2.3795588e-14
  -1.8234645e-01
  -3.5766261e-01
  -5.1622217e-01
  -6.4498935e-01
  -7.2983855e-01
  -7.5956179e-01
  -7.2983855e-01
  -6.4498935e-01
  -5.1622217e-01
  -3.5766261e-01
  -1.8234645e-01
  -5.7612652e-14
   2.0666761e-01
   4.0781793e-01
   5.9327610e-01
   7.4682842e-01
   8.4952524e-01
   8.8579792e-01
   8.4952524e-01
   7.4682842e-01
   5.9327610e-01
   4.0781793e-01
   2.0666761e-01
   6.5650807e-14
  -2.0666761e-01
  -4.0781793e-01
  -5.9327610e-01
  -7.4682842e-01
  -8.4952524e-01
  -8.8579792e-01
  -8.4952524e-01
  -7.4682842e-01
  -5.9327610e-01
  -4.0781793e-01
  -2.0666761e-01
  -5.8902538e-14
   2.2044550e-01
   4.3691604e-01
   6.3924364e-01
   8.0900753e-01
   9.2366852e-01
   9.6438505e-01
   9.2366852e-01
   8.0900753e-01
   6.3924364e-01
   4.3691604e-01
   2.2044550e-01
   1.0884729e-13
  -2.2044550e-01
  -4.3691604e-01
  -6.3924364e-01
  -8.0900753e-01
  -9.2366852e-01
  -9.6438505e-01
  -9.2366852e-01
  -8.0900753e-01
  -6.3924364e-01
  -4.3691604e-01
  -2.2044550e-01
  -5.7759327e-14
   2.2486491e-01
   4.4639104e-01
   6.5446706e-01
   8.2988312e-01
   9.4876772e-01
   9.9106234e-01
   9.4876772e-01
   8.2988312e-01
   6.5446706e-01
   4.4639104e-01
   2.2486491e-01
   1.3234488e-13
  -2.2486491e-01
  -4.4639104e-01
  -6.5446706e-01
  -8.2988312e-01
  -9.4876772e-01
  -9.9106234e-01
  -9.4876772e-01
  -8.2988312e-01
  -6.5446706e-01
  -4.4639104e-01
  -2.2486491e-01
  -5.5444871e-14
   2.2044550e-01
   4.3691604e-01
   6.3924364e-01
   8.0900753e-01
   9.2366852e-01
   9.6438505e-01
   9.2366852e-01
   8.0900753e-01
   6.3924364e-01
   4.3691604e-01
   2.2044550e-01
   1.2359651e-13
  -2.2044550e-01
  -4.3691604e-01
  -6.3924364e-01
  -8.0900753e-01
  -9.2366852e-01
  -9.6438505e-01
  -9.2366852e-01
  -8.0900753e-01
  -6.3924364e-01
  -4.3691604e-01
  -2.2044550e-01
  -4.8816199e-14
   2.0666761e-01
   4.0781793e-01
   5.9327610e-01
   7.4682842e-01
   8.4952524e-01
   8.8579792e-01
   8.4952524e-01
   7.4682842e-01
   5.9327610e-01
   4.0781793e-01
   2.0666761e-01
   8.6288772e-14
  -2.0666761e-01
  -4.0781793e-01
  -5.9327610e-01
  -7.4682842e-01
  -8.4952524e-01
  -8.8579792e-01
  -8.4952524e-01
  -7.4682842e-01
  -5.9327610e-01
  -4.0781793e-01
  -2.0666761e-01
  -3.4099664e-14
   1.8234645e-01
   3.5766261e-01
   5.1622217e-01
   6.4498935e-01
   7.2983855e-01
   7.5956179e-01
   7.2983855e-01
   6.4498935e-01
   5.1622217e-01
   3.5766261e-01
   1.8234645e-01
   3.9868228e-14
  -1.8234645e-01
  -3.5766261e-01
  -5.1622217e-01
  -6.4498935e-01
  -7.2983855e-01
  -7.5956179e-01
  -7.2983855e-01
  -6.4498935e-01
  -5.1622217e-01
  -3.5766261e-01
  -1.8234645e-01
  -1.3379711e-14
   1.4659720e-01
   2.8576128e-01
   4.0906871e-01
   5.0706807e-01
   5.7053042e-01
   5.9254606e-01
   5.7053042e-01
   5.0706807e-01
   4.0906871e-01
   2.8576128e-01
   1.4659720e-01
   5.2947480e-15
  -1.4659720e-01
  -2.8576128e-01
  -4.0906871e-01
  -5.0706807e-01
  -5.7053042e-01
  -5.9254606e-01
  -5.7053042e-01
  -5.0706807e-01
  -4.0906871e-01
  -2.8576128e-01
  -1.4659720e-01
   4.7260478e-15
   9.9969694e-02
   1.9387969e-01
   2.7564416e-01
   3.3938205e-01
   3.7999526e-01
   3.9395567e-01
   3.7999526e-01
   3.3938205e-01
   2.7564416e-01
   1.9387969e-01
   9.9969694e-02
  -6.6462843e-15
  -9.9969694e-02
  -1.9387969e-01
  -2.7564416e-01
  -3.3938205e-01
  -3.7999526e-01
  -3.9395567e-01
  -3.7999526e-01
  -3.3938205e-01
  -2.7564416e-01
  -1.9387969e-01
  -9.9969694e-02
   1.2031923e-14
   4.5263978e-02
   8.7510350e-02
   1.2388795e-01
   1.5188999e-01
   1.6954106e-01
   1.7557102e-01
   1.6954106e-01
   1.5188999e-01
   1.2388795e-01
   8.7510350e-02
   4.5263978e-02
  -2.0260314e-16
  -4.5263978e-02
  -8.7510350e-02
  -1.2388795e-01
  -1.5188999e-01
  -1.6954106e-01
  -1.7557102e-01
  -1.6954106e-01
  -1.5188999e-01
  -1.2388795e-01
  -8.7510350e-02
  -4.5263978e-02
  -9.7131151e-01
  -9.7158415e-01
  -9.7232926e-01
  -9.7334766e-01
  -9.7436677e-01
  -9.7511327e-01
  -9.7538661e-01
  -9.7511327e-01
  -9.7436677e-01
  -9.7334766e-01
  -9.7232926e-01
  -9.7158415e-01
  -9.7131151e-01
  -9.7158415e-01
  -9.7232926e-01
  -9.7334766e-01
  -9.7436677e-01
  -9.7511327e-01
  -9.7538661e-01
  -9.7511327e-01
  -9.7436677e-01
  -9.7334766e-01
  -9.7232926e-01
  -9.7158415e-01
  -8.9034514e-01
  -8.9161692e-01
  -8.9509368e-01
  -8.9984974e-01
  -9.0461638e-01
  -9.0811453e-01
  -9.0939714e-01
  -9.0811453e-01
  -9.0461638e-01
  -8.9984974e-01
  -8.9509368e-01
  -8.9161692e-01
  -8.9034514e-01
  -8.9161692e-01
  -8.9509368e-01
  -8.9984974e-01
  -9.0461638e-01
  -9.0811453e-01
  -9.0939714e-01
  -9.0811453e-01
  -9.0461638e-01
  -8.9984974e-01
  -8.9509368e-01
  -8.9161692e-01
  -7.5686054e-01
  -7.5937101e-01
  -7.6622793e-01
  -7.7559661e-01
  -7.8498311e-01
  -7.9188065e-01
  -7.9441390e-01
  -7.9188065e-01
  -7.8498311e-01
  -7.7559661e-01
  -7.6622793e-01
  -7.5937101e-01
  -7.5686054e-01
  -7.5937101e-01
  -7.6622793e-01
  -7.7559661e-01
  -7.8498311e-01
  -7.9188065e-01
  -7.9441390e-01
  -7.9188065e-01
  -7.8498311e-01
  -7.7559661e-01
  -7.6622793e-01
  -7.5937101e-01
  -5.8717351e-01
  -5.9048666e-01
  -5.9953230e-01
  -6.1187226e-01
  -6.2421052e-01
  -6.3327484e-01
  -6.3660836e-01
  -6.3327484e-01
  -6.2421052e-01
  -6.1187226e-01
  -5.9953230e-01
  -5.9048666e-01
  -5.8717351e-01
  -5.9048666e-01
  -5.9953230e-01
  -6.1187226e-01
  -6.2421052e-01
  -6.3327484e-01
  -6.3660836e-01
  -6.3327484e-01
  -6.2421052e-01
  -6.1187226e-01
  -5.9953230e-01
  -5.9048666e-01
  -3.9753436e-01
  -4.0068008e-01
  -4.0927757e-01
  -4.2101113e-01
  -4.3272502e-01
  -4.4132078e-01
  -4.4448442e-01
  -4.4132078e-01
  -4.3272502e-01
  -4.2101113e-01
  -4.0927757e-01
  -4.0068008e-01
  -3.9753436e-01
  -4.0068008e-01
  -4.0927757e-01
  -4.2101113e-01
  -4.3272502e-01
  -4.4132078e-01
  -4.4448442e-01
  -4.4132078e-01
  -4.3272502e-01
  -4.2101113e-01
  -4.0927757e-01
  -4.0068008e-01
  -1.9980627e-01
  -2.0171941e-01
  -2.0695254e-01
  -2.1410377e-01
  -2.2124065e-01
  -2.2647248e-01
  -2.2839866e-01
  -2.2647248e-01
  -2.2124065e-01
  -2.1410377e-01
  -2.0695254e-01
  -2.0171941e-01
  -1.9980627e-01
  -2.0171941e-01
  -2.0695254e-01
  -2.1410377e-01
  -2.2124065e-01
  -2.2647248e-01
  -2.2839866e-01
  -2.2647248e-01
  -2.2124065e-01
  -2.1410377e-01
  -2.0695254e-01
  -2.0171941e-01
   2.4962729e-11
   1.4452572e-11
  -7.9090352e-12
  -2.3630697e-11
  -2.2243971e-11
  -1.0357377e-11
  -3.7020963e-12
  -1.0331463e-11
  -2.2180497e-11
  -2.3528511e-11
  -7.7976505e-12
   1.4525322e-11
   2.4965103e-11
   1.4470832e-11
  -7.8746114e-12
  -2.3592670e-11
  -2.2220820e-11
  -1.0362741e-11
  -3.7366338e-12
  -1.0383172e-11
  -2.2229931e-11
  -2.3560328e-11
  -7.8080714e-12
   1.4526759e-11
   1.9980627e-01
   2.0171941e-01
   2.0695254e-01
   2.1410377e-01
   2.2124065e-01
   2.2647248e-01
   2.2839866e-01
   2.2647248e-01
   2.2124065e-01
   2.1410377e-01
   2.0695254e-01
   2.0171941e-01
   1.9980627e-01
   2.0171941e-01
   2.0695254e-01
   2.1410377e-01
   2.2124065e-01
   2.2647248e-01
   2.2839866e-01
   2.2647248e-01
   2.2124065e-01
   2.1410377e-01
   2.0695254e-01
   2.0171941e-01
   3.9753436e-01
   4.0068008e-01
   4.0927757e-01
   4.2101113e-01
   4.3272502e-01
   4.4132078e-01
   4.4448442e-01
   4.4132078e-01
   4.3272502e-01
   4.2101113e-01
   4.0927757e-01
   4.0068008e-01
   3.9753436e-01
   4.0068008e-01
   4.0927757e-01
   4.2101113e-01
   4.3272502e-01
   4.4132078e-01
   4.4448442e-01
   4.4132078e-01
   4.3272502e-01
   4.2101113e-01
   4.0927757e-01
   4.0068008e-01
   5.8717351e-01
   5.9048666e-01
   5.9953230e-01
   6.1187226e-01
   6.2421052e-01
   6.3327484e-01
   6.3660837e-01
   6.3327484e-01
   6.2421052e-01
   6.1187226e-01
   5.9953230e-01
   5.9048666e-01
   5.8717351e-01
   5.9048666e-01
   5.9953230e-01
   6.1187226e-01
   6.2421052e-01
   6.3327484e-01
   6.3660837e-01
   6.3327484e-01
   6.2421052e-01
   6.1187226e-01
   5.9953230e-01
   5.9048666e-01
   7.5686054e-01
   7.5937101e-01
   7.6622793e-01
   7.7559661e-01
   7.8498311e-01
   7.9188065e-01
   7.9441390e-01
   7.9188065e-01
   7.8498311e-01
   7.7559661e-01
   7.6622793e-01
   7.5937101e-01
   7.5686054e-01
   7.5937101e-01
   7.6622793e-01
   7.7559661e-01
   7.8498311e-01
   7.9188065e-01
   7.9441390e-01
   7.9188065e-01
   7.8498311e-01
   7.7559661e-01
   7.6622793e-01
   7.5937101e-01
   8.9034514e-01
   8.9161692e-01
   8.9509368e-01
   8.9984974e-01
   9.0461638e-01
   9.0811453e-01
   9.0939714e-01
   9.0811453e-01
   9.0461638e-01
   8.9984974e-01
   8.9509368e-01
   8.9161692e-01
   8.9034514e-01
   8.9161692e-01
   8.9509368e-01
   8.9984974e-01
   9.0461638e-01
   9.0811453e-01
   9.0939714e-01
   9.0811453e-01
   9.0461638e-01
   8.9984974e-01
   8.9509368e-01
   8.9161692e-01
   9.7131151e-01
   9.7158415e-01
   9.7232926e-01
   9.7334766e-01
   9.7436677e-01
   9.7511327e-01
   9.7538661e-01
   9.7511327e-01
   9.7436677e-01
   9.7334766e-01
   9.7232926e-01
   9.7158415e-01
   9.7131151e-01
   9.7158415e-01
   9.7232926e-01
   9.7334766e-01
   9.7436677e-01
   9.7511327e-01
   9.7538661e-01
   9.7511327e-01
   9.7436677e-01
   9.7334766e-01
   9.7232926e-01
   9.7158415e-01
