   1.0530527e-01
   1.0190757e-01
   9.1837515e-02
   7.5515033e-02
   5.3777227e-02
   2.7982956e-02
  -1.2743417e-14
  -2.7982956e-02
  -5.3777227e-02
  -7.5515033e-02
  -9.1837515e-02
  -1.0190757e-01
  -1.0530527e-01
  -1.0190757e-01
  -9.1837515e-02
  -7.5515033e-02
  -5.3777227e-02
  -2.7982956e-02
   7.1143054e-15
   2.7982956e-02
   5.3777227e-02
   7.5515033e-02
   9.1837515e-02
   1.0190757e-01
   2.1173815e-01
   2.0639421e-01
   1.8969790e-01
   1.6024538e-01
   1.1729100e-01
   6.2304928e-02
  -2.4090869e-14
  -6.2304928e-02
  -1.1729100e-01
  -1.6024538e-01
  -1.8969790e-01
  -2.0639421e-01
  -2.1173815e-01
  -2.0639421e-01
  -1.8969790e-01
  -1.6024538e-01
  -1.1729100e-01
  -6.2304928e-02
   2.0851407e-14
   6.2304928e-02
   1.1729100e-01
   1.6024538e-01
   1.8969790e-01
   2.0639421e-01
   2.6490439e-01
   2.6212556e-01
   2.5016907e-01
   2.2117999e-01
   1.6889606e-01
   9.2586951e-02
  -3.4381159e-14
  -9.2586951e-02
  -1.6889606e-01
  -2.2117999e-01
  -2.5016907e-01
  -2.6212556e-01
  -2.6490439e-01
  -2.6212556e-01
  -2.5016907e-01
  -2.2117999e-01
  -1.6889606e-01
  -9.2586951e-02
   3.4692059e-14
   9.2586951e-02
   1.6889606e-01
   2.2117999e-01
   2.5016907e-01
   2.6212556e-01
   2.5660182e-01
   2.6196502e-01
   2.6872992e-01
   2.5561483e-01
   2.0604935e-01
   1.1706002e-01
  -4.3490214e-14
  -1.1706002e-01
  -2.0604935e-01
  -2.5561483e-01
  -2.6872992e-01
  -2.6196502e-01
  -2.5660182e-01
  -2.6196502e-01
  -2.6872992e-01
  -2.5561483e-01
  -2.0604935e-01
  -1.1706002e-01
   4.7415179e-14
   1.1706002e-01
   2.0604935e-01
   2.5561483e-01
   2.6872992e-01
   2.6196502e-01
   2.0779933e-01
   2.2270309e-01
   2.5470193e-01
   2.6785158e-01
   2.2952599e-01
   1.3481479e-01
  -5.0176756e-14
  -1.3481479e-01
  -2.2952599e-01
  -2.6785158e-01
  -2.5470193e-01
  -2.2270309e-01
  -2.0779933e-01
  -2.2270309e-01
  -2.5470193e-01
  -2.6785158e-01
  -2.2952599e-01
  -1.3481479e-01
   5.7651681e-14
   1.3481479e-01
   2.2952599e-01
   2.6785158e-01
   2.5470193e-01
   2.2270309e-01
   1.6205633e-01
   1.8213096e-01
   2.3168830e-01
   2.6789038e-01
   2.4182493e-01
   1.4550420e-01
  -5.4450271e-14
  -1.4550420e-01
  -2.4182493e-01
  -2.6789038e-01
  -2.3168830e-01
  -1.8213096e-01
  -1.6205633e-01
  -1.8213096e-01
  -2.3168830e-01
  -2.6789038e-01
  -2.4182493e-01
  -1.4550420e-01
   6.4208585e-14
   1.4550420e-01
   2.4182493e-01
   2.6789038e-01
   2.3168830e-01
   1.8213096e-01
   1.4525542e-01
   1.6647358e-01
   2.2145214e-01
   2.6640480e-01
   2.4555398e-01
   1.4906511e-01
  -5.5186280e-14
  -1.4906511e-01
  -2.4555398e-01
  -2.6640480e-01
  -2.2145214e-01
  -1.6647358e-01
  -1.4525542e-01
  -1.6647358e-01
  -2.2145214e-01
  -2.6640480e-01
  -2.4555398e-01
  -1.4906511e-01
   6.6704094e-14
   1.4906511e-01
   2.4555398e-01
   2.6640480e-01
   2.2145214e-01
   1.6647358e-01
   1.6205633e-01
   1.8213096e-01
   2.3168830e-01
   2.6789038e-01
   2.4182493e-01
   1.4550420e-01
  -5.2572467e-14
  -1.4550420e-01
  -2.4182493e-01
  -2.6789038e-01
  -2.3168830e-01
  -1.8213096e-01
  -1.6205633e-01
  -1.8213096e-01
  -2.3168830e-01
  -2.6789038e-01
  -2.4182493e-01
  -1.4550420e-01
   6.4525874e-14
   1.4550420e-01
   2.4182493e-01
   2.6789038e-01
   2.3168830e-01
   1.8213096e-01
   2.0779933e-01
   2.2270309e-01
   2.5470193e-01
   2.6785158e-01
   2.2952599e-01
   1.3481479e-01
  -4.7254361e-14
  -1.3481479e-01
  -2.2952599e-01
  -2.6785158e-01
  -2.5470193e-01
  -2.2270309e-01
  -2.0779933e-01
  -2.2270309e-01
  -2.5470193e-01
  -2.6785158e-01
  -2.2952599e-01
  -1.3481479e-01
   5.8265216e-14
   1.3481479e-01
   2.2952599e-01
   2.6785158e-01
   2.5470193e-01
   2.2270309e-01
   2.5660182e-01
   2.6196502e-01
   2.6872992e-01
   2.5561483e-01
   2.0604935e-01
   1.1706002e-01
  -3.9308836e-14
  -1.1706002e-01
  -2.0604935e-01
  -2.5561483e-01
  -2.6872992e-01
  -2.6196502e-01
  -2.5660182e-01
  -2.6196502e-01
  -2.6872992e-01
  -2.5561483e-01
  -2.0604935e-01
  -1.1706002e-01
   4.8837436e-14
   1.1706002e-01
   2.0604935e-01
   2.5561483e-01
   2.6872992e-01
   2.6196502e-01
   2.6490439e-01
   2.6212556e-01
   2.5016907e-01
   2.2117999e-01
   1.6889606e-01
   9.2586951e-02
  -2.9975413e-14
  -9.2586951e-02
  -1.6889606e-01
  -2.2117999e-01
  -2.5016907e-01
  -2.6212556e-01
  -2.6490439e-01
  -2.6212556e-01
  -2.5016907e-01
  -2.2117999e-01
  -1.6889606e-01
  -9.2586951e-02
   3.6927025e-14
   9.2586951e-02
   1.6889606e-01
   2.2117999e-01
   2.5016907e-01
   2.6212556e-01
   2.1173815e-01
   2.0639421e-01
   1.8969790e-01
   1.6024538e-01
   1.1729100e-01
   6.2304928e-02
  -1.9535782e-14
  -6.2304928e-02
  -1.1729100e-01
  -1.6024538e-01
  -1.8969790e-01
  -2.0639421e-01
  -2.1173815e-01
  -2.0639421e-01
  -1.8969790e-01
  -1.6024538e-01
  -1.1729100e-01
  -6.2304928e-02
   2.4075660e-14
   6.2304928e-02
   1.1729100e-01
   1.6024538e-01
   1.8969790e-01
   2.0639421e-01
   1.0530527e-01
   1.0190757e-01
   9.1837515e-02
   7.5515033e-02
   5.3777227e-02
   2.7982956e-02
  -8.2123612e-15
  -2.7982956e-02
  -5.3777227e-02
  -7.5515033e-02
  -9.1837515e-02
  -1.0190757e-01
  -1.0530527e-01
  -1.0190757e-01
  -9.1837515e-02
  -7.5515033e-02
  -5.3777227e-02
  -2.7982956e-02
   1.1130254e-14
   2.7982956e-02
   5.3777227e-02
   7.5515033e-02
   9.1837515e-02
   1.0190757e-01
   1.3025545e-13
   4.2857602e-02
   8.2930333e-02
   1.1754687e-01
   1.4429531e-01
   1.6121403e-01
   1.6700556e-01
   1.6121403e-01
   1.4429531e-01
   1.1754687e-01
   8.2930333e-02
   4.2857602e-02
  -4.0635270e-14
  -4.2857602e-02
  -8.2930333e-02
  -1.1754687e-01
  -1.4429531e-01
  -1.6121403e-01
  -1.6700556e-01
  -1.6121403e-01
  -1.4429531e-01
  -1.1754687e-01
  -8.2930333e-02
  -4.2857602e-02
   7.8894240e-14
   9.3172751e-02
   1.8135880e-01
   2.5917631e-01
   3.2087523e-01
   3.6086291e-01
   3.7476314e-01
   3.6086291e-01
   3.2087523e-01
   2.5917631e-01
   1.8135880e-01
   9.3172751e-02
  -4.1913782e-14
  -9.3172751e-02
  -1.8135880e-01
  -2.5917631e-01
  -3.2087523e-01
  -3.6086291e-01
  -3.7476314e-01
  -3.6086291e-01
  -3.2087523e-01
  -2.5917631e-01
  -1.8135880e-01
  -9.3172751e-02
  -1.8239986e-13
   1.3338811e-01
   2.6232198e-01
   3.7981315e-01
   4.7617256e-01
   5.4074041e-01
   5.6374604e-01
   5.4074041e-01
   4.7617256e-01
   3.7981315e-01
   2.6232198e-01
   1.3338811e-01
   1.5400942e-13
  -1.3338811e-01
  -2.6232198e-01
  -3.7981315e-01
  -4.7617256e-01
  -5.4074041e-01
  -5.6374604e-01
  -5.4074041e-01
  -4.7617256e-01
  -3.7981315e-01
  -2.6232198e-01
  -1.3338811e-01
  -5.1211467e-13
   1.6073342e-01
   3.2047475e-01
   4.7233824e-01
   6.0133401e-01
   6.9023343e-01
   7.2274217e-01
   6.9023343e-01
   6.0133401e-01
   4.7233824e-01
   3.2047475e-01
   1.6073342e-01
   4.3812413e-13
  -1.6073342e-01
  -3.2047475e-01
  -4.7233824e-01
  -6.0133401e-01
  -6.9023343e-01
  -7.2274217e-01
  -6.9023343e-01
  -6.0133401e-01
  -4.7233824e-01
  -3.2047475e-01
  -1.6073342e-01
  -6.7607783e-13
   1.7680438e-01
   3.5673298e-01
   5.3491132e-01
   6.9178731e-01
   8.0189232e-01
   8.4295513e-01
   8.0189232e-01
   6.9178731e-01
   5.3491132e-01
   3.5673298e-01
   1.7680438e-01
   5.9544803e-13
  -1.7680438e-01
  -3.5673298e-01
  -5.3491132e-01
  -6.9178731e-01
  -8.0189232e-01
  -8.4295513e-01
  -8.0189232e-01
  -6.9178731e-01
  -5.3491132e-01
  -3.5673298e-01
  -1.7680438e-01
  -5.2067563e-13
   1.8421493e-01
   3.7583603e-01
   5.7007793e-01
   7.4595389e-01
   8.7075007e-01
   9.1780443e-01
   8.7075007e-01
   7.4595389e-01
   5.7007793e-01
   3.7583603e-01
   1.8421493e-01
   4.7110660e-13
  -1.8421493e-01
  -3.7583603e-01
  -5.7007793e-01
  -7.4595389e-01
  -8.7075007e-01
  -9.1780443e-01
  -8.7075007e-01
  -7.4595389e-01
  -5.7007793e-01
  -3.7583603e-01
  -1.8421493e-01
  -1.1554202e-13
   1.8588185e-01
   3.8166254e-01
   5.8131923e-01
   7.6392392e-01
   8.9400255e-01
   9.4321353e-01
   8.9400255e-01
   7.6392392e-01
   5.8131923e-01
   3.8166254e-01
   1.8588185e-01
   1.1369985e-13
  -1.8588185e-01
  -3.8166254e-01
  -5.8131923e-01
  -7.6392392e-01
  -8.9400255e-01
  -9.4321353e-01
  -8.9400255e-01
  -7.6392392e-01
  -5.8131923e-01
  -3.8166254e-01
  -1.8588185e-01
   3.0079567e-13
   1.8421493e-01
   3.7583603e-01
   5.7007793e-01
   7.4595389e-01
   8.7075007e-01
   9.1780443e-01
   8.7075007e-01
   7.4595389e-01
   5.7007793e-01
   3.7583603e-01
   1.8421493e-01
  -2.6514138e-13
  -1.8421493e-01
  -3.7583603e-01
  -5.7007793e-01
  -7.4595389e-01
  -8.7075007e-01
  -9.1780443e-01
  -8.7075007e-01
  -7.4595389e-01
  -5.7007793e-01
  -3.7583603e-01
  -1.8421493e-01
   4.9504539e-13
   1.7680438e-01
   3.5673298e-01
   5.3491132e-01
   6.9178731e-01
   8.0189232e-01
   8.4295513e-01
   8.0189232e-01
   6.9178731e-01
   5.3491132e-01
   3.5673298e-01
   1.7680438e-01
  -4.4869525e-13
  -1.7680438e-01
  -3.5673298e-01
  -5.3491132e-01
  -6.9178731e-01
  -8.0189232e-01
  -8.4295513e-01
  -8.0189232e-01
  -6.9178731e-01
  -5.3491132e-01
  -3.5673298e-01
  -1.7680438e-01
   3.9139500e-13
   1.6073342e-01
   3.2047475e-01
   4.7233824e-01
   6.0133401e-01
   6.9023343e-01
   7.2274217e-01
   6.9023343e-01
   6.0133401e-01
   4.7233824e-01
   3.2047475e-01
   1.6073342e-01
  -3.6330221e-13
  -1.6073342e-01
  -3.2047475e-01
  -4.7233824e-01
  -6.0133401e-01
  -6.9023343e-01
  -7.2274217e-01
  -6.9023343e-01
  -6.0133401e-01
  -4.7233824e-01
  -3.2047475e-01
  -1.6073342e-01
   1.2266458e-13
   1.3338811e-01
   2.6232198e-01
   3.7981315e-01
   4.7617256e-01
   5.4074041e-01
   5.6374604e-01
   5.4074041e-01
   4.7617256e-01
   3.7981315e-01
   2.6232198e-01
   1.3338811e-01
  -1.3140372e-13
  -1.3338811e-01
  -2.6232198e-01
  -3.7981315e-01
  -4.7617256e-01
  -5.4074041e-01
  -5.6374604e-01
  -5.4074041e-01
  -4.7617256e-01
  -3.7981315e-01
  -2.6232198e-01
  -1.3338811e-01
  -9.1797243e-14
   9.3172751e-02
   1.8135880e-01
   2.5917631e-01
   3.2087523e-01
   3.6086291e-01
   3.7476314e-01
   3.6086291e-01
   3.2087523e-01
   2.5917631e-01
   1.8135880e-01
   9.3172751e-02
   4.4190185e-14
  -9.3172751e-02
  -1.8135880e-01
  -2.5917631e-01
  -3.2087523e-01
  -3.6086291e-01
  -3.7476314e-01
  -3.6086291e-01
  -3.2087523e-01
  -2.5917631e-01
  -1.8135880e-01
  -9.3172751e-02
  -1.2012184e-13
   4.2857602e-02
   8.2930333e-02
   1.1754687e-01
   1.4429531e-01
   1.6121403e-01
   1.6700556e-01
   1.6121403e-01
   1.4429531e-01
   1.1754687e-01
   8.2930333e-02
   4.2857602e-02
   4.6051223e-14
  -4.2857602e-02
  -8.2930333e-02
  -1.1754687e-01
  -1.4429531e-01
  -1.6121403e-01
  -1.6700556e-01
  -1.6121403e-01
  -1.4429531e-01
  -1.1754687e-01
  -8.2930333e-02
  -4.2857602e-02
  -9.2013276e-01
  -9.2068335e-01
  -9.2219805e-01
  -9.2429316e-01
  -9.2642034e-01
  -9.2799921e-01
  -9.2858190e-01
  -9.2799921e-01
  -9.2642034e-01
  -9.2429316e-01
  -9.2219805e-01
  -9.2068335e-01
  -9.2013276e-01
  -9.2068335e-01
  -9.2219805e-01
  -9.2429316e-01
  -9.2642034e-01
  -9.2799921e-01
  -9.2858190e-01
  -9.2799921e-01
  -9.2642034e-01
  -9.2429316e-01
  -9.2219805e-01
  -9.2068335e-01
  -8.2928896e-01
  -8.3158275e-01
  -8.3790292e-01
  -8.4674303e-01
  -8.5597754e-01
  -8.6310983e-01
  -8.6582134e-01
  -8.6310983e-01
  -8.5597754e-01
  -8.4674303e-01
  -8.3790292e-01
  -8.3158275e-01
  -8.2928896e-01
  -8.3158275e-01
  -8.3790292e-01
  -8.4674303e-01
  -8.5597754e-01
  -8.6310983e-01
  -8.6582134e-01
  -8.6310983e-01
  -8.5597754e-01
  -8.4674303e-01
  -8.3790292e-01
  -8.3158275e-01
  -6.8668608e-01
  -6.9130436e-01
  -7.0378955e-01
  -7.2061409e-01
  -7.3771536e-01
  -7.5114851e-01
  -7.5643803e-01
  -7.5114851e-01
  -7.3771536e-01
  -7.2061409e-01
  -7.0378955e-01
  -6.9130436e-01
  -6.8668608e-01
  -6.9130436e-01
  -7.0378955e-01
  -7.2061409e-01
  -7.3771536e-01
  -7.5114851e-01
  -7.5643803e-01
  -7.5114851e-01
  -7.3771536e-01
  -7.2061409e-01
  -7.0378955e-01
  -6.9130436e-01
  -5.1458431e-01
  -5.2064153e-01
  -5.3740961e-01
  -5.6016937e-01
  -5.8237198e-01
  -5.9939200e-01
  -6.0625830e-01
  -5.9939200e-01
  -5.8237198e-01
  -5.6016937e-01
  -5.3740961e-01
  -5.2064153e-01
  -5.1458431e-01
  -5.2064153e-01
  -5.3740961e-01
  -5.6016937e-01
  -5.8237198e-01
  -5.9939200e-01
  -6.0625830e-01
  -5.9939200e-01
  -5.8237198e-01
  -5.6016937e-01
  -5.3740961e-01
  -5.2064153e-01
  -3.3721040e-01
  -3.4278868e-01
  -3.5808417e-01
  -3.7976136e-01
  -4.0109515e-01
  -4.1690538e-01
  -4.2334180e-01
  -4.1690538e-01
  -4.0109515e-01
  -3.7976136e-01
  -3.5808417e-01
  -3.4278868e-01
  -3.3721040e-01
  -3.4278868e-01
  -3.5808417e-01
  -3.7976136e-01
  -4.0109515e-01
  -4.1690538e-01
  -4.2334180e-01
  -4.1690538e-01
  -4.0109515e-01
  -3.7976136e-01
  -3.5808417e-01
  -3.4278868e-01
  -1.6455082e-01
  -1.6853633e-01
  -1.7803351e-01
  -1.9100587e-01
  -2.0412297e-01
  -2.1366433e-01
  -2.1754928e-01
  -2.1366433e-01
  -2.0412297e-01
  -1.9100587e-01
  -1.7803351e-01
  -1.6853633e-01
  -1.6455082e-01
  -1.6853633e-01
  -1.7803351e-01
  -1.9100587e-01
  -2.0412297e-01
  -2.1366433e-01
  -2.1754928e-01
  -2.1366433e-01
  -2.0412297e-01
  -1.9100587e-01
  -1.7803351e-01
  -1.6853633e-01
   1.9695114e-11
   2.7761949e-11
   4.0287214e-11
   3.3220164e-11
  -3.2031012e-12
  -4.7945839e-11
  -6.7711067e-11
  -4.8181727e-11
  -3.2141878e-12
   3.3834614e-11
   4.1366947e-11
   2.8618869e-11
   1.9704727e-11
   2.7817105e-11
   4.0361596e-11
   3.3280521e-11
  -3.1780800e-12
  -4.7953683e-11
  -6.7729061e-11
  -4.8180104e-11
  -3.1760840e-12
   3.3902545e-11
   4.1437648e-11
   2.8659270e-11
   1.6455082e-01
   1.6853633e-01
   1.7803351e-01
   1.9100587e-01
   2.0412297e-01
   2.1366433e-01
   2.1754928e-01
   2.1366433e-01
   2.0412297e-01
   1.9100587e-01
   1.7803351e-01
   1.6853633e-01
   1.6455082e-01
   1.6853633e-01
   1.7803351e-01
   1.9100587e-01
   2.0412297e-01
   2.1366433e-01
   2.1754928e-01
   2.1366433e-01
   2.0412297e-01
   1.9100587e-01
   1.7803351e-01
   1.6853633e-01
   3.3721040e-01
   3.4278868e-01
   3.5808417e-01
   3.7976136e-01
   4.0109515e-01
   4.1690538e-01
   4.2334180e-01
   4.1690538e-01
   4.0109515e-01
   3.7976136e-01
   3.5808417e-01
   3.4278868e-01
   3.3721040e-01
   3.4278868e-01
   3.5808417e-01
   3.7976136e-01
   4.0109515e-01
   4.1690538e-01
   4.2334180e-01
   4.1690538e-01
   4.0109515e-01
   3.7976136e-01
   3.5808417e-01
   3.4278868e-01
   5.1458431e-01
   5.2064153e-01
   5.3740961e-01
   5.6016937e-01
   5.8237198e-01
   5.9939200e-01
   6.0625830e-01
   5.9939200e-01
   5.8237198e-01
   5.6016937e-01
   5.3740961e-01
   5.2064153e-01
   5.1458431e-01
   5.2064153e-01
   5.3740961e-01
   5.6016937e-01
   5.8237198e-01
   5.9939200e-01
   6.0625830e-01
   5.9939200e-01
   5.8237198e-01
   5.6016937e-01
   5.3740961e-01
   5.2064153e-01
   6.8668608e-01
   6.9130436e-01
   7.0378955e-01
   7.2061409e-01
   7.3771536e-01
   7.5114851e-01
   7.5643803e-01
   7.5114851e-01
   7.3771536e-01
   7.2061409e-01
   7.0378955e-01
   6.9130436e-01
   6.8668608e-01
   6.9130436e-01
   7.0378955e-01
   7.2061409e-01
   7.3771536e-01
   7.5114851e-01
   7.5643803e-01
   7.5114851e-01
   7.3771536e-01
   7.2061409e-01
   7.0378955e-01
   6.9130436e-01
   8.2928896e-01
   8.3158275e-01
   8.3790292e-01
   8.4674304e-01
   8.5597754e-01
   8.6310983e-01
   8.6582134e-01
   8.6310983e-01
   8.5597754e-01
   8.4674304e-01
   8.3790292e-01
   8.3158275e-01
   8.2928896e-01
   8.3158275e-01
   8.3790292e-01
   8.4674304e-01
   8.5597754e-01
   8.6310983e-01
   8.6582134e-01
   8.6310983e-01
   8.5597754e-01
   8.4674304e-01
   8.3790292e-01
   8.3158275e-01
   9.2013276e-01
   9.2068335e-01
   9.2219805e-01
   9.2429316e-01
   9.2642034e-01
   9.2799921e-01
   9.2858190e-01
   9.2799921e-01
   9.2642034e-01
   9.2429316e-01
   9.2219805e-01
   9.2068335e-01
   9.2013276e-01
   9.2068335e-01
   9.2219805e-01
   9.2429316e-01
   9.2642034e-01
   9.2799921e-01
   9.2858190e-01
   9.2799921e-01
   9.2642034e-01
   9.2429316e-01
   9.2219805e-01
   9.2068335e-01
