  -3.9129200e-04
  -3.7795905e-04
  -3.3886881e-04
  -2.7668522e-04
  -1.9564600e-04
  -1.0127382e-04
   5.1803079e-18
   1.0127382e-04
   1.9564600e-04
   2.7668522e-04
   3.3886881e-04
   3.7795905e-04
   3.9129200e-04
   3.7795905e-04
   3.3886881e-04
   2.7668522e-04
   1.9564600e-04
   1.0127382e-04
  -8.6917492e-18
  -1.0127382e-04
  -1.9564600e-04
  -2.7668522e-04
  -3.3886881e-04
  -3.7795905e-04
  -3.9003915e-04
  -3.7674888e-04
  -3.3778381e-04
  -2.7579933e-04
  -1.9501957e-04
  -1.0094956e-04
   5.8986580e-18
   1.0094956e-04
   1.9501957e-04
   2.7579933e-04
   3.3778381e-04
   3.7674888e-04
   3.9003915e-04
   3.7674888e-04
   3.3778381e-04
   2.7579933e-04
   1.9501957e-04
   1.0094956e-04
   3.8510684e-18
  -1.0094956e-04
  -1.9501957e-04
  -2.7579933e-04
  -3.3778381e-04
  -3.7674888e-04
   2.5207860e-03
   2.4348923e-03
   2.1830647e-03
   1.7824649e-03
   1.2603930e-03
   6.5242743e-04
   4.7014762e-18
  -6.5242743e-04
  -1.2603930e-03
  -1.7824649e-03
  -2.1830647e-03
  -2.4348923e-03
  -2.5207860e-03
  -2.4348923e-03
  -2.1830647e-03
  -1.7824649e-03
  -1.2603930e-03
  -6.5242743e-04
   3.5185219e-18
   6.5242743e-04
   1.2603930e-03
   1.7824649e-03
   2.1830647e-03
   2.4348923e-03
  -1.6876787e-03
  -1.6301725e-03
  -1.4615726e-03
  -1.1933691e-03
  -8.4383936e-04
  -4.3680339e-04
   5.3592304e-18
   4.3680339e-04
   8.4383936e-04
   1.1933691e-03
   1.4615726e-03
   1.6301725e-03
   1.6876787e-03
   1.6301725e-03
   1.4615726e-03
   1.1933691e-03
   8.4383936e-04
   4.3680339e-04
   3.6162536e-17
  -4.3680339e-04
  -8.4383936e-04
  -1.1933691e-03
  -1.4615726e-03
  -1.6301725e-03
  -5.4490782e-03
  -5.2634054e-03
  -4.7190402e-03
  -3.8530802e-03
  -2.7245391e-03
  -1.4103252e-03
   1.2242961e-17
   1.4103252e-03
   2.7245391e-03
   3.8530802e-03
   4.7190402e-03
   5.2634054e-03
   5.4490782e-03
   5.2634054e-03
   4.7190402e-03
   3.8530802e-03
   2.7245391e-03
   1.4103252e-03
   4.0071408e-17
  -1.4103252e-03
  -2.7245391e-03
  -3.8530802e-03
  -4.7190402e-03
  -5.2634054e-03
   4.4523476e-03
   4.3006375e-03
   3.8558461e-03
   3.1482852e-03
   2.2261738e-03
   1.1523524e-03
   1.8468918e-17
  -1.1523524e-03
  -2.2261738e-03
  -3.1482852e-03
  -3.8558461e-03
  -4.3006375e-03
  -4.4523476e-03
  -4.3006375e-03
  -3.8558461e-03
  -3.1482852e-03
  -2.2261738e-03
  -1.1523524e-03
   1.3697402e-16
   1.1523524e-03
   2.2261738e-03
   3.1482852e-03
   3.8558461e-03
   4.3006375e-03
   1.0846561e-02
   1.0476974e-02
   9.3933978e-03
   7.6696772e-03
   5.4232807e-03
   2.8072967e-03
   8.0010838e-17
  -2.8072967e-03
  -5.4232807e-03
  -7.6696772e-03
  -9.3933978e-03
  -1.0476974e-02
  -1.0846561e-02
  -1.0476974e-02
  -9.3933978e-03
  -7.6696772e-03
  -5.4232807e-03
  -2.8072967e-03
   3.6695061e-16
   2.8072967e-03
   5.4232807e-03
   7.6696772e-03
   9.3933978e-03
   1.0476974e-02
   4.4523476e-03
   4.3006375e-03
   3.8558461e-03
   3.1482852e-03
   2.2261738e-03
   1.1523524e-03
   3.0364119e-17
  -1.1523524e-03
  -2.2261738e-03
  -3.1482852e-03
  -3.8558461e-03
  -4.3006375e-03
  -4.4523476e-03
  -4.3006375e-03
  -3.8558461e-03
  -3.1482852e-03
  -2.2261738e-03
  -1.1523524e-03
   1.3280598e-16
   1.1523524e-03
   2.2261738e-03
   3.1482852e-03
   3.8558461e-03
   4.3006375e-03
  -5.4490782e-03
  -5.2634054e-03
  -4.7190402e-03
  -3.8530802e-03
  -2.7245391e-03
  -1.4103252e-03
   1.8123329e-17
   1.4103252e-03
   2.7245391e-03
   3.8530802e-03
   4.7190402e-03
   5.2634054e-03
   5.4490782e-03
   5.2634054e-03
   4.7190402e-03
   3.8530802e-03
   2.7245391e-03
   1.4103252e-03
   2.0925102e-17
  -1.4103252e-03
  -2.7245391e-03
  -3.8530802e-03
  -4.7190402e-03
  -5.2634054e-03
  -1.6876787e-03
  -1.6301725e-03
  -1.4615726e-03
  -1.1933691e-03
  -8.4383936e-04
  -4.3680339e-04
  -1.6322007e-17
   4.3680339e-04
   8.4383936e-04
   1.1933691e-03
   1.4615726e-03
   1.6301725e-03
   1.6876787e-03
   1.6301725e-03
   1.4615726e-03
   1.1933691e-03
   8.4383936e-04
   4.3680339e-04
   1.2173558e-17
  -4.3680339e-04
  -8.4383936e-04
  -1.1933691e-03
  -1.4615726e-03
  -1.6301725e-03
   2.5207860e-03
   2.4348923e-03
   2.1830647e-03
   1.7824649e-03
   1.2603930e-03
   6.5242743e-04
  -1.7426432e-17
  -6.5242743e-04
  -1.2603930e-03
  -1.7824649e-03
  -2.1830647e-03
  -2.4348923e-03
  -2.5207860e-03
  -2.4348923e-03
  -2.1830647e-03
  -1.7824649e-03
  -1.2603930e-03
  -6.5242743e-04
  -2.4498310e-18
   6.5242743e-04
   1.2603930e-03
   1.7824649e-03
   2.1830647e-03
   2.4348923e-03
  -3.9003915e-04
  -3.7674888e-04
  -3.3778381e-04
  -2.7579933e-04
  -1.9501957e-04
  -1.0094956e-04
   6.7994511e-18
   1.0094956e-04
   1.9501957e-04
   2.7579933e-04
   3.3778381e-04
   3.7674888e-04
   3.9003915e-04
   3.7674888e-04
   3.3778381e-04
   2.7579933e-04
   1.9501957e-04
   1.0094956e-04
   1.8088389e-18
  -1.0094956e-04
  -1.9501957e-04
  -2.7579933e-04
  -3.3778381e-04
  -3.7674888e-04
  -3.9129200e-04
  -3.7795905e-04
  -3.3886881e-04
  -2.7668522e-04
  -1.9564600e-04
  -1.0127382e-04
  -4.1560201e-19
   1.0127382e-04
   1.9564600e-04
   2.7668522e-04
   3.3886881e-04
   3.7795905e-04
   3.9129200e-04
   3.7795905e-04
   3.3886881e-04
   2.7668522e-04
   1.9564600e-04
   1.0127382e-04
   3.4408596e-18
  -1.0127382e-04
  -1.9564600e-04
  -2.7668522e-04
  -3.3886881e-04
  -3.7795905e-04
  -6.4851092e-18
  -1.0127382e-04
  -1.9564600e-04
  -2.7668522e-04
  -3.3886881e-04
  -3.7795905e-04
  -3.9129200e-04
  -3.7795905e-04
  -3.3886881e-04
  -2.7668522e-04
  -1.9564600e-04
  -1.0127382e-04
  -1.0568748e-17
   1.0127382e-04
   1.9564600e-04
   2.7668522e-04
   3.3886881e-04
   3.7795905e-04
   3.9129200e-04
   3.7795905e-04
   3.3886881e-04
   2.7668522e-04
   1.9564600e-04
   1.0127382e-04
   1.0838934e-17
  -1.0094956e-04
  -1.9501957e-04
  -2.7579933e-04
  -3.3778381e-04
  -3.7674888e-04
  -3.9003915e-04
  -3.7674888e-04
  -3.3778381e-04
  -2.7579933e-04
  -1.9501957e-04
  -1.0094956e-04
   2.2468078e-18
   1.0094956e-04
   1.9501957e-04
   2.7579933e-04
   3.3778381e-04
   3.7674888e-04
   3.9003915e-04
   3.7674888e-04
   3.3778381e-04
   2.7579933e-04
   1.9501957e-04
   1.0094956e-04
   1.7406805e-17
   6.5242743e-04
   1.2603930e-03
   1.7824649e-03
   2.1830647e-03
   2.4348923e-03
   2.5207860e-03
   2.4348923e-03
   2.1830647e-03
   1.7824649e-03
   1.2603930e-03
   6.5242743e-04
   3.3542266e-17
  -6.5242743e-04
  -1.2603930e-03
  -1.7824649e-03
  -2.1830647e-03
  -2.4348923e-03
  -2.5207860e-03
  -2.4348923e-03
  -2.1830647e-03
  -1.7824649e-03
  -1.2603930e-03
  -6.5242743e-04
   8.2892305e-17
  -4.3680339e-04
  -8.4383936e-04
  -1.1933691e-03
  -1.4615726e-03
  -1.6301725e-03
  -1.6876787e-03
  -1.6301725e-03
  -1.4615726e-03
  -1.1933691e-03
  -8.4383936e-04
  -4.3680339e-04
   3.6796468e-17
   4.3680339e-04
   8.4383936e-04
   1.1933691e-03
   1.4615726e-03
   1.6301725e-03
   1.6876787e-03
   1.6301725e-03
   1.4615726e-03
   1.1933691e-03
   8.4383936e-04
   4.3680339e-04
   1.2335583e-16
  -1.4103252e-03
  -2.7245391e-03
  -3.8530802e-03
  -4.7190402e-03
  -5.2634054e-03
  -5.4490782e-03
  -5.2634054e-03
  -4.7190402e-03
  -3.8530802e-03
  -2.7245391e-03
  -1.4103252e-03
   4.4450449e-17
   1.4103252e-03
   2.7245391e-03
   3.8530802e-03
   4.7190402e-03
   5.2634054e-03
   5.4490782e-03
   5.2634054e-03
   4.7190402e-03
   3.8530802e-03
   2.7245391e-03
   1.4103252e-03
   1.0439837e-16
   1.1523524e-03
   2.2261738e-03
   3.1482852e-03
   3.8558461e-03
   4.3006375e-03
   4.4523476e-03
   4.3006375e-03
   3.8558461e-03
   3.1482852e-03
   2.2261738e-03
   1.1523524e-03
   6.1775589e-17
  -1.1523524e-03
  -2.2261738e-03
  -3.1482852e-03
  -3.8558461e-03
  -4.3006375e-03
  -4.4523476e-03
  -4.3006375e-03
  -3.8558461e-03
  -3.1482852e-03
  -2.2261738e-03
  -1.1523524e-03
   9.0118628e-17
   2.8072967e-03
   5.4232807e-03
   7.6696772e-03
   9.3933978e-03
   1.0476974e-02
   1.0846561e-02
   1.0476974e-02
   9.3933978e-03
   7.6696772e-03
   5.4232807e-03
   2.8072967e-03
   4.6798676e-17
  -2.8072967e-03
  -5.4232807e-03
  -7.6696772e-03
  -9.3933978e-03
  -1.0476974e-02
  -1.0846561e-02
  -1.0476974e-02
  -9.3933978e-03
  -7.6696772e-03
  -5.4232807e-03
  -2.8072967e-03
   8.7063142e-17
   1.1523524e-03
   2.2261738e-03
   3.1482852e-03
   3.8558461e-03
   4.3006375e-03
   4.4523476e-03
   4.3006375e-03
   3.8558461e-03
   3.1482852e-03
   2.2261738e-03
   1.1523524e-03
   7.3227176e-17
  -1.1523524e-03
  -2.2261738e-03
  -3.1482852e-03
  -3.8558461e-03
  -4.3006375e-03
  -4.4523476e-03
  -4.3006375e-03
  -3.8558461e-03
  -3.1482852e-03
  -2.2261738e-03
  -1.1523524e-03
   9.2551531e-17
  -1.4103252e-03
  -2.7245391e-03
  -3.8530802e-03
  -4.7190402e-03
  -5.2634054e-03
  -5.4490782e-03
  -5.2634054e-03
  -4.7190402e-03
  -3.8530802e-03
  -2.7245391e-03
  -1.4103252e-03
   6.2724709e-17
   1.4103252e-03
   2.7245391e-03
   3.8530802e-03
   4.7190402e-03
   5.2634054e-03
   5.4490782e-03
   5.2634054e-03
   4.7190402e-03
   3.8530802e-03
   2.7245391e-03
   1.4103252e-03
   8.0231808e-17
  -4.3680339e-04
  -8.4383936e-04
  -1.1933691e-03
  -1.4615726e-03
  -1.6301725e-03
  -1.6876787e-03
  -1.6301725e-03
  -1.4615726e-03
  -1.1933691e-03
  -8.4383936e-04
  -4.3680339e-04
   3.2937088e-17
   4.3680339e-04
   8.4383936e-04
   1.1933691e-03
   1.4615726e-03
   1.6301725e-03
   1.6876787e-03
   1.6301725e-03
   1.4615726e-03
   1.1933691e-03
   8.4383936e-04
   4.3680339e-04
   4.7456927e-17
   6.5242743e-04
   1.2603930e-03
   1.7824649e-03
   2.1830647e-03
   2.4348923e-03
   2.5207860e-03
   2.4348923e-03
   2.1830647e-03
   1.7824649e-03
   1.2603930e-03
   6.5242743e-04
   3.2402610e-17
  -6.5242743e-04
  -1.2603930e-03
  -1.7824649e-03
  -2.1830647e-03
  -2.4348923e-03
  -2.5207860e-03
  -2.4348923e-03
  -2.1830647e-03
  -1.7824649e-03
  -1.2603930e-03
  -6.5242743e-04
   2.0278075e-17
  -1.0094956e-04
  -1.9501957e-04
  -2.7579933e-04
  -3.3778381e-04
  -3.7674888e-04
  -3.9003915e-04
  -3.7674888e-04
  -3.3778381e-04
  -2.7579933e-04
  -1.9501957e-04
  -1.0094956e-04
   1.0068575e-17
   1.0094956e-04
   1.9501957e-04
   2.7579933e-04
   3.3778381e-04
   3.7674888e-04
   3.9003915e-04
   3.7674888e-04
   3.3778381e-04
   2.7579933e-04
   1.9501957e-04
   1.0094956e-04
   2.3555986e-18
  -1.0127382e-04
  -1.9564600e-04
  -2.7668522e-04
  -3.3886881e-04
  -3.7795905e-04
  -3.9129200e-04
  -3.7795905e-04
  -3.3886881e-04
  -2.7668522e-04
  -1.9564600e-04
  -1.0127382e-04
  -6.8195417e-18
   1.0127382e-04
   1.9564600e-04
   2.7668522e-04
   3.3886881e-04
   3.7795905e-04
   3.9129200e-04
   3.7795905e-04
   3.3886881e-04
   2.7668522e-04
   1.9564600e-04
   1.0127382e-04
   7.8535329e-04
   7.8535329e-04
   7.8535329e-04
   7.8535329e-04
   7.8535329e-04
   7.8535329e-04
   7.8535329e-04
   7.8535329e-04
   7.8535329e-04
   7.8535329e-04
   7.8535329e-04
   7.8535329e-04
   7.8535329e-04
   7.8535329e-04
   7.8535329e-04
   7.8535329e-04
   7.8535329e-04
   7.8535329e-04
   7.8535329e-04
   7.8535329e-04
   7.8535329e-04
   7.8535329e-04
   7.8535329e-04
   7.8535329e-04
   1.3708904e-03
   1.3708904e-03
   1.3708904e-03
   1.3708904e-03
   1.3708904e-03
   1.3708904e-03
   1.3708904e-03
   1.3708904e-03
   1.3708904e-03
   1.3708904e-03
   1.3708904e-03
   1.3708904e-03
   1.3708904e-03
   1.3708904e-03
   1.3708904e-03
   1.3708904e-03
   1.3708904e-03
   1.3708904e-03
   1.3708904e-03
   1.3708904e-03
   1.3708904e-03
   1.3708904e-03
   1.3708904e-03
   1.3708904e-03
  -9.6111277e-04
  -9.6111277e-04
  -9.6111277e-04
  -9.6111277e-04
  -9.6111277e-04
  -9.6111277e-04
  -9.6111277e-04
  -9.6111277e-04
  -9.6111277e-04
  -9.6111277e-04
  -9.6111277e-04
  -9.6111277e-04
  -9.6111277e-04
  -9.6111277e-04
  -9.6111277e-04
  -9.6111277e-04
  -9.6111277e-04
  -9.6111277e-04
  -9.6111277e-04
  -9.6111277e-04
  -9.6111277e-04
  -9.6111277e-04
  -9.6111277e-04
  -9.6111277e-04
  -1.2885043e-03
  -1.2885043e-03
  -1.2885043e-03
  -1.2885043e-03
  -1.2885043e-03
  -1.2885043e-03
  -1.2885043e-03
  -1.2885043e-03
  -1.2885043e-03
  -1.2885043e-03
  -1.2885043e-03
  -1.2885043e-03
  -1.2885043e-03
  -1.2885043e-03
  -1.2885043e-03
  -1.2885043e-03
  -1.2885043e-03
  -1.2885043e-03
  -1.2885043e-03
  -1.2885043e-03
  -1.2885043e-03
  -1.2885043e-03
  -1.2885043e-03
  -1.2885043e-03
  -1.1954127e-03
  -1.1954127e-03
  -1.1954127e-03
  -1.1954127e-03
  -1.1954127e-03
  -1.1954127e-03
  -1.1954127e-03
  -1.1954127e-03
  -1.1954127e-03
  -1.1954127e-03
  -1.1954127e-03
  -1.1954127e-03
  -1.1954127e-03
  -1.1954127e-03
  -1.1954127e-03
  -1.1954127e-03
  -1.1954127e-03
  -1.1954127e-03
  -1.1954127e-03
  -1.1954127e-03
  -1.1954127e-03
  -1.1954127e-03
  -1.1954127e-03
  -1.1954127e-03
   1.0773362e-03
   1.0773362e-03
   1.0773362e-03
   1.0773362e-03
   1.0773362e-03
   1.0773362e-03
   1.0773362e-03
   1.0773362e-03
   1.0773362e-03
   1.0773362e-03
   1.0773362e-03
   1.0773362e-03
   1.0773362e-03
   1.0773362e-03
   1.0773362e-03
   1.0773362e-03
   1.0773362e-03
   1.0773362e-03
   1.0773362e-03
   1.0773362e-03
   1.0773362e-03
   1.0773362e-03
   1.0773362e-03
   1.0773362e-03
  -8.0017508e-17
  -5.1616494e-17
  -4.8643408e-17
  -7.4261073e-17
  -6.2540678e-17
  -3.9537804e-17
  -4.4182086e-17
  -2.3857530e-17
  -9.6612578e-18
  -3.9575073e-17
  -6.0667464e-17
  -4.2270756e-17
  -4.7343213e-17
  -5.6508533e-17
  -5.0789790e-17
  -1.6560341e-17
  -1.9505475e-17
  -4.9083018e-17
  -5.1438617e-17
  -3.4492876e-17
  -4.4318458e-17
  -4.0708403e-17
  -5.9133064e-17
  -8.8365018e-17
  -1.0773362e-03
  -1.0773362e-03
  -1.0773362e-03
  -1.0773362e-03
  -1.0773362e-03
  -1.0773362e-03
  -1.0773362e-03
  -1.0773362e-03
  -1.0773362e-03
  -1.0773362e-03
  -1.0773362e-03
  -1.0773362e-03
  -1.0773362e-03
  -1.0773362e-03
  -1.0773362e-03
  -1.0773362e-03
  -1.0773362e-03
  -1.0773362e-03
  -1.0773362e-03
  -1.0773362e-03
  -1.0773362e-03
  -1.0773362e-03
  -1.0773362e-03
  -1.0773362e-03
   1.1954127e-03
   1.1954127e-03
   1.1954127e-03
   1.1954127e-03
   1.1954127e-03
   1.1954127e-03
   1.1954127e-03
   1.1954127e-03
   1.1954127e-03
   1.1954127e-03
   1.1954127e-03
   1.1954127e-03
   1.1954127e-03
   1.1954127e-03
   1.1954127e-03
   1.1954127e-03
   1.1954127e-03
   1.1954127e-03
   1.1954127e-03
   1.1954127e-03
   1.1954127e-03
   1.1954127e-03
   1.1954127e-03
   1.1954127e-03
   1.2885043e-03
   1.2885043e-03
   1.2885043e-03
   1.2885043e-03
   1.2885043e-03
   1.2885043e-03
   1.2885043e-03
   1.2885043e-03
   1.2885043e-03
   1.2885043e-03
   1.2885043e-03
   1.2885043e-03
   1.2885043e-03
   1.2885043e-03
   1.2885043e-03
   1.2885043e-03
   1.2885043e-03
   1.2885043e-03
   1.2885043e-03
   1.2885043e-03
   1.2885043e-03
   1.2885043e-03
   1.2885043e-03
   1.2885043e-03
   9.6111277e-04
   9.6111277e-04
   9.6111277e-04
   9.6111277e-04
   9.6111277e-04
   9.6111277e-04
   9.6111277e-04
   9.6111277e-04
   9.6111277e-04
   9.6111277e-04
   9.6111277e-04
   9.6111277e-04
   9.6111277e-04
   9.6111277e-04
   9.6111277e-04
   9.6111277e-04
   9.6111277e-04
   9.6111277e-04
   9.6111277e-04
   9.6111277e-04
   9.6111277e-04
   9.6111277e-04
   9.6111277e-04
   9.6111277e-04
  -1.3708904e-03
  -1.3708904e-03
  -1.3708904e-03
  -1.3708904e-03
  -1.3708904e-03
  -1.3708904e-03
  -1.3708904e-03
  -1.3708904e-03
  -1.3708904e-03
  -1.3708904e-03
  -1.3708904e-03
  -1.3708904e-03
  -1.3708904e-03
  -1.3708904e-03
  -1.3708904e-03
  -1.3708904e-03
  -1.3708904e-03
  -1.3708904e-03
  -1.3708904e-03
  -1.3708904e-03
  -1.3708904e-03
  -1.3708904e-03
  -1.3708904e-03
  -1.3708904e-03
  -7.8535329e-04
  -7.8535329e-04
  -7.8535329e-04
  -7.8535329e-04
  -7.8535329e-04
  -7.8535329e-04
  -7.8535329e-04
  -7.8535329e-04
  -7.8535329e-04
  -7.8535329e-04
  -7.8535329e-04
  -7.8535329e-04
  -7.8535329e-04
  -7.8535329e-04
  -7.8535329e-04
  -7.8535329e-04
  -7.8535329e-04
  -7.8535329e-04
  -7.8535329e-04
  -7.8535329e-04
  -7.8535329e-04
  -7.8535329e-04
  -7.8535329e-04
  -7.8535329e-04
