  -3.3210475e-02
  -3.2078856e-02
  -2.8761115e-02
  -2.3483352e-02
  -1.6605238e-02
  -8.5955034e-03
   1.7998530e-16
   8.5955034e-03
   1.6605238e-02
   2.3483352e-02
   2.8761115e-02
   3.2078856e-02
   3.3210475e-02
   3.2078856e-02
   2.8761115e-02
   2.3483352e-02
   1.6605238e-02
   8.5955034e-03
  -8.3323609e-17
  -8.5955034e-03
  -1.6605238e-02
  -2.3483352e-02
  -2.8761115e-02
  -3.2078856e-02
  -1.5021327e-02
  -1.4509488e-02
  -1.3008851e-02
  -1.0621683e-02
  -7.5106637e-03
  -3.8878056e-03
  -1.7970079e-16
   3.8878056e-03
   7.5106637e-03
   1.0621683e-02
   1.3008851e-02
   1.4509488e-02
   1.5021327e-02
   1.4509488e-02
   1.3008851e-02
   1.0621683e-02
   7.5106637e-03
   3.8878056e-03
  -1.1392572e-16
  -3.8878056e-03
  -7.5106637e-03
  -1.0621683e-02
  -1.3008851e-02
  -1.4509488e-02
   1.4607789e-02
   1.4110041e-02
   1.2650717e-02
   1.0329267e-02
   7.3038946e-03
   3.7807741e-03
   2.1081503e-16
  -3.7807741e-03
  -7.3038946e-03
  -1.0329267e-02
  -1.2650717e-02
  -1.4110041e-02
  -1.4607789e-02
  -1.4110041e-02
  -1.2650717e-02
  -1.0329267e-02
  -7.3038946e-03
  -3.7807741e-03
   3.3641199e-16
   3.7807741e-03
   7.3038946e-03
   1.0329267e-02
   1.2650717e-02
   1.4110041e-02
   9.6332660e-03
   9.3050204e-03
   8.3426531e-03
   6.8117477e-03
   4.8166330e-03
   2.4932727e-03
   1.0588812e-16
  -2.4932727e-03
  -4.8166330e-03
  -6.8117477e-03
  -8.3426531e-03
  -9.3050204e-03
  -9.6332660e-03
  -9.3050204e-03
  -8.3426531e-03
  -6.8117477e-03
  -4.8166330e-03
  -2.4932727e-03
   3.1798525e-16
   2.4932727e-03
   4.8166330e-03
   6.8117477e-03
   8.3426531e-03
   9.3050204e-03
   2.1129088e-03
   2.0409132e-03
   1.8298327e-03
   1.4940521e-03
   1.0564544e-03
   5.4686103e-04
   1.8966536e-17
  -5.4686103e-04
  -1.0564544e-03
  -1.4940521e-03
  -1.8298327e-03
  -2.0409132e-03
  -2.1129088e-03
  -2.0409132e-03
  -1.8298327e-03
  -1.4940521e-03
  -1.0564544e-03
  -5.4686103e-04
   6.9054697e-17
   5.4686103e-04
   1.0564544e-03
   1.4940521e-03
   1.8298327e-03
   2.0409132e-03
   3.6907175e-03
   3.5649593e-03
   3.1962551e-03
   2.6097314e-03
   1.8453587e-03
   9.5522797e-04
   5.2758114e-17
  -9.5522797e-04
  -1.8453587e-03
  -2.6097314e-03
  -3.1962551e-03
  -3.5649593e-03
  -3.6907175e-03
  -3.5649593e-03
  -3.1962551e-03
  -2.6097314e-03
  -1.8453587e-03
  -9.5522797e-04
   9.8264204e-17
   9.5522797e-04
   1.8453587e-03
   2.6097314e-03
   3.1962551e-03
   3.5649593e-03
   4.8994689e-03
   4.7325235e-03
   4.2430645e-03
   3.4644477e-03
   2.4497344e-03
   1.2680759e-03
   1.0411390e-16
  -1.2680759e-03
  -2.4497344e-03
  -3.4644477e-03
  -4.2430645e-03
  -4.7325235e-03
  -4.8994689e-03
  -4.7325235e-03
  -4.2430645e-03
  -3.4644477e-03
  -2.4497344e-03
  -1.2680759e-03
   1.2527351e-16
   1.2680759e-03
   2.4497344e-03
   3.4644477e-03
   4.2430645e-03
   4.7325235e-03
   3.6907175e-03
   3.5649593e-03
   3.1962551e-03
   2.6097314e-03
   1.8453587e-03
   9.5522797e-04
   5.7009624e-17
  -9.5522797e-04
  -1.8453587e-03
  -2.6097314e-03
  -3.1962551e-03
  -3.5649593e-03
  -3.6907175e-03
  -3.5649593e-03
  -3.1962551e-03
  -2.6097314e-03
  -1.8453587e-03
  -9.5522797e-04
   8.8363450e-17
   9.5522797e-04
   1.8453587e-03
   2.6097314e-03
   3.1962551e-03
   3.5649593e-03
   2.1129088e-03
   2.0409132e-03
   1.8298327e-03
   1.4940521e-03
   1.0564544e-03
   5.4686103e-04
   2.2736331e-17
  -5.4686103e-04
  -1.0564544e-03
  -1.4940521e-03
  -1.8298327e-03
  -2.0409132e-03
  -2.1129088e-03
  -2.0409132e-03
  -1.8298327e-03
  -1.4940521e-03
  -1.0564544e-03
  -5.4686103e-04
   6.5529028e-17
   5.4686103e-04
   1.0564544e-03
   1.4940521e-03
   1.8298327e-03
   2.0409132e-03
   9.6332660e-03
   9.3050204e-03
   8.3426531e-03
   6.8117477e-03
   4.8166330e-03
   2.4932727e-03
   1.2369606e-16
  -2.4932727e-03
  -4.8166330e-03
  -6.8117477e-03
  -8.3426531e-03
  -9.3050204e-03
  -9.6332660e-03
  -9.3050204e-03
  -8.3426531e-03
  -6.8117477e-03
  -4.8166330e-03
  -2.4932727e-03
   3.2336871e-16
   2.4932727e-03
   4.8166330e-03
   6.8117477e-03
   8.3426531e-03
   9.3050204e-03
   1.4607789e-02
   1.4110041e-02
   1.2650717e-02
   1.0329267e-02
   7.3038946e-03
   3.7807741e-03
   2.2179582e-16
  -3.7807741e-03
  -7.3038946e-03
  -1.0329267e-02
  -1.2650717e-02
  -1.4110041e-02
  -1.4607789e-02
  -1.4110041e-02
  -1.2650717e-02
  -1.0329267e-02
  -7.3038946e-03
  -3.7807741e-03
   3.4463610e-16
   3.7807741e-03
   7.3038946e-03
   1.0329267e-02
   1.2650717e-02
   1.4110041e-02
  -1.5021327e-02
  -1.4509488e-02
  -1.3008851e-02
  -1.0621683e-02
  -7.5106637e-03
  -3.8878056e-03
  -1.8839977e-16
   3.8878056e-03
   7.5106637e-03
   1.0621683e-02
   1.3008851e-02
   1.4509488e-02
   1.5021327e-02
   1.4509488e-02
   1.3008851e-02
   1.0621683e-02
   7.5106637e-03
   3.8878056e-03
  -5.0876394e-17
  -3.8878056e-03
  -7.5106637e-03
  -1.0621683e-02
  -1.3008851e-02
  -1.4509488e-02
  -3.3210475e-02
  -3.2078856e-02
  -2.8761115e-02
  -2.3483352e-02
  -1.6605238e-02
  -8.5955034e-03
   2.2273436e-16
   8.5955034e-03
   1.6605238e-02
   2.3483352e-02
   2.8761115e-02
   3.2078856e-02
   3.3210475e-02
   3.2078856e-02
   2.8761115e-02
   2.3483352e-02
   1.6605238e-02
   8.5955034e-03
   3.3152408e-17
  -8.5955034e-03
  -1.6605238e-02
  -2.3483352e-02
  -2.8761115e-02
  -3.2078856e-02
   6.1901749e-16
  -8.5955034e-03
  -1.6605238e-02
  -2.3483352e-02
  -2.8761115e-02
  -3.2078856e-02
  -3.3210475e-02
  -3.2078856e-02
  -2.8761115e-02
  -2.3483352e-02
  -1.6605238e-02
  -8.5955034e-03
   2.4744033e-16
   8.5955034e-03
   1.6605238e-02
   2.3483352e-02
   2.8761115e-02
   3.2078856e-02
   3.3210475e-02
   3.2078856e-02
   2.8761115e-02
   2.3483352e-02
   1.6605238e-02
   8.5955034e-03
  -7.2922833e-18
  -3.8878056e-03
  -7.5106637e-03
  -1.0621683e-02
  -1.3008851e-02
  -1.4509488e-02
  -1.5021327e-02
  -1.4509488e-02
  -1.3008851e-02
  -1.0621683e-02
  -7.5106637e-03
  -3.8878056e-03
   2.6633934e-18
   3.8878056e-03
   7.5106637e-03
   1.0621683e-02
   1.3008851e-02
   1.4509488e-02
   1.5021327e-02
   1.4509488e-02
   1.3008851e-02
   1.0621683e-02
   7.5106637e-03
   3.8878056e-03
  -7.2086647e-17
   3.7807741e-03
   7.3038946e-03
   1.0329267e-02
   1.2650717e-02
   1.4110041e-02
   1.4607789e-02
   1.4110041e-02
   1.2650717e-02
   1.0329267e-02
   7.3038946e-03
   3.7807741e-03
  -3.1240721e-17
  -3.7807741e-03
  -7.3038946e-03
  -1.0329267e-02
  -1.2650717e-02
  -1.4110041e-02
  -1.4607789e-02
  -1.4110041e-02
  -1.2650717e-02
  -1.0329267e-02
  -7.3038946e-03
  -3.7807741e-03
  -2.0485349e-16
   2.4932727e-03
   4.8166330e-03
   6.8117477e-03
   8.3426531e-03
   9.3050204e-03
   9.6332660e-03
   9.3050204e-03
   8.3426531e-03
   6.8117477e-03
   4.8166330e-03
   2.4932727e-03
  -2.5737178e-16
  -2.4932727e-03
  -4.8166330e-03
  -6.8117477e-03
  -8.3426531e-03
  -9.3050204e-03
  -9.6332660e-03
  -9.3050204e-03
  -8.3426531e-03
  -6.8117477e-03
  -4.8166330e-03
  -2.4932727e-03
   2.6358784e-17
   5.4686103e-04
   1.0564544e-03
   1.4940521e-03
   1.8298327e-03
   2.0409132e-03
   2.1129088e-03
   2.0409132e-03
   1.8298327e-03
   1.4940521e-03
   1.0564544e-03
   5.4686103e-04
  -9.9005362e-17
  -5.4686103e-04
  -1.0564544e-03
  -1.4940521e-03
  -1.8298327e-03
  -2.0409132e-03
  -2.1129088e-03
  -2.0409132e-03
  -1.8298327e-03
  -1.4940521e-03
  -1.0564544e-03
  -5.4686103e-04
   1.6770934e-16
   9.5522797e-04
   1.8453587e-03
   2.6097314e-03
   3.1962551e-03
   3.5649593e-03
   3.6907175e-03
   3.5649593e-03
   3.1962551e-03
   2.6097314e-03
   1.8453587e-03
   9.5522797e-04
  -2.2622289e-16
  -9.5522797e-04
  -1.8453587e-03
  -2.6097314e-03
  -3.1962551e-03
  -3.5649593e-03
  -3.6907175e-03
  -3.5649593e-03
  -3.1962551e-03
  -2.6097314e-03
  -1.8453587e-03
  -9.5522797e-04
   3.0177662e-16
   1.2680759e-03
   2.4497344e-03
   3.4644477e-03
   4.2430645e-03
   4.7325235e-03
   4.8994689e-03
   4.7325235e-03
   4.2430645e-03
   3.4644477e-03
   2.4497344e-03
   1.2680759e-03
  -2.9356956e-16
  -1.2680759e-03
  -2.4497344e-03
  -3.4644477e-03
  -4.2430645e-03
  -4.7325235e-03
  -4.8994689e-03
  -4.7325235e-03
  -4.2430645e-03
  -3.4644477e-03
  -2.4497344e-03
  -1.2680759e-03
   1.5773933e-16
   9.5522797e-04
   1.8453587e-03
   2.6097314e-03
   3.1962551e-03
   3.5649593e-03
   3.6907175e-03
   3.5649593e-03
   3.1962551e-03
   2.6097314e-03
   1.8453587e-03
   9.5522797e-04
  -2.1323810e-16
  -9.5522797e-04
  -1.8453587e-03
  -2.6097314e-03
  -3.1962551e-03
  -3.5649593e-03
  -3.6907175e-03
  -3.5649593e-03
  -3.1962551e-03
  -2.6097314e-03
  -1.8453587e-03
  -9.5522797e-04
   1.1243967e-17
   5.4686103e-04
   1.0564544e-03
   1.4940521e-03
   1.8298327e-03
   2.0409132e-03
   2.1129088e-03
   2.0409132e-03
   1.8298327e-03
   1.4940521e-03
   1.0564544e-03
   5.4686103e-04
  -1.1899534e-16
  -5.4686103e-04
  -1.0564544e-03
  -1.4940521e-03
  -1.8298327e-03
  -2.0409132e-03
  -2.1129088e-03
  -2.0409132e-03
  -1.8298327e-03
  -1.4940521e-03
  -1.0564544e-03
  -5.4686103e-04
  -1.1010516e-16
   2.4932727e-03
   4.8166330e-03
   6.8117477e-03
   8.3426531e-03
   9.3050204e-03
   9.6332660e-03
   9.3050204e-03
   8.3426531e-03
   6.8117477e-03
   4.8166330e-03
   2.4932727e-03
  -3.2659444e-16
  -2.4932727e-03
  -4.8166330e-03
  -6.8117477e-03
  -8.3426531e-03
  -9.3050204e-03
  -9.6332660e-03
  -9.3050204e-03
  -8.3426531e-03
  -6.8117477e-03
  -4.8166330e-03
  -2.4932727e-03
  -1.2263432e-16
   3.7807741e-03
   7.3038946e-03
   1.0329267e-02
   1.2650717e-02
   1.4110041e-02
   1.4607789e-02
   1.4110041e-02
   1.2650717e-02
   1.0329267e-02
   7.3038946e-03
   3.7807741e-03
   1.2714770e-18
  -3.7807741e-03
  -7.3038946e-03
  -1.0329267e-02
  -1.2650717e-02
  -1.4110041e-02
  -1.4607789e-02
  -1.4110041e-02
  -1.2650717e-02
  -1.0329267e-02
  -7.3038946e-03
  -3.7807741e-03
  -1.0348005e-16
  -3.8878056e-03
  -7.5106637e-03
  -1.0621683e-02
  -1.3008851e-02
  -1.4509488e-02
  -1.5021327e-02
  -1.4509488e-02
  -1.3008851e-02
  -1.0621683e-02
  -7.5106637e-03
  -3.8878056e-03
  -4.0805710e-17
   3.8878056e-03
   7.5106637e-03
   1.0621683e-02
   1.3008851e-02
   1.4509488e-02
   1.5021327e-02
   1.4509488e-02
   1.3008851e-02
   1.0621683e-02
   7.5106637e-03
   3.8878056e-03
  -8.9320819e-17
  -8.5955034e-03
  -1.6605238e-02
  -2.3483352e-02
  -2.8761115e-02
  -3.2078856e-02
  -3.3210475e-02
  -3.2078856e-02
  -2.8761115e-02
  -2.3483352e-02
  -1.6605238e-02
  -8.5955034e-03
  -5.8548544e-16
   8.5955034e-03
   1.6605238e-02
   2.3483352e-02
   2.8761115e-02
   3.2078856e-02
   3.3210475e-02
   3.2078856e-02
   2.8761115e-02
   2.3483352e-02
   1.6605238e-02
   8.5955034e-03
   9.2250515e-02
   9.2250515e-02
   9.2250515e-02
   9.2250515e-02
   9.2250515e-02
   9.2250515e-02
   9.2250515e-02
   9.2250515e-02
   9.2250515e-02
   9.2250515e-02
   9.2250515e-02
   9.2250515e-02
   9.2250515e-02
   9.2250515e-02
   9.2250515e-02
   9.2250515e-02
   9.2250515e-02
   9.2250515e-02
   9.2250515e-02
   9.2250515e-02
   9.2250515e-02
   9.2250515e-02
   9.2250515e-02
   9.2250515e-02
   1.7337414e-02
   1.7337414e-02
   1.7337414e-02
   1.7337414e-02
   1.7337414e-02
   1.7337414e-02
   1.7337414e-02
   1.7337414e-02
   1.7337414e-02
   1.7337414e-02
   1.7337414e-02
   1.7337414e-02
   1.7337414e-02
   1.7337414e-02
   1.7337414e-02
   1.7337414e-02
   1.7337414e-02
   1.7337414e-02
   1.7337414e-02
   1.7337414e-02
   1.7337414e-02
   1.7337414e-02
   1.7337414e-02
   1.7337414e-02
  -9.7921708e-03
  -9.7921708e-03
  -9.7921708e-03
  -9.7921708e-03
  -9.7921708e-03
  -9.7921708e-03
  -9.7921708e-03
  -9.7921708e-03
  -9.7921708e-03
  -9.7921708e-03
  -9.7921708e-03
  -9.7921708e-03
  -9.7921708e-03
  -9.7921708e-03
  -9.7921708e-03
  -9.7921708e-03
  -9.7921708e-03
  -9.7921708e-03
  -9.7921708e-03
  -9.7921708e-03
  -9.7921708e-03
  -9.7921708e-03
  -9.7921708e-03
  -9.7921708e-03
  -4.0369424e-03
  -4.0369424e-03
  -4.0369424e-03
  -4.0369424e-03
  -4.0369424e-03
  -4.0369424e-03
  -4.0369424e-03
  -4.0369424e-03
  -4.0369424e-03
  -4.0369424e-03
  -4.0369424e-03
  -4.0369424e-03
  -4.0369424e-03
  -4.0369424e-03
  -4.0369424e-03
  -4.0369424e-03
  -4.0369424e-03
  -4.0369424e-03
  -4.0369424e-03
  -4.0369424e-03
  -4.0369424e-03
  -4.0369424e-03
  -4.0369424e-03
  -4.0369424e-03
  -5.3011782e-04
  -5.3011782e-04
  -5.3011782e-04
  -5.3011782e-04
  -5.3011782e-04
  -5.3011782e-04
  -5.3011782e-04
  -5.3011782e-04
  -5.3011782e-04
  -5.3011782e-04
  -5.3011782e-04
  -5.3011782e-04
  -5.3011782e-04
  -5.3011782e-04
  -5.3011782e-04
  -5.3011782e-04
  -5.3011782e-04
  -5.3011782e-04
  -5.3011782e-04
  -5.3011782e-04
  -5.3011782e-04
  -5.3011782e-04
  -5.3011782e-04
  -5.3011782e-04
  -4.3704249e-04
  -4.3704249e-04
  -4.3704249e-04
  -4.3704249e-04
  -4.3704249e-04
  -4.3704249e-04
  -4.3704249e-04
  -4.3704249e-04
  -4.3704249e-04
  -4.3704249e-04
  -4.3704249e-04
  -4.3704249e-04
  -4.3704249e-04
  -4.3704249e-04
  -4.3704249e-04
  -4.3704249e-04
  -4.3704249e-04
  -4.3704249e-04
  -4.3704249e-04
  -4.3704249e-04
  -4.3704249e-04
  -4.3704249e-04
  -4.3704249e-04
  -4.3704249e-04
  -2.3882818e-17
  -2.4831823e-17
  -1.4548376e-17
  -1.6091397e-18
   1.4108250e-17
   3.5198028e-17
   5.7148249e-17
   7.9773891e-17
   1.0956677e-16
   1.2289410e-16
   1.3139527e-16
   1.4817589e-16
   1.4509875e-16
   1.3960629e-16
   1.2686879e-16
   1.1949552e-16
   1.0178230e-16
   7.4108478e-17
   5.5783592e-17
   3.7223721e-17
   1.9753373e-17
  -2.6086543e-18
  -1.4174545e-17
  -2.2971526e-17
   4.3704249e-04
   4.3704249e-04
   4.3704249e-04
   4.3704249e-04
   4.3704249e-04
   4.3704249e-04
   4.3704249e-04
   4.3704249e-04
   4.3704249e-04
   4.3704249e-04
   4.3704249e-04
   4.3704249e-04
   4.3704249e-04
   4.3704249e-04
   4.3704249e-04
   4.3704249e-04
   4.3704249e-04
   4.3704249e-04
   4.3704249e-04
   4.3704249e-04
   4.3704249e-04
   4.3704249e-04
   4.3704249e-04
   4.3704249e-04
   5.3011782e-04
   5.3011782e-04
   5.3011782e-04
   5.3011782e-04
   5.3011782e-04
   5.3011782e-04
   5.3011782e-04
   5.3011782e-04
   5.3011782e-04
   5.3011782e-04
   5.3011782e-04
   5.3011782e-04
   5.3011782e-04
   5.3011782e-04
   5.3011782e-04
   5.3011782e-04
   5.3011782e-04
   5.3011782e-04
   5.3011782e-04
   5.3011782e-04
   5.3011782e-04
   5.3011782e-04
   5.3011782e-04
   5.3011782e-04
   4.0369424e-03
   4.0369424e-03
   4.0369424e-03
   4.0369424e-03
   4.0369424e-03
   4.0369424e-03
   4.0369424e-03
   4.0369424e-03
   4.0369424e-03
   4.0369424e-03
   4.0369424e-03
   4.0369424e-03
   4.0369424e-03
   4.0369424e-03
   4.0369424e-03
   4.0369424e-03
   4.0369424e-03
   4.0369424e-03
   4.0369424e-03
   4.0369424e-03
   4.0369424e-03
   4.0369424e-03
   4.0369424e-03
   4.0369424e-03
   9.7921708e-03
   9.7921708e-03
   9.7921708e-03
   9.7921708e-03
   9.7921708e-03
   9.7921708e-03
   9.7921708e-03
   9.7921708e-03
   9.7921708e-03
   9.7921708e-03
   9.7921708e-03
   9.7921708e-03
   9.7921708e-03
   9.7921708e-03
   9.7921708e-03
   9.7921708e-03
   9.7921708e-03
   9.7921708e-03
   9.7921708e-03
   9.7921708e-03
   9.7921708e-03
   9.7921708e-03
   9.7921708e-03
   9.7921708e-03
  -1.7337414e-02
  -1.7337414e-02
  -1.7337414e-02
  -1.7337414e-02
  -1.7337414e-02
  -1.7337414e-02
  -1.7337414e-02
  -1.7337414e-02
  -1.7337414e-02
  -1.7337414e-02
  -1.7337414e-02
  -1.7337414e-02
  -1.7337414e-02
  -1.7337414e-02
  -1.7337414e-02
  -1.7337414e-02
  -1.7337414e-02
  -1.7337414e-02
  -1.7337414e-02
  -1.7337414e-02
  -1.7337414e-02
  -1.7337414e-02
  -1.7337414e-02
  -1.7337414e-02
  -9.2250515e-02
  -9.2250515e-02
  -9.2250515e-02
  -9.2250515e-02
  -9.2250515e-02
  -9.2250515e-02
  -9.2250515e-02
  -9.2250515e-02
  -9.2250515e-02
  -9.2250515e-02
  -9.2250515e-02
  -9.2250515e-02
  -9.2250515e-02
  -9.2250515e-02
  -9.2250515e-02
  -9.2250515e-02
  -9.2250515e-02
  -9.2250515e-02
  -9.2250515e-02
  -9.2250515e-02
  -9.2250515e-02
  -9.2250515e-02
  -9.2250515e-02
  -9.2250515e-02
  -3.3210475e-02
  -3.2078856e-02
  -2.8761115e-02
  -2.3483352e-02
  -1.6605238e-02
  -8.5955034e-03
   1.7998530e-16
   8.5955034e-03
   1.6605238e-02
   2.3483352e-02
   2.8761115e-02
   3.2078856e-02
   3.3210475e-02
   3.2078856e-02
   2.8761115e-02
   2.3483352e-02
   1.6605238e-02
   8.5955034e-03
  -8.3323609e-17
  -8.5955034e-03
  -1.6605238e-02
  -2.3483352e-02
  -2.8761115e-02
  -3.2078856e-02
  -1.5021327e-02
  -1.4509488e-02
  -1.3008851e-02
  -1.0621683e-02
  -7.5106637e-03
  -3.8878056e-03
  -1.7970079e-16
   3.8878056e-03
   7.5106637e-03
   1.0621683e-02
   1.3008851e-02
   1.4509488e-02
   1.5021327e-02
   1.4509488e-02
   1.3008851e-02
   1.0621683e-02
   7.5106637e-03
   3.8878056e-03
  -1.1392572e-16
  -3.8878056e-03
  -7.5106637e-03
  -1.0621683e-02
  -1.3008851e-02
  -1.4509488e-02
   1.4607789e-02
   1.4110041e-02
   1.2650717e-02
   1.0329267e-02
   7.3038946e-03
   3.7807741e-03
   2.1081503e-16
  -3.7807741e-03
  -7.3038946e-03
  -1.0329267e-02
  -1.2650717e-02
  -1.4110041e-02
  -1.4607789e-02
  -1.4110041e-02
  -1.2650717e-02
  -1.0329267e-02
  -7.3038946e-03
  -3.7807741e-03
   3.3641199e-16
   3.7807741e-03
   7.3038946e-03
   1.0329267e-02
   1.2650717e-02
   1.4110041e-02
   9.6332660e-03
   9.3050204e-03
   8.3426531e-03
   6.8117477e-03
   4.8166330e-03
   2.4932727e-03
   1.0588812e-16
  -2.4932727e-03
  -4.8166330e-03
  -6.8117477e-03
  -8.3426531e-03
  -9.3050204e-03
  -9.6332660e-03
  -9.3050204e-03
  -8.3426531e-03
  -6.8117477e-03
  -4.8166330e-03
  -2.4932727e-03
   3.1798525e-16
   2.4932727e-03
   4.8166330e-03
   6.8117477e-03
   8.3426531e-03
   9.3050204e-03
   2.1129088e-03
   2.0409132e-03
   1.8298327e-03
   1.4940521e-03
   1.0564544e-03
   5.4686103e-04
   1.8966536e-17
  -5.4686103e-04
  -1.0564544e-03
  -1.4940521e-03
  -1.8298327e-03
  -2.0409132e-03
  -2.1129088e-03
  -2.0409132e-03
  -1.8298327e-03
  -1.4940521e-03
  -1.0564544e-03
  -5.4686103e-04
   6.9054697e-17
   5.4686103e-04
   1.0564544e-03
   1.4940521e-03
   1.8298327e-03
   2.0409132e-03
   3.6907175e-03
   3.5649593e-03
   3.1962551e-03
   2.6097314e-03
   1.8453587e-03
   9.5522797e-04
   5.2758114e-17
  -9.5522797e-04
  -1.8453587e-03
  -2.6097314e-03
  -3.1962551e-03
  -3.5649593e-03
  -3.6907175e-03
  -3.5649593e-03
  -3.1962551e-03
  -2.6097314e-03
  -1.8453587e-03
  -9.5522797e-04
   9.8264204e-17
   9.5522797e-04
   1.8453587e-03
   2.6097314e-03
   3.1962551e-03
   3.5649593e-03
   4.8994689e-03
   4.7325235e-03
   4.2430645e-03
   3.4644477e-03
   2.4497344e-03
   1.2680759e-03
   1.0411390e-16
  -1.2680759e-03
  -2.4497344e-03
  -3.4644477e-03
  -4.2430645e-03
  -4.7325235e-03
  -4.8994689e-03
  -4.7325235e-03
  -4.2430645e-03
  -3.4644477e-03
  -2.4497344e-03
  -1.2680759e-03
   1.2527351e-16
   1.2680759e-03
   2.4497344e-03
   3.4644477e-03
   4.2430645e-03
   4.7325235e-03
   3.6907175e-03
   3.5649593e-03
   3.1962551e-03
   2.6097314e-03
   1.8453587e-03
   9.5522797e-04
   5.7009624e-17
  -9.5522797e-04
  -1.8453587e-03
  -2.6097314e-03
  -3.1962551e-03
  -3.5649593e-03
  -3.6907175e-03
  -3.5649593e-03
  -3.1962551e-03
  -2.6097314e-03
  -1.8453587e-03
  -9.5522797e-04
   8.8363450e-17
   9.5522797e-04
   1.8453587e-03
   2.6097314e-03
   3.1962551e-03
   3.5649593e-03
   2.1129088e-03
   2.0409132e-03
   1.8298327e-03
   1.4940521e-03
   1.0564544e-03
   5.4686103e-04
   2.2736331e-17
  -5.4686103e-04
  -1.0564544e-03
  -1.4940521e-03
  -1.8298327e-03
  -2.0409132e-03
  -2.1129088e-03
  -2.0409132e-03
  -1.8298327e-03
  -1.4940521e-03
  -1.0564544e-03
  -5.4686103e-04
   6.5529028e-17
   5.4686103e-04
   1.0564544e-03
   1.4940521e-03
   1.8298327e-03
   2.0409132e-03
   9.6332660e-03
   9.3050204e-03
   8.3426531e-03
   6.8117477e-03
   4.8166330e-03
   2.4932727e-03
   1.2369606e-16
  -2.4932727e-03
  -4.8166330e-03
  -6.8117477e-03
  -8.3426531e-03
  -9.3050204e-03
  -9.6332660e-03
  -9.3050204e-03
  -8.3426531e-03
  -6.8117477e-03
  -4.8166330e-03
  -2.4932727e-03
   3.2336871e-16
   2.4932727e-03
   4.8166330e-03
   6.8117477e-03
   8.3426531e-03
   9.3050204e-03
   1.4607789e-02
   1.4110041e-02
   1.2650717e-02
   1.0329267e-02
   7.3038946e-03
   3.7807741e-03
   2.2179582e-16
  -3.7807741e-03
  -7.3038946e-03
  -1.0329267e-02
  -1.2650717e-02
  -1.4110041e-02
  -1.4607789e-02
  -1.4110041e-02
  -1.2650717e-02
  -1.0329267e-02
  -7.3038946e-03
  -3.7807741e-03
   3.4463610e-16
   3.7807741e-03
   7.3038946e-03
   1.0329267e-02
   1.2650717e-02
   1.4110041e-02
  -1.5021327e-02
  -1.4509488e-02
  -1.3008851e-02
  -1.0621683e-02
  -7.5106637e-03
  -3.8878056e-03
  -1.8839977e-16
   3.8878056e-03
   7.5106637e-03
   1.0621683e-02
   1.3008851e-02
   1.4509488e-02
   1.5021327e-02
   1.4509488e-02
   1.3008851e-02
   1.0621683e-02
   7.5106637e-03
   3.8878056e-03
  -5.0876394e-17
  -3.8878056e-03
  -7.5106637e-03
  -1.0621683e-02
  -1.3008851e-02
  -1.4509488e-02
  -3.3210475e-02
  -3.2078856e-02
  -2.8761115e-02
  -2.3483352e-02
  -1.6605238e-02
  -8.5955034e-03
   2.2273436e-16
   8.5955034e-03
   1.6605238e-02
   2.3483352e-02
   2.8761115e-02
   3.2078856e-02
   3.3210475e-02
   3.2078856e-02
   2.8761115e-02
   2.3483352e-02
   1.6605238e-02
   8.5955034e-03
   3.3152408e-17
  -8.5955034e-03
  -1.6605238e-02
  -2.3483352e-02
  -2.8761115e-02
  -3.2078856e-02
   7.4661861e-16
  -8.5955034e-03
  -1.6605238e-02
  -2.3483352e-02
  -2.8761115e-02
  -3.2078856e-02
  -3.3210475e-02
  -3.2078856e-02
  -2.8761115e-02
  -2.3483352e-02
  -1.6605238e-02
  -8.5955034e-03
   2.2467619e-16
   8.5955034e-03
   1.6605238e-02
   2.3483352e-02
   2.8761115e-02
   3.2078856e-02
   3.3210475e-02
   3.2078856e-02
   2.8761115e-02
   2.3483352e-02
   1.6605238e-02
   8.5955034e-03
   4.3150674e-17
  -3.8878056e-03
  -7.5106637e-03
  -1.0621683e-02
  -1.3008851e-02
  -1.4509488e-02
  -1.5021327e-02
  -1.4509488e-02
  -1.3008851e-02
  -1.0621683e-02
  -7.5106637e-03
  -3.8878056e-03
  -7.9474392e-17
   3.8878056e-03
   7.5106637e-03
   1.0621683e-02
   1.3008851e-02
   1.4509488e-02
   1.5021327e-02
   1.4509488e-02
   1.3008851e-02
   1.0621683e-02
   7.5106637e-03
   3.8878056e-03
   2.4879100e-16
   3.7807741e-03
   7.3038946e-03
   1.0329267e-02
   1.2650717e-02
   1.4110041e-02
   1.4607789e-02
   1.4110041e-02
   1.2650717e-02
   1.0329267e-02
   7.3038946e-03
   3.7807741e-03
   7.1474881e-17
  -3.7807741e-03
  -7.3038946e-03
  -1.0329267e-02
  -1.2650717e-02
  -1.4110041e-02
  -1.4607789e-02
  -1.4110041e-02
  -1.2650717e-02
  -1.0329267e-02
  -7.3038946e-03
  -3.7807741e-03
   1.9113246e-16
   2.4932727e-03
   4.8166330e-03
   6.8117477e-03
   8.3426531e-03
   9.3050204e-03
   9.6332660e-03
   9.3050204e-03
   8.3426531e-03
   6.8117477e-03
   4.8166330e-03
   2.4932727e-03
   6.0479939e-17
  -2.4932727e-03
  -4.8166330e-03
  -6.8117477e-03
  -8.3426531e-03
  -9.3050204e-03
  -9.6332660e-03
  -9.3050204e-03
  -8.3426531e-03
  -6.8117477e-03
  -4.8166330e-03
  -2.4932727e-03
   5.5127216e-18
   5.4686103e-04
   1.0564544e-03
   1.4940521e-03
   1.8298327e-03
   2.0409132e-03
   2.1129088e-03
   2.0409132e-03
   1.8298327e-03
   1.4940521e-03
   1.0564544e-03
   5.4686103e-04
   4.8278825e-17
  -5.4686103e-04
  -1.0564544e-03
  -1.4940521e-03
  -1.8298327e-03
  -2.0409132e-03
  -2.1129088e-03
  -2.0409132e-03
  -1.8298327e-03
  -1.4940521e-03
  -1.0564544e-03
  -5.4686103e-04
  -4.6047252e-17
   9.5522797e-04
   1.8453587e-03
   2.6097314e-03
   3.1962551e-03
   3.5649593e-03
   3.6907175e-03
   3.5649593e-03
   3.1962551e-03
   2.6097314e-03
   1.8453587e-03
   9.5522797e-04
   2.0232163e-16
  -9.5522797e-04
  -1.8453587e-03
  -2.6097314e-03
  -3.1962551e-03
  -3.5649593e-03
  -3.6907175e-03
  -3.5649593e-03
  -3.1962551e-03
  -2.6097314e-03
  -1.8453587e-03
  -9.5522797e-04
  -4.2489213e-17
   1.2680759e-03
   2.4497344e-03
   3.4644477e-03
   4.2430645e-03
   4.7325235e-03
   4.8994689e-03
   4.7325235e-03
   4.2430645e-03
   3.4644477e-03
   2.4497344e-03
   1.2680759e-03
   3.5030825e-16
  -1.2680759e-03
  -2.4497344e-03
  -3.4644477e-03
  -4.2430645e-03
  -4.7325235e-03
  -4.8994689e-03
  -4.7325235e-03
  -4.2430645e-03
  -3.4644477e-03
  -2.4497344e-03
  -1.2680759e-03
  -7.4496555e-17
   9.5522797e-04
   1.8453587e-03
   2.6097314e-03
   3.1962551e-03
   3.5649593e-03
   3.6907175e-03
   3.5649593e-03
   3.1962551e-03
   2.6097314e-03
   1.8453587e-03
   9.5522797e-04
   1.8641428e-16
  -9.5522797e-04
  -1.8453587e-03
  -2.6097314e-03
  -3.1962551e-03
  -3.5649593e-03
  -3.6907175e-03
  -3.5649593e-03
  -3.1962551e-03
  -2.6097314e-03
  -1.8453587e-03
  -9.5522797e-04
  -3.6845020e-17
   5.4686103e-04
   1.0564544e-03
   1.4940521e-03
   1.8298327e-03
   2.0409132e-03
   2.1129088e-03
   2.0409132e-03
   1.8298327e-03
   1.4940521e-03
   1.0564544e-03
   5.4686103e-04
   5.1213799e-17
  -5.4686103e-04
  -1.0564544e-03
  -1.4940521e-03
  -1.8298327e-03
  -2.0409132e-03
  -2.1129088e-03
  -2.0409132e-03
  -1.8298327e-03
  -1.4940521e-03
  -1.0564544e-03
  -5.4686103e-04
   1.7340484e-16
   2.4932727e-03
   4.8166330e-03
   6.8117477e-03
   8.3426531e-03
   9.3050204e-03
   9.6332660e-03
   9.3050204e-03
   8.3426531e-03
   6.8117477e-03
   4.8166330e-03
   2.4932727e-03
   8.6465619e-17
  -2.4932727e-03
  -4.8166330e-03
  -6.8117477e-03
  -8.3426531e-03
  -9.3050204e-03
  -9.6332660e-03
  -9.3050204e-03
  -8.3426531e-03
  -6.8117477e-03
  -4.8166330e-03
  -2.4932727e-03
   2.0210549e-16
   3.7807741e-03
   7.3038946e-03
   1.0329267e-02
   1.2650717e-02
   1.4110041e-02
   1.4607789e-02
   1.4110041e-02
   1.2650717e-02
   1.0329267e-02
   7.3038946e-03
   3.7807741e-03
   5.1092888e-17
  -3.7807741e-03
  -7.3038946e-03
  -1.0329267e-02
  -1.2650717e-02
  -1.4110041e-02
  -1.4607789e-02
  -1.4110041e-02
  -1.2650717e-02
  -1.0329267e-02
  -7.3038946e-03
  -3.7807741e-03
   8.0592495e-17
  -3.8878056e-03
  -7.5106637e-03
  -1.0621683e-02
  -1.3008851e-02
  -1.4509488e-02
  -1.5021327e-02
  -1.4509488e-02
  -1.3008851e-02
  -1.0621683e-02
  -7.5106637e-03
  -3.8878056e-03
  -5.1425280e-17
   3.8878056e-03
   7.5106637e-03
   1.0621683e-02
   1.3008851e-02
   1.4509488e-02
   1.5021327e-02
   1.4509488e-02
   1.3008851e-02
   1.0621683e-02
   7.5106637e-03
   3.8878056e-03
  -1.2314182e-16
  -8.5955034e-03
  -1.6605238e-02
  -2.3483352e-02
  -2.8761115e-02
  -3.2078856e-02
  -3.3210475e-02
  -3.2078856e-02
  -2.8761115e-02
  -2.3483352e-02
  -1.6605238e-02
  -8.5955034e-03
  -4.2890069e-16
   8.5955034e-03
   1.6605238e-02
   2.3483352e-02
   2.8761115e-02
   3.2078856e-02
   3.3210475e-02
   3.2078856e-02
   2.8761115e-02
   2.3483352e-02
   1.6605238e-02
   8.5955034e-03
   9.2250515e-02
   9.2250515e-02
   9.2250515e-02
   9.2250515e-02
   9.2250515e-02
   9.2250515e-02
   9.2250515e-02
   9.2250515e-02
   9.2250515e-02
   9.2250515e-02
   9.2250515e-02
   9.2250515e-02
   9.2250515e-02
   9.2250515e-02
   9.2250515e-02
   9.2250515e-02
   9.2250515e-02
   9.2250515e-02
   9.2250515e-02
   9.2250515e-02
   9.2250515e-02
   9.2250515e-02
   9.2250515e-02
   9.2250515e-02
   1.7337414e-02
   1.7337414e-02
   1.7337414e-02
   1.7337414e-02
   1.7337414e-02
   1.7337414e-02
   1.7337414e-02
   1.7337414e-02
   1.7337414e-02
   1.7337414e-02
   1.7337414e-02
   1.7337414e-02
   1.7337414e-02
   1.7337414e-02
   1.7337414e-02
   1.7337414e-02
   1.7337414e-02
   1.7337414e-02
   1.7337414e-02
   1.7337414e-02
   1.7337414e-02
   1.7337414e-02
   1.7337414e-02
   1.7337414e-02
  -9.7921708e-03
  -9.7921708e-03
  -9.7921708e-03
  -9.7921708e-03
  -9.7921708e-03
  -9.7921708e-03
  -9.7921708e-03
  -9.7921708e-03
  -9.7921708e-03
  -9.7921708e-03
  -9.7921708e-03
  -9.7921708e-03
  -9.7921708e-03
  -9.7921708e-03
  -9.7921708e-03
  -9.7921708e-03
  -9.7921708e-03
  -9.7921708e-03
  -9.7921708e-03
  -9.7921708e-03
  -9.7921708e-03
  -9.7921708e-03
  -9.7921708e-03
  -9.7921708e-03
  -4.0369424e-03
  -4.0369424e-03
  -4.0369424e-03
  -4.0369424e-03
  -4.0369424e-03
  -4.0369424e-03
  -4.0369424e-03
  -4.0369424e-03
  -4.0369424e-03
  -4.0369424e-03
  -4.0369424e-03
  -4.0369424e-03
  -4.0369424e-03
  -4.0369424e-03
  -4.0369424e-03
  -4.0369424e-03
  -4.0369424e-03
  -4.0369424e-03
  -4.0369424e-03
  -4.0369424e-03
  -4.0369424e-03
  -4.0369424e-03
  -4.0369424e-03
  -4.0369424e-03
  -5.3011782e-04
  -5.3011782e-04
  -5.3011782e-04
  -5.3011782e-04
  -5.3011782e-04
  -5.3011782e-04
  -5.3011782e-04
  -5.3011782e-04
  -5.3011782e-04
  -5.3011782e-04
  -5.3011782e-04
  -5.3011782e-04
  -5.3011782e-04
  -5.3011782e-04
  -5.3011782e-04
  -5.3011782e-04
  -5.3011782e-04
  -5.3011782e-04
  -5.3011782e-04
  -5.3011782e-04
  -5.3011782e-04
  -5.3011782e-04
  -5.3011782e-04
  -5.3011782e-04
  -4.3704249e-04
  -4.3704249e-04
  -4.3704249e-04
  -4.3704249e-04
  -4.3704249e-04
  -4.3704249e-04
  -4.3704249e-04
  -4.3704249e-04
  -4.3704249e-04
  -4.3704249e-04
  -4.3704249e-04
  -4.3704249e-04
  -4.3704249e-04
  -4.3704249e-04
  -4.3704249e-04
  -4.3704249e-04
  -4.3704249e-04
  -4.3704249e-04
  -4.3704249e-04
  -4.3704249e-04
  -4.3704249e-04
  -4.3704249e-04
  -4.3704249e-04
  -4.3704249e-04
   1.4024569e-16
   1.3573192e-16
   1.3537118e-16
   1.2281897e-16
   1.0856862e-16
   7.8990869e-17
   5.7148249e-17
   3.6658576e-17
   1.6891231e-17
  -3.2408163e-18
  -1.5256202e-17
  -2.9972860e-17
  -2.8965354e-17
  -2.3436760e-17
  -1.4380040e-17
  -1.4228340e-18
   1.7765345e-17
   3.3034542e-17
   5.5783592e-17
   8.1394921e-17
   1.0190687e-16
   1.2096606e-16
   1.2856848e-16
   1.3306461e-16
   4.3704249e-04
   4.3704249e-04
   4.3704249e-04
   4.3704249e-04
   4.3704249e-04
   4.3704249e-04
   4.3704249e-04
   4.3704249e-04
   4.3704249e-04
   4.3704249e-04
   4.3704249e-04
   4.3704249e-04
   4.3704249e-04
   4.3704249e-04
   4.3704249e-04
   4.3704249e-04
   4.3704249e-04
   4.3704249e-04
   4.3704249e-04
   4.3704249e-04
   4.3704249e-04
   4.3704249e-04
   4.3704249e-04
   4.3704249e-04
   5.3011782e-04
   5.3011782e-04
   5.3011782e-04
   5.3011782e-04
   5.3011782e-04
   5.3011782e-04
   5.3011782e-04
   5.3011782e-04
   5.3011782e-04
   5.3011782e-04
   5.3011782e-04
   5.3011782e-04
   5.3011782e-04
   5.3011782e-04
   5.3011782e-04
   5.3011782e-04
   5.3011782e-04
   5.3011782e-04
   5.3011782e-04
   5.3011782e-04
   5.3011782e-04
   5.3011782e-04
   5.3011782e-04
   5.3011782e-04
   4.0369424e-03
   4.0369424e-03
   4.0369424e-03
   4.0369424e-03
   4.0369424e-03
   4.0369424e-03
   4.0369424e-03
   4.0369424e-03
   4.0369424e-03
   4.0369424e-03
   4.0369424e-03
   4.0369424e-03
   4.0369424e-03
   4.0369424e-03
   4.0369424e-03
   4.0369424e-03
   4.0369424e-03
   4.0369424e-03
   4.0369424e-03
   4.0369424e-03
   4.0369424e-03
   4.0369424e-03
   4.0369424e-03
   4.0369424e-03
   9.7921708e-03
   9.7921708e-03
   9.7921708e-03
   9.7921708e-03
   9.7921708e-03
   9.7921708e-03
   9.7921708e-03
   9.7921708e-03
   9.7921708e-03
   9.7921708e-03
   9.7921708e-03
   9.7921708e-03
   9.7921708e-03
   9.7921708e-03
   9.7921708e-03
   9.7921708e-03
   9.7921708e-03
   9.7921708e-03
   9.7921708e-03
   9.7921708e-03
   9.7921708e-03
   9.7921708e-03
   9.7921708e-03
   9.7921708e-03
  -1.7337414e-02
  -1.7337414e-02
  -1.7337414e-02
  -1.7337414e-02
  -1.7337414e-02
  -1.7337414e-02
  -1.7337414e-02
  -1.7337414e-02
  -1.7337414e-02
  -1.7337414e-02
  -1.7337414e-02
  -1.7337414e-02
  -1.7337414e-02
  -1.7337414e-02
  -1.7337414e-02
  -1.7337414e-02
  -1.7337414e-02
  -1.7337414e-02
  -1.7337414e-02
  -1.7337414e-02
  -1.7337414e-02
  -1.7337414e-02
  -1.7337414e-02
  -1.7337414e-02
  -9.2250515e-02
  -9.2250515e-02
  -9.2250515e-02
  -9.2250515e-02
  -9.2250515e-02
  -9.2250515e-02
  -9.2250515e-02
  -9.2250515e-02
  -9.2250515e-02
  -9.2250515e-02
  -9.2250515e-02
  -9.2250515e-02
  -9.2250515e-02
  -9.2250515e-02
  -9.2250515e-02
  -9.2250515e-02
  -9.2250515e-02
  -9.2250515e-02
  -9.2250515e-02
  -9.2250515e-02
  -9.2250515e-02
  -9.2250515e-02
  -9.2250515e-02
  -9.2250515e-02
