   9.6424635e-03
   7.9416826e-03
   2.9552453e-03
  -4.9770310e-03
  -1.5314575e-02
  -2.7352899e-02
  -4.0271613e-02
  -5.3190326e-02
  -6.5228651e-02
  -7.5566195e-02
  -8.3498471e-02
  -8.8484908e-02
  -9.0185689e-02
  -8.8484908e-02
  -8.3498471e-02
  -7.5566195e-02
  -6.5228651e-02
  -5.3190326e-02
  -4.0271613e-02
  -2.7352899e-02
  -1.5314575e-02
  -4.9770310e-03
   2.9552453e-03
   7.9416826e-03
   3.0098845e-02
   2.7668451e-02
   2.0542897e-02
   9.2077767e-03
  -5.5644392e-03
  -2.2767049e-02
  -4.1227723e-02
  -5.9688397e-02
  -7.6891007e-02
  -9.1663223e-02
  -1.0299834e-01
  -1.1012390e-01
  -1.1255429e-01
  -1.1012390e-01
  -1.0299834e-01
  -9.1663223e-02
  -7.6891007e-02
  -5.9688397e-02
  -4.1227723e-02
  -2.2767049e-02
  -5.5644392e-03
   9.2077767e-03
   2.0542897e-02
   2.7668451e-02
   1.2564814e-03
  -2.6175254e-04
  -4.7129892e-03
  -1.1793884e-02
  -2.1021886e-02
  -3.1768122e-02
  -4.3300253e-02
  -5.4832385e-02
  -6.5578621e-02
  -7.4806623e-02
  -8.1887517e-02
  -8.6338754e-02
  -8.7856988e-02
  -8.6338754e-02
  -8.1887517e-02
  -7.4806623e-02
  -6.5578621e-02
  -5.4832385e-02
  -4.3300253e-02
  -3.1768122e-02
  -2.1021886e-02
  -1.1793884e-02
  -4.7129892e-03
  -2.6175254e-04
  -4.1000144e-02
  -4.1243205e-02
  -4.1955822e-02
  -4.3089432e-02
  -4.4566781e-02
  -4.6287191e-02
  -4.8133418e-02
  -4.9979646e-02
  -5.1700056e-02
  -5.3177405e-02
  -5.4311015e-02
  -5.5023632e-02
  -5.5266693e-02
  -5.5023632e-02
  -5.4311015e-02
  -5.3177405e-02
  -5.1700056e-02
  -4.9979646e-02
  -4.8133418e-02
  -4.6287191e-02
  -4.4566781e-02
  -4.3089432e-02
  -4.1955822e-02
  -4.1243205e-02
  -7.0128075e-02
  -6.9533810e-02
  -6.7791514e-02
  -6.5019921e-02
  -6.1407911e-02
  -5.7201637e-02
  -5.2687748e-02
  -4.8173860e-02
  -4.3967585e-02
  -4.0355575e-02
  -3.7583983e-02
  -3.5841687e-02
  -3.5247422e-02
  -3.5841687e-02
  -3.7583983e-02
  -4.0355575e-02
  -4.3967585e-02
  -4.8173860e-02
  -5.2687748e-02
  -5.7201637e-02
  -6.1407911e-02
  -6.5019921e-02
  -6.7791514e-02
  -6.9533810e-02
  -7.2465651e-02
  -7.1790984e-02
  -6.9812959e-02
  -6.6666376e-02
  -6.2565670e-02
  -5.7790296e-02
  -5.2665689e-02
  -4.7541082e-02
  -4.2765708e-02
  -3.8665002e-02
  -3.5518419e-02
  -3.3540394e-02
  -3.2865727e-02
  -3.3540394e-02
  -3.5518419e-02
  -3.8665002e-02
  -4.2765708e-02
  -4.7541082e-02
  -5.2665689e-02
  -5.7790296e-02
  -6.2565670e-02
  -6.6666376e-02
  -6.9812959e-02
  -7.1790984e-02
  -5.1311127e-02
  -5.1311127e-02
  -5.1311127e-02
  -5.1311127e-02
  -5.1311127e-02
  -5.1311127e-02
  -5.1311127e-02
  -5.1311127e-02
  -5.1311127e-02
  -5.1311127e-02
  -5.1311127e-02
  -5.1311127e-02
  -5.1311127e-02
  -5.1311127e-02
  -5.1311127e-02
  -5.1311127e-02
  -5.1311127e-02
  -5.1311127e-02
  -5.1311127e-02
  -5.1311127e-02
  -5.1311127e-02
  -5.1311127e-02
  -5.1311127e-02
  -5.1311127e-02
  -3.2865727e-02
  -3.3540394e-02
  -3.5518419e-02
  -3.8665002e-02
  -4.2765708e-02
  -4.7541082e-02
  -5.2665689e-02
  -5.7790296e-02
  -6.2565670e-02
  -6.6666376e-02
  -6.9812959e-02
  -7.1790984e-02
  -7.2465651e-02
  -7.1790984e-02
  -6.9812959e-02
  -6.6666376e-02
  -6.2565670e-02
  -5.7790296e-02
  -5.2665689e-02
  -4.7541082e-02
  -4.2765708e-02
  -3.8665002e-02
  -3.5518419e-02
  -3.3540394e-02
  -3.5247422e-02
  -3.5841687e-02
  -3.7583983e-02
  -4.0355575e-02
  -4.3967585e-02
  -4.8173860e-02
  -5.2687748e-02
  -5.7201637e-02
  -6.1407911e-02
  -6.5019921e-02
  -6.7791514e-02
  -6.9533810e-02
  -7.0128075e-02
  -6.9533810e-02
  -6.7791514e-02
  -6.5019921e-02
  -6.1407911e-02
  -5.7201637e-02
  -5.2687748e-02
  -4.8173860e-02
  -4.3967585e-02
  -4.0355575e-02
  -3.7583983e-02
  -3.5841687e-02
  -5.5266693e-02
  -5.5023632e-02
  -5.4311015e-02
  -5.3177405e-02
  -5.1700056e-02
  -4.9979646e-02
  -4.8133418e-02
  -4.6287191e-02
  -4.4566781e-02
  -4.3089432e-02
  -4.1955822e-02
  -4.1243205e-02
  -4.1000144e-02
  -4.1243205e-02
  -4.1955822e-02
  -4.3089432e-02
  -4.4566781e-02
  -4.6287191e-02
  -4.8133418e-02
  -4.9979646e-02
  -5.1700056e-02
  -5.3177405e-02
  -5.4311015e-02
  -5.5023632e-02
  -8.7856988e-02
  -8.6338754e-02
  -8.1887517e-02
  -7.4806623e-02
  -6.5578621e-02
  -5.4832385e-02
  -4.3300253e-02
  -3.1768122e-02
  -2.1021886e-02
  -1.1793884e-02
  -4.7129892e-03
  -2.6175254e-04
   1.2564814e-03
  -2.6175254e-04
  -4.7129892e-03
  -1.1793884e-02
  -2.1021886e-02
  -3.1768122e-02
  -4.3300253e-02
  -5.4832385e-02
  -6.5578621e-02
  -7.4806623e-02
  -8.1887517e-02
  -8.6338754e-02
  -1.1255429e-01
  -1.1012390e-01
  -1.0299834e-01
  -9.1663223e-02
  -7.6891007e-02
  -5.9688397e-02
  -4.1227723e-02
  -2.2767049e-02
  -5.5644392e-03
   9.2077767e-03
   2.0542897e-02
   2.7668451e-02
   3.0098845e-02
   2.7668451e-02
   2.0542897e-02
   9.2077767e-03
  -5.5644392e-03
  -2.2767049e-02
  -4.1227723e-02
  -5.9688397e-02
  -7.6891007e-02
  -9.1663223e-02
  -1.0299834e-01
  -1.1012390e-01
  -9.0185689e-02
  -8.8484908e-02
  -8.3498471e-02
  -7.5566195e-02
  -6.5228651e-02
  -5.3190326e-02
  -4.0271613e-02
  -2.7352899e-02
  -1.5314575e-02
  -4.9770310e-03
   2.9552453e-03
   7.9416826e-03
   9.6424635e-03
   7.9416826e-03
   2.9552453e-03
  -4.9770310e-03
  -1.5314575e-02
  -2.7352899e-02
  -4.0271613e-02
  -5.3190326e-02
  -6.5228651e-02
  -7.5566195e-02
  -8.3498471e-02
  -8.8484908e-02
