  -1.8223584e+00
  -1.8284114e+00
  -1.8461579e+00
  -1.8743884e+00
  -1.9111792e+00
  -1.9540230e+00
  -2.0000000e+00
  -2.0459770e+00
  -2.0888208e+00
  -2.1256116e+00
  -2.1538421e+00
  -2.1715886e+00
  -2.1776416e+00
  -2.1715886e+00
  -2.1538421e+00
  -2.1256116e+00
  -2.0888208e+00
  -2.0459770e+00
  -2.0000000e+00
  -1.9540230e+00
  -1.9111792e+00
  -1.8743884e+00
  -1.8461579e+00
  -1.8284114e+00
  -1.6028087e+00
  -1.6163427e+00
  -1.6560222e+00
  -1.7191433e+00
  -1.8014043e+00
  -1.8971993e+00
  -2.0000000e+00
  -2.1028007e+00
  -2.1985957e+00
  -2.2808567e+00
  -2.3439778e+00
  -2.3836573e+00
  -2.3971913e+00
  -2.3836573e+00
  -2.3439778e+00
  -2.2808567e+00
  -2.1985957e+00
  -2.1028007e+00
  -2.0000000e+00
  -1.8971993e+00
  -1.8014043e+00
  -1.7191433e+00
  -1.6560222e+00
  -1.6163427e+00
  -1.4034488e+00
  -1.4237758e+00
  -1.4833715e+00
  -1.5781746e+00
  -1.7017244e+00
  -1.8456012e+00
  -2.0000000e+00
  -2.1543988e+00
  -2.2982756e+00
  -2.4218254e+00
  -2.5166285e+00
  -2.5762242e+00
  -2.5965512e+00
  -2.5762242e+00
  -2.5166285e+00
  -2.4218254e+00
  -2.2982756e+00
  -2.1543988e+00
  -2.0000000e+00
  -1.8456012e+00
  -1.7017244e+00
  -1.5781746e+00
  -1.4833715e+00
  -1.4237758e+00
  -1.2345876e+00
  -1.2606684e+00
  -1.3371334e+00
  -1.4587717e+00
  -1.6172938e+00
  -1.8018967e+00
  -2.0000000e+00
  -2.1981033e+00
  -2.3827062e+00
  -2.5412283e+00
  -2.6628666e+00
  -2.7393316e+00
  -2.7654124e+00
  -2.7393316e+00
  -2.6628666e+00
  -2.5412283e+00
  -2.3827062e+00
  -2.1981033e+00
  -2.0000000e+00
  -1.8018967e+00
  -1.6172938e+00
  -1.4587717e+00
  -1.3371334e+00
  -1.2606684e+00
  -1.1066108e+00
  -1.1370523e+00
  -1.2263023e+00
  -1.3682784e+00
  -1.5533054e+00
  -1.7687739e+00
  -2.0000000e+00
  -2.2312261e+00
  -2.4466946e+00
  -2.6317216e+00
  -2.7736977e+00
  -2.8629477e+00
  -2.8933892e+00
  -2.8629477e+00
  -2.7736977e+00
  -2.6317216e+00
  -2.4466946e+00
  -2.2312261e+00
  -2.0000000e+00
  -1.7687739e+00
  -1.5533054e+00
  -1.3682784e+00
  -1.2263023e+00
  -1.1370523e+00
  -1.0272491e+00
  -1.0603948e+00
  -1.1575730e+00
  -1.3121613e+00
  -1.5136246e+00
  -1.7482335e+00
  -2.0000000e+00
  -2.2517665e+00
  -2.4863754e+00
  -2.6878387e+00
  -2.8424270e+00
  -2.9396052e+00
  -2.9727509e+00
  -2.9396052e+00
  -2.8424270e+00
  -2.6878387e+00
  -2.4863754e+00
  -2.2517665e+00
  -2.0000000e+00
  -1.7482335e+00
  -1.5136246e+00
  -1.3121613e+00
  -1.1575730e+00
  -1.0603948e+00
  -1.0003804e+00
  -1.0344416e+00
  -1.1343040e+00
  -1.2931622e+00
  -1.5001902e+00
  -1.7412794e+00
  -2.0000000e+00
  -2.2587206e+00
  -2.4998098e+00
  -2.7068378e+00
  -2.8656960e+00
  -2.9655584e+00
  -2.9996196e+00
  -2.9655584e+00
  -2.8656960e+00
  -2.7068378e+00
  -2.4998098e+00
  -2.2587206e+00
  -2.0000000e+00
  -1.7412794e+00
  -1.5001902e+00
  -1.2931622e+00
  -1.1343040e+00
  -1.0344416e+00
  -1.0272491e+00
  -1.0603948e+00
  -1.1575730e+00
  -1.3121613e+00
  -1.5136246e+00
  -1.7482335e+00
  -2.0000000e+00
  -2.2517665e+00
  -2.4863754e+00
  -2.6878387e+00
  -2.8424270e+00
  -2.9396052e+00
  -2.9727509e+00
  -2.9396052e+00
  -2.8424270e+00
  -2.6878387e+00
  -2.4863754e+00
  -2.2517665e+00
  -2.0000000e+00
  -1.7482335e+00
  -1.5136246e+00
  -1.3121613e+00
  -1.1575730e+00
  -1.0603948e+00
  -1.1066108e+00
  -1.1370523e+00
  -1.2263023e+00
  -1.3682784e+00
  -1.5533054e+00
  -1.7687739e+00
  -2.0000000e+00
  -2.2312261e+00
  -2.4466946e+00
  -2.6317216e+00
  -2.7736977e+00
  -2.8629477e+00
  -2.8933892e+00
  -2.8629477e+00
  -2.7736977e+00
  -2.6317216e+00
  -2.4466946e+00
  -2.2312261e+00
  -2.0000000e+00
  -1.7687739e+00
  -1.5533054e+00
  -1.3682784e+00
  -1.2263023e+00
  -1.1370523e+00
  -1.2345876e+00
  -1.2606684e+00
  -1.3371334e+00
  -1.4587717e+00
  -1.6172938e+00
  -1.8018967e+00
  -2.0000000e+00
  -2.1981033e+00
  -2.3827062e+00
  -2.5412283e+00
  -2.6628666e+00
  -2.7393316e+00
  -2.7654124e+00
  -2.7393316e+00
  -2.6628666e+00
  -2.5412283e+00
  -2.3827062e+00
  -2.1981033e+00
  -2.0000000e+00
  -1.8018967e+00
  -1.6172938e+00
  -1.4587717e+00
  -1.3371334e+00
  -1.2606684e+00
  -1.4034488e+00
  -1.4237758e+00
  -1.4833715e+00
  -1.5781746e+00
  -1.7017244e+00
  -1.8456012e+00
  -2.0000000e+00
  -2.1543988e+00
  -2.2982756e+00
  -2.4218254e+00
  -2.5166285e+00
  -2.5762242e+00
  -2.5965512e+00
  -2.5762242e+00
  -2.5166285e+00
  -2.4218254e+00
  -2.2982756e+00
  -2.1543988e+00
  -2.0000000e+00
  -1.8456012e+00
  -1.7017244e+00
  -1.5781746e+00
  -1.4833715e+00
  -1.4237758e+00
  -1.6028087e+00
  -1.6163427e+00
  -1.6560222e+00
  -1.7191433e+00
  -1.8014043e+00
  -1.8971993e+00
  -2.0000000e+00
  -2.1028007e+00
  -2.1985957e+00
  -2.2808567e+00
  -2.3439778e+00
  -2.3836573e+00
  -2.3971913e+00
  -2.3836573e+00
  -2.3439778e+00
  -2.2808567e+00
  -2.1985957e+00
  -2.1028007e+00
  -2.0000000e+00
  -1.8971993e+00
  -1.8014043e+00
  -1.7191433e+00
  -1.6560222e+00
  -1.6163427e+00
  -1.8223584e+00
  -1.8284114e+00
  -1.8461579e+00
  -1.8743884e+00
  -1.9111792e+00
  -1.9540230e+00
  -2.0000000e+00
  -2.0459770e+00
  -2.0888208e+00
  -2.1256116e+00
  -2.1538421e+00
  -2.1715886e+00
  -2.1776416e+00
  -2.1715886e+00
  -2.1538421e+00
  -2.1256116e+00
  -2.0888208e+00
  -2.0459770e+00
  -2.0000000e+00
  -1.9540230e+00
  -1.9111792e+00
  -1.8743884e+00
  -1.8461579e+00
  -1.8284114e+00
   3.0845022e-17
   4.5977026e-02
   8.8820793e-02
   1.2561157e-01
   1.5384213e-01
   1.7158860e-01
   1.7764159e-01
   1.7158860e-01
   1.5384213e-01
   1.2561157e-01
   8.8820793e-02
   4.5977026e-02
   7.2158003e-17
  -4.5977026e-02
  -8.8820793e-02
  -1.2561157e-01
  -1.5384213e-01
  -1.7158860e-01
  -1.7764159e-01
  -1.7158860e-01
  -1.5384213e-01
  -1.2561157e-01
  -8.8820793e-02
  -4.5977026e-02
   1.7567569e-17
   1.0280068e-01
   1.9859565e-01
   2.8085667e-01
   3.4397776e-01
   3.8365734e-01
   3.9719131e-01
   3.8365734e-01
   3.4397776e-01
   2.8085667e-01
   1.9859565e-01
   1.0280068e-01
   9.1772096e-17
  -1.0280068e-01
  -1.9859565e-01
  -2.8085667e-01
  -3.4397776e-01
  -3.8365734e-01
  -3.9719131e-01
  -3.8365734e-01
  -3.4397776e-01
  -2.8085667e-01
  -1.9859565e-01
  -1.0280068e-01
   2.4256906e-18
   1.5439882e-01
   2.9827562e-01
   4.2182543e-01
   5.1662853e-01
   5.7622425e-01
   5.9655124e-01
   5.7622425e-01
   5.1662853e-01
   4.2182543e-01
   2.9827562e-01
   1.5439882e-01
   1.1467209e-16
  -1.5439882e-01
  -2.9827562e-01
  -4.2182543e-01
  -5.1662853e-01
  -5.7622425e-01
  -5.9655124e-01
  -5.7622425e-01
  -5.1662853e-01
  -4.2182543e-01
  -2.9827562e-01
  -1.5439882e-01
   8.6668411e-18
   1.9810330e-01
   3.8270619e-01
   5.4122828e-01
   6.6286656e-01
   7.3933158e-01
   7.6541238e-01
   7.3933158e-01
   6.6286656e-01
   5.4122828e-01
   3.8270619e-01
   1.9810330e-01
   1.2206576e-16
  -1.9810330e-01
  -3.8270619e-01
  -5.4122828e-01
  -6.6286656e-01
  -7.3933158e-01
  -7.6541238e-01
  -7.3933158e-01
  -6.6286656e-01
  -5.4122828e-01
  -3.8270619e-01
  -1.9810330e-01
   1.4733079e-17
   2.3122614e-01
   4.4669459e-01
   6.3172155e-01
   7.7369773e-01
   8.6294769e-01
   8.9338919e-01
   8.6294769e-01
   7.7369773e-01
   6.3172155e-01
   4.4669459e-01
   2.3122614e-01
   1.0760169e-16
  -2.3122614e-01
  -4.4669459e-01
  -6.3172155e-01
  -7.7369773e-01
  -8.6294769e-01
  -8.9338919e-01
  -8.6294769e-01
  -7.7369773e-01
  -6.3172155e-01
  -4.4669459e-01
  -2.3122614e-01
  -3.3297924e-18
   2.5176645e-01
   4.8637544e-01
   6.8783874e-01
   8.4242697e-01
   9.3960519e-01
   9.7275088e-01
   9.3960519e-01
   8.4242697e-01
   6.8783874e-01
   4.8637544e-01
   2.5176645e-01
   9.5425231e-17
  -2.5176645e-01
  -4.8637544e-01
  -6.8783874e-01
  -8.4242697e-01
  -9.3960519e-01
  -9.7275088e-01
  -9.3960519e-01
  -8.4242697e-01
  -6.8783874e-01
  -4.8637544e-01
  -2.5176645e-01
  -2.6501755e-17
   2.5872060e-01
   4.9980982e-01
   7.0683782e-01
   8.6569600e-01
   9.6555842e-01
   9.9961963e-01
   9.6555842e-01
   8.6569600e-01
   7.0683782e-01
   4.9980982e-01
   2.5872060e-01
   1.0368870e-16
  -2.5872060e-01
  -4.9980982e-01
  -7.0683782e-01
  -8.6569600e-01
  -9.6555842e-01
  -9.9961963e-01
  -9.6555842e-01
  -8.6569600e-01
  -7.0683782e-01
  -4.9980982e-01
  -2.5872060e-01
  -3.3115282e-17
   2.5176645e-01
   4.8637544e-01
   6.8783874e-01
   8.4242697e-01
   9.3960519e-01
   9.7275088e-01
   9.3960519e-01
   8.4242697e-01
   6.8783874e-01
   4.8637544e-01
   2.5176645e-01
   8.8000776e-17
  -2.5176645e-01
  -4.8637544e-01
  -6.8783874e-01
  -8.4242697e-01
  -9.3960519e-01
  -9.7275088e-01
  -9.3960519e-01
  -8.4242697e-01
  -6.8783874e-01
  -4.8637544e-01
  -2.5176645e-01
  -8.0180139e-18
   2.3122614e-01
   4.4669459e-01
   6.3172155e-01
   7.7369773e-01
   8.6294769e-01
   8.9338919e-01
   8.6294769e-01
   7.7369773e-01
   6.3172155e-01
   4.4669459e-01
   2.3122614e-01
   5.9314935e-17
  -2.3122614e-01
  -4.4669459e-01
  -6.3172155e-01
  -7.7369773e-01
  -8.6294769e-01
  -8.9338919e-01
  -8.6294769e-01
  -7.7369773e-01
  -6.3172155e-01
  -4.4669459e-01
  -2.3122614e-01
   1.2209292e-17
   1.9810330e-01
   3.8270619e-01
   5.4122828e-01
   6.6286656e-01
   7.3933158e-01
   7.6541238e-01
   7.3933158e-01
   6.6286656e-01
   5.4122828e-01
   3.8270619e-01
   1.9810330e-01
   5.7500144e-17
  -1.9810330e-01
  -3.8270619e-01
  -5.4122828e-01
  -6.6286656e-01
  -7.3933158e-01
  -7.6541238e-01
  -7.3933158e-01
  -6.6286656e-01
  -5.4122828e-01
  -3.8270619e-01
  -1.9810330e-01
   1.1359559e-17
   1.5439882e-01
   2.9827562e-01
   4.2182543e-01
   5.1662853e-01
   5.7622425e-01
   5.9655124e-01
   5.7622425e-01
   5.1662853e-01
   4.2182543e-01
   2.9827562e-01
   1.5439882e-01
   8.1035780e-17
  -1.5439882e-01
  -2.9827562e-01
  -4.2182543e-01
  -5.1662853e-01
  -5.7622425e-01
  -5.9655124e-01
  -5.7622425e-01
  -5.1662853e-01
  -4.2182543e-01
  -2.9827562e-01
  -1.5439882e-01
   1.7365869e-17
   1.0280068e-01
   1.9859565e-01
   2.8085667e-01
   3.4397776e-01
   3.8365734e-01
   3.9719131e-01
   3.8365734e-01
   3.4397776e-01
   2.8085667e-01
   1.9859565e-01
   1.0280068e-01
   8.8049274e-17
  -1.0280068e-01
  -1.9859565e-01
  -2.8085667e-01
  -3.4397776e-01
  -3.8365734e-01
  -3.9719131e-01
  -3.8365734e-01
  -3.4397776e-01
  -2.8085667e-01
  -1.9859565e-01
  -1.0280068e-01
   2.9347998e-17
   4.5977026e-02
   8.8820793e-02
   1.2561157e-01
   1.5384213e-01
   1.7158860e-01
   1.7764159e-01
   1.7158860e-01
   1.5384213e-01
   1.2561157e-01
   8.8820793e-02
   4.5977026e-02
   7.3207054e-17
  -4.5977026e-02
  -8.8820793e-02
  -1.2561157e-01
  -1.5384213e-01
  -1.7158860e-01
  -1.7764159e-01
  -1.7158860e-01
  -1.5384213e-01
  -1.2561157e-01
  -8.8820793e-02
  -4.5977026e-02
  -1.9751532e+00
  -1.9751532e+00
  -1.9751532e+00
  -1.9751532e+00
  -1.9751532e+00
  -1.9751532e+00
  -1.9751532e+00
  -1.9751532e+00
  -1.9751532e+00
  -1.9751532e+00
  -1.9751532e+00
  -1.9751532e+00
  -1.9751532e+00
  -1.9751532e+00
  -1.9751532e+00
  -1.9751532e+00
  -1.9751532e+00
  -1.9751532e+00
  -1.9751532e+00
  -1.9751532e+00
  -1.9751532e+00
  -1.9751532e+00
  -1.9751532e+00
  -1.9751532e+00
  -1.8389049e+00
  -1.8389049e+00
  -1.8389049e+00
  -1.8389049e+00
  -1.8389049e+00
  -1.8389049e+00
  -1.8389049e+00
  -1.8389049e+00
  -1.8389049e+00
  -1.8389049e+00
  -1.8389049e+00
  -1.8389049e+00
  -1.8389049e+00
  -1.8389049e+00
  -1.8389049e+00
  -1.8389049e+00
  -1.8389049e+00
  -1.8389049e+00
  -1.8389049e+00
  -1.8389049e+00
  -1.8389049e+00
  -1.8389049e+00
  -1.8389049e+00
  -1.8389049e+00
  -1.6046042e+00
  -1.6046042e+00
  -1.6046042e+00
  -1.6046042e+00
  -1.6046042e+00
  -1.6046042e+00
  -1.6046042e+00
  -1.6046042e+00
  -1.6046042e+00
  -1.6046042e+00
  -1.6046042e+00
  -1.6046042e+00
  -1.6046042e+00
  -1.6046042e+00
  -1.6046042e+00
  -1.6046042e+00
  -1.6046042e+00
  -1.6046042e+00
  -1.6046042e+00
  -1.6046042e+00
  -1.6046042e+00
  -1.6046042e+00
  -1.6046042e+00
  -1.6046042e+00
  -1.2854610e+00
  -1.2854610e+00
  -1.2854610e+00
  -1.2854610e+00
  -1.2854610e+00
  -1.2854610e+00
  -1.2854610e+00
  -1.2854610e+00
  -1.2854610e+00
  -1.2854610e+00
  -1.2854610e+00
  -1.2854610e+00
  -1.2854610e+00
  -1.2854610e+00
  -1.2854610e+00
  -1.2854610e+00
  -1.2854610e+00
  -1.2854610e+00
  -1.2854610e+00
  -1.2854610e+00
  -1.2854610e+00
  -1.2854610e+00
  -1.2854610e+00
  -1.2854610e+00
  -8.9749929e-01
  -8.9749929e-01
  -8.9749929e-01
  -8.9749929e-01
  -8.9749929e-01
  -8.9749929e-01
  -8.9749929e-01
  -8.9749929e-01
  -8.9749929e-01
  -8.9749929e-01
  -8.9749929e-01
  -8.9749929e-01
  -8.9749929e-01
  -8.9749929e-01
  -8.9749929e-01
  -8.9749929e-01
  -8.9749929e-01
  -8.9749929e-01
  -8.9749929e-01
  -8.9749929e-01
  -8.9749929e-01
  -8.9749929e-01
  -8.9749929e-01
  -8.9749929e-01
  -4.6117186e-01
  -4.6117186e-01
  -4.6117186e-01
  -4.6117186e-01
  -4.6117186e-01
  -4.6117186e-01
  -4.6117186e-01
  -4.6117186e-01
  -4.6117186e-01
  -4.6117186e-01
  -4.6117186e-01
  -4.6117186e-01
  -4.6117186e-01
  -4.6117186e-01
  -4.6117186e-01
  -4.6117186e-01
  -4.6117186e-01
  -4.6117186e-01
  -4.6117186e-01
  -4.6117186e-01
  -4.6117186e-01
  -4.6117186e-01
  -4.6117186e-01
  -4.6117186e-01
  -2.3620295e-16
  -2.3871356e-16
  -2.4757352e-16
  -2.6065510e-16
  -2.7360115e-16
  -2.8758058e-16
  -3.0258323e-16
  -3.2050645e-16
  -3.3697954e-16
  -3.5200252e-16
  -3.6110982e-16
  -3.6799450e-16
  -3.7165368e-16
  -3.7098283e-16
  -3.6336631e-16
  -3.5137233e-16
  -3.3282569e-16
  -3.1584438e-16
  -2.9979141e-16
  -2.8535119e-16
  -2.6950490e-16
  -2.5468521e-16
  -2.4435141e-16
  -2.3856787e-16
   4.6117186e-01
   4.6117186e-01
   4.6117186e-01
   4.6117186e-01
   4.6117186e-01
   4.6117186e-01
   4.6117186e-01
   4.6117186e-01
   4.6117186e-01
   4.6117186e-01
   4.6117186e-01
   4.6117186e-01
   4.6117186e-01
   4.6117186e-01
   4.6117186e-01
   4.6117186e-01
   4.6117186e-01
   4.6117186e-01
   4.6117186e-01
   4.6117186e-01
   4.6117186e-01
   4.6117186e-01
   4.6117186e-01
   4.6117186e-01
   8.9749929e-01
   8.9749929e-01
   8.9749929e-01
   8.9749929e-01
   8.9749929e-01
   8.9749929e-01
   8.9749929e-01
   8.9749929e-01
   8.9749929e-01
   8.9749929e-01
   8.9749929e-01
   8.9749929e-01
   8.9749929e-01
   8.9749929e-01
   8.9749929e-01
   8.9749929e-01
   8.9749929e-01
   8.9749929e-01
   8.9749929e-01
   8.9749929e-01
   8.9749929e-01
   8.9749929e-01
   8.9749929e-01
   8.9749929e-01
   1.2854610e+00
   1.2854610e+00
   1.2854610e+00
   1.2854610e+00
   1.2854610e+00
   1.2854610e+00
   1.2854610e+00
   1.2854610e+00
   1.2854610e+00
   1.2854610e+00
   1.2854610e+00
   1.2854610e+00
   1.2854610e+00
   1.2854610e+00
   1.2854610e+00
   1.2854610e+00
   1.2854610e+00
   1.2854610e+00
   1.2854610e+00
   1.2854610e+00
   1.2854610e+00
   1.2854610e+00
   1.2854610e+00
   1.2854610e+00
   1.6046042e+00
   1.6046042e+00
   1.6046042e+00
   1.6046042e+00
   1.6046042e+00
   1.6046042e+00
   1.6046042e+00
   1.6046042e+00
   1.6046042e+00
   1.6046042e+00
   1.6046042e+00
   1.6046042e+00
   1.6046042e+00
   1.6046042e+00
   1.6046042e+00
   1.6046042e+00
   1.6046042e+00
   1.6046042e+00
   1.6046042e+00
   1.6046042e+00
   1.6046042e+00
   1.6046042e+00
   1.6046042e+00
   1.6046042e+00
   1.8389049e+00
   1.8389049e+00
   1.8389049e+00
   1.8389049e+00
   1.8389049e+00
   1.8389049e+00
   1.8389049e+00
   1.8389049e+00
   1.8389049e+00
   1.8389049e+00
   1.8389049e+00
   1.8389049e+00
   1.8389049e+00
   1.8389049e+00
   1.8389049e+00
   1.8389049e+00
   1.8389049e+00
   1.8389049e+00
   1.8389049e+00
   1.8389049e+00
   1.8389049e+00
   1.8389049e+00
   1.8389049e+00
   1.8389049e+00
   1.9751532e+00
   1.9751532e+00
   1.9751532e+00
   1.9751532e+00
   1.9751532e+00
   1.9751532e+00
   1.9751532e+00
   1.9751532e+00
   1.9751532e+00
   1.9751532e+00
   1.9751532e+00
   1.9751532e+00
   1.9751532e+00
   1.9751532e+00
   1.9751532e+00
   1.9751532e+00
   1.9751532e+00
   1.9751532e+00
   1.9751532e+00
   1.9751532e+00
   1.9751532e+00
   1.9751532e+00
   1.9751532e+00
   1.9751532e+00
   2.1776416e+00
   2.1715886e+00
   2.1538421e+00
   2.1256116e+00
   2.0888208e+00
   2.0459770e+00
   2.0000000e+00
   1.9540230e+00
   1.9111792e+00
   1.8743884e+00
   1.8461579e+00
   1.8284114e+00
   1.8223584e+00
   1.8284114e+00
   1.8461579e+00
   1.8743884e+00
   1.9111792e+00
   1.9540230e+00
   2.0000000e+00
   2.0459770e+00
   2.0888208e+00
   2.1256116e+00
   2.1538421e+00
   2.1715886e+00
   2.3971913e+00
   2.3836573e+00
   2.3439778e+00
   2.2808567e+00
   2.1985957e+00
   2.1028007e+00
   2.0000000e+00
   1.8971993e+00
   1.8014043e+00
   1.7191433e+00
   1.6560222e+00
   1.6163427e+00
   1.6028087e+00
   1.6163427e+00
   1.6560222e+00
   1.7191433e+00
   1.8014043e+00
   1.8971993e+00
   2.0000000e+00
   2.1028007e+00
   2.1985957e+00
   2.2808567e+00
   2.3439778e+00
   2.3836573e+00
   2.5965512e+00
   2.5762242e+00
   2.5166285e+00
   2.4218254e+00
   2.2982756e+00
   2.1543988e+00
   2.0000000e+00
   1.8456012e+00
   1.7017244e+00
   1.5781746e+00
   1.4833715e+00
   1.4237758e+00
   1.4034488e+00
   1.4237758e+00
   1.4833715e+00
   1.5781746e+00
   1.7017244e+00
   1.8456012e+00
   2.0000000e+00
   2.1543988e+00
   2.2982756e+00
   2.4218254e+00
   2.5166285e+00
   2.5762242e+00
   2.7654124e+00
   2.7393316e+00
   2.6628666e+00
   2.5412283e+00
   2.3827062e+00
   2.1981033e+00
   2.0000000e+00
   1.8018967e+00
   1.6172938e+00
   1.4587717e+00
   1.3371334e+00
   1.2606684e+00
   1.2345876e+00
   1.2606684e+00
   1.3371334e+00
   1.4587717e+00
   1.6172938e+00
   1.8018967e+00
   2.0000000e+00
   2.1981033e+00
   2.3827062e+00
   2.5412283e+00
   2.6628666e+00
   2.7393316e+00
   2.8933892e+00
   2.8629477e+00
   2.7736977e+00
   2.6317216e+00
   2.4466946e+00
   2.2312261e+00
   2.0000000e+00
   1.7687739e+00
   1.5533054e+00
   1.3682784e+00
   1.2263023e+00
   1.1370523e+00
   1.1066108e+00
   1.1370523e+00
   1.2263023e+00
   1.3682784e+00
   1.5533054e+00
   1.7687739e+00
   2.0000000e+00
   2.2312261e+00
   2.4466946e+00
   2.6317216e+00
   2.7736977e+00
   2.8629477e+00
   2.9727509e+00
   2.9396052e+00
   2.8424270e+00
   2.6878387e+00
   2.4863754e+00
   2.2517665e+00
   2.0000000e+00
   1.7482335e+00
   1.5136246e+00
   1.3121613e+00
   1.1575730e+00
   1.0603948e+00
   1.0272491e+00
   1.0603948e+00
   1.1575730e+00
   1.3121613e+00
   1.5136246e+00
   1.7482335e+00
   2.0000000e+00
   2.2517665e+00
   2.4863754e+00
   2.6878387e+00
   2.8424270e+00
   2.9396052e+00
   2.9996196e+00
   2.9655584e+00
   2.8656960e+00
   2.7068378e+00
   2.4998098e+00
   2.2587206e+00
   2.0000000e+00
   1.7412794e+00
   1.5001902e+00
   1.2931622e+00
   1.1343040e+00
   1.0344416e+00
   1.0003804e+00
   1.0344416e+00
   1.1343040e+00
   1.2931622e+00
   1.5001902e+00
   1.7412794e+00
   2.0000000e+00
   2.2587206e+00
   2.4998098e+00
   2.7068378e+00
   2.8656960e+00
   2.9655584e+00
   2.9727509e+00
   2.9396052e+00
   2.8424270e+00
   2.6878387e+00
   2.4863754e+00
   2.2517665e+00
   2.0000000e+00
   1.7482335e+00
   1.5136246e+00
   1.3121613e+00
   1.1575730e+00
   1.0603948e+00
   1.0272491e+00
   1.0603948e+00
   1.1575730e+00
   1.3121613e+00
   1.5136246e+00
   1.7482335e+00
   2.0000000e+00
   2.2517665e+00
   2.4863754e+00
   2.6878387e+00
   2.8424270e+00
   2.9396052e+00
   2.8933892e+00
   2.8629477e+00
   2.7736977e+00
   2.6317216e+00
   2.4466946e+00
   2.2312261e+00
   2.0000000e+00
   1.7687739e+00
   1.5533054e+00
   1.3682784e+00
   1.2263023e+00
   1.1370523e+00
   1.1066108e+00
   1.1370523e+00
   1.2263023e+00
   1.3682784e+00
   1.5533054e+00
   1.7687739e+00
   2.0000000e+00
   2.2312261e+00
   2.4466946e+00
   2.6317216e+00
   2.7736977e+00
   2.8629477e+00
   2.7654124e+00
   2.7393316e+00
   2.6628666e+00
   2.5412283e+00
   2.3827062e+00
   2.1981033e+00
   2.0000000e+00
   1.8018967e+00
   1.6172938e+00
   1.4587717e+00
   1.3371334e+00
   1.2606684e+00
   1.2345876e+00
   1.2606684e+00
   1.3371334e+00
   1.4587717e+00
   1.6172938e+00
   1.8018967e+00
   2.0000000e+00
   2.1981033e+00
   2.3827062e+00
   2.5412283e+00
   2.6628666e+00
   2.7393316e+00
   2.5965512e+00
   2.5762242e+00
   2.5166285e+00
   2.4218254e+00
   2.2982756e+00
   2.1543988e+00
   2.0000000e+00
   1.8456012e+00
   1.7017244e+00
   1.5781746e+00
   1.4833715e+00
   1.4237758e+00
   1.4034488e+00
   1.4237758e+00
   1.4833715e+00
   1.5781746e+00
   1.7017244e+00
   1.8456012e+00
   2.0000000e+00
   2.1543988e+00
   2.2982756e+00
   2.4218254e+00
   2.5166285e+00
   2.5762242e+00
   2.3971913e+00
   2.3836573e+00
   2.3439778e+00
   2.2808567e+00
   2.1985957e+00
   2.1028007e+00
   2.0000000e+00
   1.8971993e+00
   1.8014043e+00
   1.7191433e+00
   1.6560222e+00
   1.6163427e+00
   1.6028087e+00
   1.6163427e+00
   1.6560222e+00
   1.7191433e+00
   1.8014043e+00
   1.8971993e+00
   2.0000000e+00
   2.1028007e+00
   2.1985957e+00
   2.2808567e+00
   2.3439778e+00
   2.3836573e+00
   2.1776416e+00
   2.1715886e+00
   2.1538421e+00
   2.1256116e+00
   2.0888208e+00
   2.0459770e+00
   2.0000000e+00
   1.9540230e+00
   1.9111792e+00
   1.8743884e+00
   1.8461579e+00
   1.8284114e+00
   1.8223584e+00
   1.8284114e+00
   1.8461579e+00
   1.8743884e+00
   1.9111792e+00
   1.9540230e+00
   2.0000000e+00
   2.0459770e+00
   2.0888208e+00
   2.1256116e+00
   2.1538421e+00
   2.1715886e+00
  -8.8740466e-18
   4.5977026e-02
   8.8820793e-02
   1.2561157e-01
   1.5384213e-01
   1.7158860e-01
   1.7764159e-01
   1.7158860e-01
   1.5384213e-01
   1.2561157e-01
   8.8820793e-02
   4.5977026e-02
   4.2952307e-17
  -4.5977026e-02
  -8.8820793e-02
  -1.2561157e-01
  -1.5384213e-01
  -1.7158860e-01
  -1.7764159e-01
  -1.7158860e-01
  -1.5384213e-01
  -1.2561157e-01
  -8.8820793e-02
  -4.5977026e-02
  -2.3782356e-17
   1.0280068e-01
   1.9859565e-01
   2.8085667e-01
   3.4397776e-01
   3.8365734e-01
   3.9719131e-01
   3.8365734e-01
   3.4397776e-01
   2.8085667e-01
   1.9859565e-01
   1.0280068e-01
   4.2940012e-17
  -1.0280068e-01
  -1.9859565e-01
  -2.8085667e-01
  -3.4397776e-01
  -3.8365734e-01
  -3.9719131e-01
  -3.8365734e-01
  -3.4397776e-01
  -2.8085667e-01
  -1.9859565e-01
  -1.0280068e-01
  -6.4092760e-17
   1.5439882e-01
   2.9827562e-01
   4.2182543e-01
   5.1662853e-01
   5.7622425e-01
   5.9655124e-01
   5.7622425e-01
   5.1662853e-01
   4.2182543e-01
   2.9827562e-01
   1.5439882e-01
   6.0376011e-17
  -1.5439882e-01
  -2.9827562e-01
  -4.2182543e-01
  -5.1662853e-01
  -5.7622425e-01
  -5.9655124e-01
  -5.7622425e-01
  -5.1662853e-01
  -4.2182543e-01
  -2.9827562e-01
  -1.5439882e-01
  -1.4083596e-16
   1.9810330e-01
   3.8270619e-01
   5.4122828e-01
   6.6286656e-01
   7.3933158e-01
   7.6541238e-01
   7.3933158e-01
   6.6286656e-01
   5.4122828e-01
   3.8270619e-01
   1.9810330e-01
   7.2955425e-17
  -1.9810330e-01
  -3.8270619e-01
  -5.4122828e-01
  -6.6286656e-01
  -7.3933158e-01
  -7.6541238e-01
  -7.3933158e-01
  -6.6286656e-01
  -5.4122828e-01
  -3.8270619e-01
  -1.9810330e-01
  -1.7948946e-16
   2.3122614e-01
   4.4669459e-01
   6.3172155e-01
   7.7369773e-01
   8.6294769e-01
   8.9338919e-01
   8.6294769e-01
   7.7369773e-01
   6.3172155e-01
   4.4669459e-01
   2.3122614e-01
   8.2980930e-17
  -2.3122614e-01
  -4.4669459e-01
  -6.3172155e-01
  -7.7369773e-01
  -8.6294769e-01
  -8.9338919e-01
  -8.6294769e-01
  -7.7369773e-01
  -6.3172155e-01
  -4.4669459e-01
  -2.3122614e-01
  -1.8259500e-16
   2.5176645e-01
   4.8637544e-01
   6.8783874e-01
   8.4242697e-01
   9.3960519e-01
   9.7275088e-01
   9.3960519e-01
   8.4242697e-01
   6.8783874e-01
   4.8637544e-01
   2.5176645e-01
   8.1421765e-17
  -2.5176645e-01
  -4.8637544e-01
  -6.8783874e-01
  -8.4242697e-01
  -9.3960519e-01
  -9.7275088e-01
  -9.3960519e-01
  -8.4242697e-01
  -6.8783874e-01
  -4.8637544e-01
  -2.5176645e-01
  -1.3601994e-16
   2.5872060e-01
   4.9980982e-01
   7.0683782e-01
   8.6569600e-01
   9.6555842e-01
   9.9961963e-01
   9.6555842e-01
   8.6569600e-01
   7.0683782e-01
   4.9980982e-01
   2.5872060e-01
   7.4241456e-17
  -2.5872060e-01
  -4.9980982e-01
  -7.0683782e-01
  -8.6569600e-01
  -9.6555842e-01
  -9.9961963e-01
  -9.6555842e-01
  -8.6569600e-01
  -7.0683782e-01
  -4.9980982e-01
  -2.5872060e-01
  -7.5360733e-17
   2.5176645e-01
   4.8637544e-01
   6.8783874e-01
   8.4242697e-01
   9.3960519e-01
   9.7275088e-01
   9.3960519e-01
   8.4242697e-01
   6.8783874e-01
   4.8637544e-01
   2.5176645e-01
   7.5855911e-17
  -2.5176645e-01
  -4.8637544e-01
  -6.8783874e-01
  -8.4242697e-01
  -9.3960519e-01
  -9.7275088e-01
  -9.3960519e-01
  -8.4242697e-01
  -6.8783874e-01
  -4.8637544e-01
  -2.5176645e-01
  -6.9782386e-17
   2.3122614e-01
   4.4669459e-01
   6.3172155e-01
   7.7369773e-01
   8.6294769e-01
   8.9338919e-01
   8.6294769e-01
   7.7369773e-01
   6.3172155e-01
   4.4669459e-01
   2.3122614e-01
   7.6015672e-17
  -2.3122614e-01
  -4.4669459e-01
  -6.3172155e-01
  -7.7369773e-01
  -8.6294769e-01
  -8.9338919e-01
  -8.6294769e-01
  -7.7369773e-01
  -6.3172155e-01
  -4.4669459e-01
  -2.3122614e-01
  -9.7817509e-17
   1.9810330e-01
   3.8270619e-01
   5.4122828e-01
   6.6286656e-01
   7.3933158e-01
   7.6541238e-01
   7.3933158e-01
   6.6286656e-01
   5.4122828e-01
   3.8270619e-01
   1.9810330e-01
   7.2455993e-17
  -1.9810330e-01
  -3.8270619e-01
  -5.4122828e-01
  -6.6286656e-01
  -7.3933158e-01
  -7.6541238e-01
  -7.3933158e-01
  -6.6286656e-01
  -5.4122828e-01
  -3.8270619e-01
  -1.9810330e-01
  -8.9800739e-17
   1.5439882e-01
   2.9827562e-01
   4.2182543e-01
   5.1662853e-01
   5.7622425e-01
   5.9655124e-01
   5.7622425e-01
   5.1662853e-01
   4.2182543e-01
   2.9827562e-01
   1.5439882e-01
   7.1622915e-17
  -1.5439882e-01
  -2.9827562e-01
  -4.2182543e-01
  -5.1662853e-01
  -5.7622425e-01
  -5.9655124e-01
  -5.7622425e-01
  -5.1662853e-01
  -4.2182543e-01
  -2.9827562e-01
  -1.5439882e-01
  -5.1352219e-17
   1.0280068e-01
   1.9859565e-01
   2.8085667e-01
   3.4397776e-01
   3.8365734e-01
   3.9719131e-01
   3.8365734e-01
   3.4397776e-01
   2.8085667e-01
   1.9859565e-01
   1.0280068e-01
   5.4389204e-17
  -1.0280068e-01
  -1.9859565e-01
  -2.8085667e-01
  -3.4397776e-01
  -3.8365734e-01
  -3.9719131e-01
  -3.8365734e-01
  -3.4397776e-01
  -2.8085667e-01
  -1.9859565e-01
  -1.0280068e-01
  -1.2529311e-17
   4.5977026e-02
   8.8820793e-02
   1.2561157e-01
   1.5384213e-01
   1.7158860e-01
   1.7764159e-01
   1.7158860e-01
   1.5384213e-01
   1.2561157e-01
   8.8820793e-02
   4.5977026e-02
   3.6832071e-17
  -4.5977026e-02
  -8.8820793e-02
  -1.2561157e-01
  -1.5384213e-01
  -1.7158860e-01
  -1.7764159e-01
  -1.7158860e-01
  -1.5384213e-01
  -1.2561157e-01
  -8.8820793e-02
  -4.5977026e-02
  -1.9751532e+00
  -1.9751532e+00
  -1.9751532e+00
  -1.9751532e+00
  -1.9751532e+00
  -1.9751532e+00
  -1.9751532e+00
  -1.9751532e+00
  -1.9751532e+00
  -1.9751532e+00
  -1.9751532e+00
  -1.9751532e+00
  -1.9751532e+00
  -1.9751532e+00
  -1.9751532e+00
  -1.9751532e+00
  -1.9751532e+00
  -1.9751532e+00
  -1.9751532e+00
  -1.9751532e+00
  -1.9751532e+00
  -1.9751532e+00
  -1.9751532e+00
  -1.9751532e+00
  -1.8389049e+00
  -1.8389049e+00
  -1.8389049e+00
  -1.8389049e+00
  -1.8389049e+00
  -1.8389049e+00
  -1.8389049e+00
  -1.8389049e+00
  -1.8389049e+00
  -1.8389049e+00
  -1.8389049e+00
  -1.8389049e+00
  -1.8389049e+00
  -1.8389049e+00
  -1.8389049e+00
  -1.8389049e+00
  -1.8389049e+00
  -1.8389049e+00
  -1.8389049e+00
  -1.8389049e+00
  -1.8389049e+00
  -1.8389049e+00
  -1.8389049e+00
  -1.8389049e+00
  -1.6046042e+00
  -1.6046042e+00
  -1.6046042e+00
  -1.6046042e+00
  -1.6046042e+00
  -1.6046042e+00
  -1.6046042e+00
  -1.6046042e+00
  -1.6046042e+00
  -1.6046042e+00
  -1.6046042e+00
  -1.6046042e+00
  -1.6046042e+00
  -1.6046042e+00
  -1.6046042e+00
  -1.6046042e+00
  -1.6046042e+00
  -1.6046042e+00
  -1.6046042e+00
  -1.6046042e+00
  -1.6046042e+00
  -1.6046042e+00
  -1.6046042e+00
  -1.6046042e+00
  -1.2854610e+00
  -1.2854610e+00
  -1.2854610e+00
  -1.2854610e+00
  -1.2854610e+00
  -1.2854610e+00
  -1.2854610e+00
  -1.2854610e+00
  -1.2854610e+00
  -1.2854610e+00
  -1.2854610e+00
  -1.2854610e+00
  -1.2854610e+00
  -1.2854610e+00
  -1.2854610e+00
  -1.2854610e+00
  -1.2854610e+00
  -1.2854610e+00
  -1.2854610e+00
  -1.2854610e+00
  -1.2854610e+00
  -1.2854610e+00
  -1.2854610e+00
  -1.2854610e+00
  -8.9749929e-01
  -8.9749929e-01
  -8.9749929e-01
  -8.9749929e-01
  -8.9749929e-01
  -8.9749929e-01
  -8.9749929e-01
  -8.9749929e-01
  -8.9749929e-01
  -8.9749929e-01
  -8.9749929e-01
  -8.9749929e-01
  -8.9749929e-01
  -8.9749929e-01
  -8.9749929e-01
  -8.9749929e-01
  -8.9749929e-01
  -8.9749929e-01
  -8.9749929e-01
  -8.9749929e-01
  -8.9749929e-01
  -8.9749929e-01
  -8.9749929e-01
  -8.9749929e-01
  -4.6117186e-01
  -4.6117186e-01
  -4.6117186e-01
  -4.6117186e-01
  -4.6117186e-01
  -4.6117186e-01
  -4.6117186e-01
  -4.6117186e-01
  -4.6117186e-01
  -4.6117186e-01
  -4.6117186e-01
  -4.6117186e-01
  -4.6117186e-01
  -4.6117186e-01
  -4.6117186e-01
  -4.6117186e-01
  -4.6117186e-01
  -4.6117186e-01
  -4.6117186e-01
  -4.6117186e-01
  -4.6117186e-01
  -4.6117186e-01
  -4.6117186e-01
  -4.6117186e-01
  -3.7456070e-16
  -3.7485886e-16
  -3.6713053e-16
  -3.5586838e-16
  -3.4069294e-16
  -3.2507365e-16
  -3.0578840e-16
  -2.8869189e-16
  -2.7259826e-16
  -2.5863238e-16
  -2.4762096e-16
  -2.4396855e-16
  -2.4176626e-16
  -2.4411085e-16
  -2.5153086e-16
  -2.6017737e-16
  -2.7509193e-16
  -2.9139562e-16
  -3.0878351e-16
  -3.2730304e-16
  -3.4343393e-16
  -3.5936832e-16
  -3.6815374e-16
  -3.7036619e-16
   4.6117186e-01
   4.6117186e-01
   4.6117186e-01
   4.6117186e-01
   4.6117186e-01
   4.6117186e-01
   4.6117186e-01
   4.6117186e-01
   4.6117186e-01
   4.6117186e-01
   4.6117186e-01
   4.6117186e-01
   4.6117186e-01
   4.6117186e-01
   4.6117186e-01
   4.6117186e-01
   4.6117186e-01
   4.6117186e-01
   4.6117186e-01
   4.6117186e-01
   4.6117186e-01
   4.6117186e-01
   4.6117186e-01
   4.6117186e-01
   8.9749929e-01
   8.9749929e-01
   8.9749929e-01
   8.9749929e-01
   8.9749929e-01
   8.9749929e-01
   8.9749929e-01
   8.9749929e-01
   8.9749929e-01
   8.9749929e-01
   8.9749929e-01
   8.9749929e-01
   8.9749929e-01
   8.9749929e-01
   8.9749929e-01
   8.9749929e-01
   8.9749929e-01
   8.9749929e-01
   8.9749929e-01
   8.9749929e-01
   8.9749929e-01
   8.9749929e-01
   8.9749929e-01
   8.9749929e-01
   1.2854610e+00
   1.2854610e+00
   1.2854610e+00
   1.2854610e+00
   1.2854610e+00
   1.2854610e+00
   1.2854610e+00
   1.2854610e+00
   1.2854610e+00
   1.2854610e+00
   1.2854610e+00
   1.2854610e+00
   1.2854610e+00
   1.2854610e+00
   1.2854610e+00
   1.2854610e+00
   1.2854610e+00
   1.2854610e+00
   1.2854610e+00
   1.2854610e+00
   1.2854610e+00
   1.2854610e+00
   1.2854610e+00
   1.2854610e+00
   1.6046042e+00
   1.6046042e+00
   1.6046042e+00
   1.6046042e+00
   1.6046042e+00
   1.6046042e+00
   1.6046042e+00
   1.6046042e+00
   1.6046042e+00
   1.6046042e+00
   1.6046042e+00
   1.6046042e+00
   1.6046042e+00
   1.6046042e+00
   1.6046042e+00
   1.6046042e+00
   1.6046042e+00
   1.6046042e+00
   1.6046042e+00
   1.6046042e+00
   1.6046042e+00
   1.6046042e+00
   1.6046042e+00
   1.6046042e+00
   1.8389049e+00
   1.8389049e+00
   1.8389049e+00
   1.8389049e+00
   1.8389049e+00
   1.8389049e+00
   1.8389049e+00
   1.8389049e+00
   1.8389049e+00
   1.8389049e+00
   1.8389049e+00
   1.8389049e+00
   1.8389049e+00
   1.8389049e+00
   1.8389049e+00
   1.8389049e+00
   1.8389049e+00
   1.8389049e+00
   1.8389049e+00
   1.8389049e+00
   1.8389049e+00
   1.8389049e+00
   1.8389049e+00
   1.8389049e+00
   1.9751532e+00
   1.9751532e+00
   1.9751532e+00
   1.9751532e+00
   1.9751532e+00
   1.9751532e+00
   1.9751532e+00
   1.9751532e+00
   1.9751532e+00
   1.9751532e+00
   1.9751532e+00
   1.9751532e+00
   1.9751532e+00
   1.9751532e+00
   1.9751532e+00
   1.9751532e+00
   1.9751532e+00
   1.9751532e+00
   1.9751532e+00
   1.9751532e+00
   1.9751532e+00
   1.9751532e+00
   1.9751532e+00
   1.9751532e+00
