  -1.8228455e+00
  -1.8288819e+00
  -1.8465797e+00
  -1.8747329e+00
  -1.9114228e+00
  -1.9541490e+00
  -2.0000000e+00
  -2.0458510e+00
  -2.0885772e+00
  -2.1252671e+00
  -2.1534203e+00
  -2.1711181e+00
  -2.1771545e+00
  -2.1711181e+00
  -2.1534203e+00
  -2.1252671e+00
  -2.0885772e+00
  -2.0458510e+00
  -2.0000000e+00
  -1.9541490e+00
  -1.9114228e+00
  -1.8747329e+00
  -1.8465797e+00
  -1.8288819e+00
  -1.6024913e+00
  -1.6160361e+00
  -1.6557474e+00
  -1.7189189e+00
  -1.8012456e+00
  -1.8971172e+00
  -2.0000000e+00
  -2.1028828e+00
  -2.1987544e+00
  -2.2810811e+00
  -2.3442526e+00
  -2.3839639e+00
  -2.3975087e+00
  -2.3839639e+00
  -2.3442526e+00
  -2.2810811e+00
  -2.1987544e+00
  -2.1028828e+00
  -2.0000000e+00
  -1.8971172e+00
  -1.8012456e+00
  -1.7189189e+00
  -1.6557474e+00
  -1.6160361e+00
  -1.4021099e+00
  -1.4224825e+00
  -1.4822120e+00
  -1.5772279e+00
  -1.7010550e+00
  -1.8452547e+00
  -2.0000000e+00
  -2.1547453e+00
  -2.2989450e+00
  -2.4227721e+00
  -2.5177880e+00
  -2.5775175e+00
  -2.5978901e+00
  -2.5775175e+00
  -2.5177880e+00
  -2.4227721e+00
  -2.2989450e+00
  -2.1547453e+00
  -2.0000000e+00
  -1.8452547e+00
  -1.7010550e+00
  -1.5772279e+00
  -1.4822120e+00
  -1.4224825e+00
  -1.2335880e+00
  -1.2597029e+00
  -1.3362678e+00
  -1.4580649e+00
  -1.6167940e+00
  -1.8016380e+00
  -2.0000000e+00
  -2.1983620e+00
  -2.3832060e+00
  -2.5419351e+00
  -2.6637322e+00
  -2.7402971e+00
  -2.7664120e+00
  -2.7402971e+00
  -2.6637322e+00
  -2.5419351e+00
  -2.3832060e+00
  -2.1983620e+00
  -2.0000000e+00
  -1.8016380e+00
  -1.6167940e+00
  -1.4580649e+00
  -1.3362678e+00
  -1.2597029e+00
  -1.1062135e+00
  -1.1366686e+00
  -1.2259582e+00
  -1.3679975e+00
  -1.5531068e+00
  -1.7686710e+00
  -2.0000000e+00
  -2.2313290e+00
  -2.4468932e+00
  -2.6320025e+00
  -2.7740418e+00
  -2.8633314e+00
  -2.8937865e+00
  -2.8633314e+00
  -2.7740418e+00
  -2.6320025e+00
  -2.4468932e+00
  -2.2313290e+00
  -2.0000000e+00
  -1.7686710e+00
  -1.5531068e+00
  -1.3679975e+00
  -1.2259582e+00
  -1.1366686e+00
  -1.0269178e+00
  -1.0600748e+00
  -1.1572861e+00
  -1.3119270e+00
  -1.5134589e+00
  -1.7481478e+00
  -2.0000000e+00
  -2.2518522e+00
  -2.4865411e+00
  -2.6880730e+00
  -2.8427139e+00
  -2.9399252e+00
  -2.9730822e+00
  -2.9399252e+00
  -2.8427139e+00
  -2.6880730e+00
  -2.4865411e+00
  -2.2518522e+00
  -2.0000000e+00
  -1.7481478e+00
  -1.5134589e+00
  -1.3119270e+00
  -1.1572861e+00
  -1.0600748e+00
  -1.0000000e+00
  -1.0340742e+00
  -1.1339746e+00
  -1.2928932e+00
  -1.5000000e+00
  -1.7411810e+00
  -2.0000000e+00
  -2.2588190e+00
  -2.5000000e+00
  -2.7071068e+00
  -2.8660254e+00
  -2.9659258e+00
  -3.0000000e+00
  -2.9659258e+00
  -2.8660254e+00
  -2.7071068e+00
  -2.5000000e+00
  -2.2588190e+00
  -2.0000000e+00
  -1.7411810e+00
  -1.5000000e+00
  -1.2928932e+00
  -1.1339746e+00
  -1.0340742e+00
  -1.0269178e+00
  -1.0600748e+00
  -1.1572861e+00
  -1.3119270e+00
  -1.5134589e+00
  -1.7481478e+00
  -2.0000000e+00
  -2.2518522e+00
  -2.4865411e+00
  -2.6880730e+00
  -2.8427139e+00
  -2.9399252e+00
  -2.9730822e+00
  -2.9399252e+00
  -2.8427139e+00
  -2.6880730e+00
  -2.4865411e+00
  -2.2518522e+00
  -2.0000000e+00
  -1.7481478e+00
  -1.5134589e+00
  -1.3119270e+00
  -1.1572861e+00
  -1.0600748e+00
  -1.1062135e+00
  -1.1366686e+00
  -1.2259582e+00
  -1.3679975e+00
  -1.5531068e+00
  -1.7686710e+00
  -2.0000000e+00
  -2.2313290e+00
  -2.4468932e+00
  -2.6320025e+00
  -2.7740418e+00
  -2.8633314e+00
  -2.8937865e+00
  -2.8633314e+00
  -2.7740418e+00
  -2.6320025e+00
  -2.4468932e+00
  -2.2313290e+00
  -2.0000000e+00
  -1.7686710e+00
  -1.5531068e+00
  -1.3679975e+00
  -1.2259582e+00
  -1.1366686e+00
  -1.2335880e+00
  -1.2597029e+00
  -1.3362678e+00
  -1.4580649e+00
  -1.6167940e+00
  -1.8016380e+00
  -2.0000000e+00
  -2.1983620e+00
  -2.3832060e+00
  -2.5419351e+00
  -2.6637322e+00
  -2.7402971e+00
  -2.7664120e+00
  -2.7402971e+00
  -2.6637322e+00
  -2.5419351e+00
  -2.3832060e+00
  -2.1983620e+00
  -2.0000000e+00
  -1.8016380e+00
  -1.6167940e+00
  -1.4580649e+00
  -1.3362678e+00
  -1.2597029e+00
  -1.4021099e+00
  -1.4224825e+00
  -1.4822120e+00
  -1.5772279e+00
  -1.7010550e+00
  -1.8452547e+00
  -2.0000000e+00
  -2.1547453e+00
  -2.2989450e+00
  -2.4227721e+00
  -2.5177880e+00
  -2.5775175e+00
  -2.5978901e+00
  -2.5775175e+00
  -2.5177880e+00
  -2.4227721e+00
  -2.2989450e+00
  -2.1547453e+00
  -2.0000000e+00
  -1.8452547e+00
  -1.7010550e+00
  -1.5772279e+00
  -1.4822120e+00
  -1.4224825e+00
  -1.6024913e+00
  -1.6160361e+00
  -1.6557474e+00
  -1.7189189e+00
  -1.8012456e+00
  -1.8971172e+00
  -2.0000000e+00
  -2.1028828e+00
  -2.1987544e+00
  -2.2810811e+00
  -2.3442526e+00
  -2.3839639e+00
  -2.3975087e+00
  -2.3839639e+00
  -2.3442526e+00
  -2.2810811e+00
  -2.1987544e+00
  -2.1028828e+00
  -2.0000000e+00
  -1.8971172e+00
  -1.8012456e+00
  -1.7189189e+00
  -1.6557474e+00
  -1.6160361e+00
  -1.8228455e+00
  -1.8288819e+00
  -1.8465797e+00
  -1.8747329e+00
  -1.9114228e+00
  -1.9541490e+00
  -2.0000000e+00
  -2.0458510e+00
  -2.0885772e+00
  -2.1252671e+00
  -2.1534203e+00
  -2.1711181e+00
  -2.1771545e+00
  -2.1711181e+00
  -2.1534203e+00
  -2.1252671e+00
  -2.0885772e+00
  -2.0458510e+00
  -2.0000000e+00
  -1.9541490e+00
  -1.9114228e+00
  -1.8747329e+00
  -1.8465797e+00
  -1.8288819e+00
   0.0000000e+00
   4.5850957e-02
   8.8577247e-02
   1.2526714e-01
   1.5342029e-01
   1.7111810e-01
   1.7715449e-01
   1.7111810e-01
   1.5342029e-01
   1.2526714e-01
   8.8577247e-02
   4.5850957e-02
   2.1695168e-17
  -4.5850957e-02
  -8.8577247e-02
  -1.2526714e-01
  -1.5342029e-01
  -1.7111810e-01
  -1.7715449e-01
  -1.7111810e-01
  -1.5342029e-01
  -1.2526714e-01
  -8.8577247e-02
  -4.5850957e-02
   0.0000000e+00
   1.0288283e-01
   1.9875436e-01
   2.8108111e-01
   3.4425264e-01
   3.8396393e-01
   3.9750871e-01
   3.8396393e-01
   3.4425264e-01
   2.8108111e-01
   1.9875436e-01
   1.0288283e-01
   4.8680777e-17
  -1.0288283e-01
  -1.9875436e-01
  -2.8108111e-01
  -3.4425264e-01
  -3.8396393e-01
  -3.9750871e-01
  -3.8396393e-01
  -3.4425264e-01
  -2.8108111e-01
  -1.9875436e-01
  -1.0288283e-01
   0.0000000e+00
   1.5474534e-01
   2.9894505e-01
   4.2277214e-01
   5.1778801e-01
   5.7751748e-01
   5.9789009e-01
   5.7751748e-01
   5.1778801e-01
   4.2277214e-01
   2.9894505e-01
   1.5474534e-01
   7.3220419e-17
  -1.5474534e-01
  -2.9894505e-01
  -4.2277214e-01
  -5.1778801e-01
  -5.7751748e-01
  -5.9789009e-01
  -5.7751748e-01
  -5.1778801e-01
  -4.2277214e-01
  -2.9894505e-01
  -1.5474534e-01
   0.0000000e+00
   1.9836202e-01
   3.8320599e-01
   5.4193511e-01
   6.6373225e-01
   7.4029713e-01
   7.6641198e-01
   7.4029713e-01
   6.6373225e-01
   5.4193511e-01
   3.8320599e-01
   1.9836202e-01
   9.3858398e-17
  -1.9836202e-01
  -3.8320599e-01
  -5.4193511e-01
  -6.6373225e-01
  -7.4029713e-01
  -7.6641198e-01
  -7.4029713e-01
  -6.6373225e-01
  -5.4193511e-01
  -3.8320599e-01
  -1.9836202e-01
   0.0000000e+00
   2.3132896e-01
   4.4689323e-01
   6.3200247e-01
   7.7404179e-01
   8.6333143e-01
   8.9378647e-01
   8.6333143e-01
   7.7404179e-01
   6.3200247e-01
   4.4689323e-01
   2.3132896e-01
   1.0945727e-16
  -2.3132896e-01
  -4.4689323e-01
  -6.3200247e-01
  -7.7404179e-01
  -8.6333143e-01
  -8.9378647e-01
  -8.6333143e-01
  -7.7404179e-01
  -6.3200247e-01
  -4.4689323e-01
  -2.3132896e-01
   0.0000000e+00
   2.5185221e-01
   4.8654110e-01
   6.8807302e-01
   8.4271390e-01
   9.3992523e-01
   9.7308220e-01
   9.3992523e-01
   8.4271390e-01
   6.8807302e-01
   4.8654110e-01
   2.5185221e-01
   1.1916820e-16
  -2.5185221e-01
  -4.8654110e-01
  -6.8807302e-01
  -8.4271390e-01
  -9.3992523e-01
  -9.7308220e-01
  -9.3992523e-01
  -8.4271390e-01
  -6.8807302e-01
  -4.8654110e-01
  -2.5185221e-01
   0.0000000e+00
   2.5881905e-01
   5.0000000e-01
   7.0710678e-01
   8.6602540e-01
   9.6592583e-01
   1.0000000e+00
   9.6592583e-01
   8.6602540e-01
   7.0710678e-01
   5.0000000e-01
   2.5881905e-01
   1.2246468e-16
  -2.5881905e-01
  -5.0000000e-01
  -7.0710678e-01
  -8.6602540e-01
  -9.6592583e-01
  -1.0000000e+00
  -9.6592583e-01
  -8.6602540e-01
  -7.0710678e-01
  -5.0000000e-01
  -2.5881905e-01
   0.0000000e+00
   2.5185221e-01
   4.8654110e-01
   6.8807302e-01
   8.4271390e-01
   9.3992523e-01
   9.7308220e-01
   9.3992523e-01
   8.4271390e-01
   6.8807302e-01
   4.8654110e-01
   2.5185221e-01
   1.1916820e-16
  -2.5185221e-01
  -4.8654110e-01
  -6.8807302e-01
  -8.4271390e-01
  -9.3992523e-01
  -9.7308220e-01
  -9.3992523e-01
  -8.4271390e-01
  -6.8807302e-01
  -4.8654110e-01
  -2.5185221e-01
   0.0000000e+00
   2.3132896e-01
   4.4689323e-01
   6.3200247e-01
   7.7404179e-01
   8.6333143e-01
   8.9378647e-01
   8.6333143e-01
   7.7404179e-01
   6.3200247e-01
   4.4689323e-01
   2.3132896e-01
   1.0945727e-16
  -2.3132896e-01
  -4.4689323e-01
  -6.3200247e-01
  -7.7404179e-01
  -8.6333143e-01
  -8.9378647e-01
  -8.6333143e-01
  -7.7404179e-01
  -6.3200247e-01
  -4.4689323e-01
  -2.3132896e-01
   0.0000000e+00
   1.9836202e-01
   3.8320599e-01
   5.4193511e-01
   6.6373225e-01
   7.4029713e-01
   7.6641198e-01
   7.4029713e-01
   6.6373225e-01
   5.4193511e-01
   3.8320599e-01
   1.9836202e-01
   9.3858398e-17
  -1.9836202e-01
  -3.8320599e-01
  -5.4193511e-01
  -6.6373225e-01
  -7.4029713e-01
  -7.6641198e-01
  -7.4029713e-01
  -6.6373225e-01
  -5.4193511e-01
  -3.8320599e-01
  -1.9836202e-01
   0.0000000e+00
   1.5474534e-01
   2.9894505e-01
   4.2277214e-01
   5.1778801e-01
   5.7751748e-01
   5.9789009e-01
   5.7751748e-01
   5.1778801e-01
   4.2277214e-01
   2.9894505e-01
   1.5474534e-01
   7.3220419e-17
  -1.5474534e-01
  -2.9894505e-01
  -4.2277214e-01
  -5.1778801e-01
  -5.7751748e-01
  -5.9789009e-01
  -5.7751748e-01
  -5.1778801e-01
  -4.2277214e-01
  -2.9894505e-01
  -1.5474534e-01
   0.0000000e+00
   1.0288283e-01
   1.9875436e-01
   2.8108111e-01
   3.4425264e-01
   3.8396393e-01
   3.9750871e-01
   3.8396393e-01
   3.4425264e-01
   2.8108111e-01
   1.9875436e-01
   1.0288283e-01
   4.8680777e-17
  -1.0288283e-01
  -1.9875436e-01
  -2.8108111e-01
  -3.4425264e-01
  -3.8396393e-01
  -3.9750871e-01
  -3.8396393e-01
  -3.4425264e-01
  -2.8108111e-01
  -1.9875436e-01
  -1.0288283e-01
   0.0000000e+00
   4.5850957e-02
   8.8577247e-02
   1.2526714e-01
   1.5342029e-01
   1.7111810e-01
   1.7715449e-01
   1.7111810e-01
   1.5342029e-01
   1.2526714e-01
   8.8577247e-02
   4.5850957e-02
   2.1695168e-17
  -4.5850957e-02
  -8.8577247e-02
  -1.2526714e-01
  -1.5342029e-01
  -1.7111810e-01
  -1.7715449e-01
  -1.7111810e-01
  -1.5342029e-01
  -1.2526714e-01
  -8.8577247e-02
  -4.5850957e-02
  -1.9683661e+00
  -1.9683661e+00
  -1.9683661e+00
  -1.9683661e+00
  -1.9683661e+00
  -1.9683661e+00
  -1.9683661e+00
  -1.9683661e+00
  -1.9683661e+00
  -1.9683661e+00
  -1.9683661e+00
  -1.9683661e+00
  -1.9683661e+00
  -1.9683661e+00
  -1.9683661e+00
  -1.9683661e+00
  -1.9683661e+00
  -1.9683661e+00
  -1.9683661e+00
  -1.9683661e+00
  -1.9683661e+00
  -1.9683661e+00
  -1.9683661e+00
  -1.9683661e+00
  -1.8351968e+00
  -1.8351968e+00
  -1.8351968e+00
  -1.8351968e+00
  -1.8351968e+00
  -1.8351968e+00
  -1.8351968e+00
  -1.8351968e+00
  -1.8351968e+00
  -1.8351968e+00
  -1.8351968e+00
  -1.8351968e+00
  -1.8351968e+00
  -1.8351968e+00
  -1.8351968e+00
  -1.8351968e+00
  -1.8351968e+00
  -1.8351968e+00
  -1.8351968e+00
  -1.8351968e+00
  -1.8351968e+00
  -1.8351968e+00
  -1.8351968e+00
  -1.8351968e+00
  -1.6031562e+00
  -1.6031562e+00
  -1.6031562e+00
  -1.6031562e+00
  -1.6031562e+00
  -1.6031562e+00
  -1.6031562e+00
  -1.6031562e+00
  -1.6031562e+00
  -1.6031562e+00
  -1.6031562e+00
  -1.6031562e+00
  -1.6031562e+00
  -1.6031562e+00
  -1.6031562e+00
  -1.6031562e+00
  -1.6031562e+00
  -1.6031562e+00
  -1.6031562e+00
  -1.6031562e+00
  -1.6031562e+00
  -1.6031562e+00
  -1.6031562e+00
  -1.6031562e+00
  -1.2846987e+00
  -1.2846987e+00
  -1.2846987e+00
  -1.2846987e+00
  -1.2846987e+00
  -1.2846987e+00
  -1.2846987e+00
  -1.2846987e+00
  -1.2846987e+00
  -1.2846987e+00
  -1.2846987e+00
  -1.2846987e+00
  -1.2846987e+00
  -1.2846987e+00
  -1.2846987e+00
  -1.2846987e+00
  -1.2846987e+00
  -1.2846987e+00
  -1.2846987e+00
  -1.2846987e+00
  -1.2846987e+00
  -1.2846987e+00
  -1.2846987e+00
  -1.2846987e+00
  -8.9698550e-01
  -8.9698550e-01
  -8.9698550e-01
  -8.9698550e-01
  -8.9698550e-01
  -8.9698550e-01
  -8.9698550e-01
  -8.9698550e-01
  -8.9698550e-01
  -8.9698550e-01
  -8.9698550e-01
  -8.9698550e-01
  -8.9698550e-01
  -8.9698550e-01
  -8.9698550e-01
  -8.9698550e-01
  -8.9698550e-01
  -8.9698550e-01
  -8.9698550e-01
  -8.9698550e-01
  -8.9698550e-01
  -8.9698550e-01
  -8.9698550e-01
  -8.9698550e-01
  -4.6091663e-01
  -4.6091663e-01
  -4.6091663e-01
  -4.6091663e-01
  -4.6091663e-01
  -4.6091663e-01
  -4.6091663e-01
  -4.6091663e-01
  -4.6091663e-01
  -4.6091663e-01
  -4.6091663e-01
  -4.6091663e-01
  -4.6091663e-01
  -4.6091663e-01
  -4.6091663e-01
  -4.6091663e-01
  -4.6091663e-01
  -4.6091663e-01
  -4.6091663e-01
  -4.6091663e-01
  -4.6091663e-01
  -4.6091663e-01
  -4.6091663e-01
  -4.6091663e-01
  -3.2162453e-16
  -3.2162453e-16
  -3.2162453e-16
  -3.2162453e-16
  -3.2162453e-16
  -3.2162453e-16
  -3.2162453e-16
  -3.2162453e-16
  -3.2162453e-16
  -3.2162453e-16
  -3.2162453e-16
  -3.2162453e-16
  -3.2162453e-16
  -3.2162453e-16
  -3.2162453e-16
  -3.2162453e-16
  -3.2162453e-16
  -3.2162453e-16
  -3.2162453e-16
  -3.2162453e-16
  -3.2162453e-16
  -3.2162453e-16
  -3.2162453e-16
  -3.2162453e-16
   4.6091663e-01
   4.6091663e-01
   4.6091663e-01
   4.6091663e-01
   4.6091663e-01
   4.6091663e-01
   4.6091663e-01
   4.6091663e-01
   4.6091663e-01
   4.6091663e-01
   4.6091663e-01
   4.6091663e-01
   4.6091663e-01
   4.6091663e-01
   4.6091663e-01
   4.6091663e-01
   4.6091663e-01
   4.6091663e-01
   4.6091663e-01
   4.6091663e-01
   4.6091663e-01
   4.6091663e-01
   4.6091663e-01
   4.6091663e-01
   8.9698550e-01
   8.9698550e-01
   8.9698550e-01
   8.9698550e-01
   8.9698550e-01
   8.9698550e-01
   8.9698550e-01
   8.9698550e-01
   8.9698550e-01
   8.9698550e-01
   8.9698550e-01
   8.9698550e-01
   8.9698550e-01
   8.9698550e-01
   8.9698550e-01
   8.9698550e-01
   8.9698550e-01
   8.9698550e-01
   8.9698550e-01
   8.9698550e-01
   8.9698550e-01
   8.9698550e-01
   8.9698550e-01
   8.9698550e-01
   1.2846987e+00
   1.2846987e+00
   1.2846987e+00
   1.2846987e+00
   1.2846987e+00
   1.2846987e+00
   1.2846987e+00
   1.2846987e+00
   1.2846987e+00
   1.2846987e+00
   1.2846987e+00
   1.2846987e+00
   1.2846987e+00
   1.2846987e+00
   1.2846987e+00
   1.2846987e+00
   1.2846987e+00
   1.2846987e+00
   1.2846987e+00
   1.2846987e+00
   1.2846987e+00
   1.2846987e+00
   1.2846987e+00
   1.2846987e+00
   1.6031562e+00
   1.6031562e+00
   1.6031562e+00
   1.6031562e+00
   1.6031562e+00
   1.6031562e+00
   1.6031562e+00
   1.6031562e+00
   1.6031562e+00
   1.6031562e+00
   1.6031562e+00
   1.6031562e+00
   1.6031562e+00
   1.6031562e+00
   1.6031562e+00
   1.6031562e+00
   1.6031562e+00
   1.6031562e+00
   1.6031562e+00
   1.6031562e+00
   1.6031562e+00
   1.6031562e+00
   1.6031562e+00
   1.6031562e+00
   1.8351968e+00
   1.8351968e+00
   1.8351968e+00
   1.8351968e+00
   1.8351968e+00
   1.8351968e+00
   1.8351968e+00
   1.8351968e+00
   1.8351968e+00
   1.8351968e+00
   1.8351968e+00
   1.8351968e+00
   1.8351968e+00
   1.8351968e+00
   1.8351968e+00
   1.8351968e+00
   1.8351968e+00
   1.8351968e+00
   1.8351968e+00
   1.8351968e+00
   1.8351968e+00
   1.8351968e+00
   1.8351968e+00
   1.8351968e+00
   1.9683661e+00
   1.9683661e+00
   1.9683661e+00
   1.9683661e+00
   1.9683661e+00
   1.9683661e+00
   1.9683661e+00
   1.9683661e+00
   1.9683661e+00
   1.9683661e+00
   1.9683661e+00
   1.9683661e+00
   1.9683661e+00
   1.9683661e+00
   1.9683661e+00
   1.9683661e+00
   1.9683661e+00
   1.9683661e+00
   1.9683661e+00
   1.9683661e+00
   1.9683661e+00
   1.9683661e+00
   1.9683661e+00
   1.9683661e+00
   2.1771545e+00
   2.1711181e+00
   2.1534203e+00
   2.1252671e+00
   2.0885772e+00
   2.0458510e+00
   2.0000000e+00
   1.9541490e+00
   1.9114228e+00
   1.8747329e+00
   1.8465797e+00
   1.8288819e+00
   1.8228455e+00
   1.8288819e+00
   1.8465797e+00
   1.8747329e+00
   1.9114228e+00
   1.9541490e+00
   2.0000000e+00
   2.0458510e+00
   2.0885772e+00
   2.1252671e+00
   2.1534203e+00
   2.1711181e+00
   2.3975087e+00
   2.3839639e+00
   2.3442526e+00
   2.2810811e+00
   2.1987544e+00
   2.1028828e+00
   2.0000000e+00
   1.8971172e+00
   1.8012456e+00
   1.7189189e+00
   1.6557474e+00
   1.6160361e+00
   1.6024913e+00
   1.6160361e+00
   1.6557474e+00
   1.7189189e+00
   1.8012456e+00
   1.8971172e+00
   2.0000000e+00
   2.1028828e+00
   2.1987544e+00
   2.2810811e+00
   2.3442526e+00
   2.3839639e+00
   2.5978901e+00
   2.5775175e+00
   2.5177880e+00
   2.4227721e+00
   2.2989450e+00
   2.1547453e+00
   2.0000000e+00
   1.8452547e+00
   1.7010550e+00
   1.5772279e+00
   1.4822120e+00
   1.4224825e+00
   1.4021099e+00
   1.4224825e+00
   1.4822120e+00
   1.5772279e+00
   1.7010550e+00
   1.8452547e+00
   2.0000000e+00
   2.1547453e+00
   2.2989450e+00
   2.4227721e+00
   2.5177880e+00
   2.5775175e+00
   2.7664120e+00
   2.7402971e+00
   2.6637322e+00
   2.5419351e+00
   2.3832060e+00
   2.1983620e+00
   2.0000000e+00
   1.8016380e+00
   1.6167940e+00
   1.4580649e+00
   1.3362678e+00
   1.2597029e+00
   1.2335880e+00
   1.2597029e+00
   1.3362678e+00
   1.4580649e+00
   1.6167940e+00
   1.8016380e+00
   2.0000000e+00
   2.1983620e+00
   2.3832060e+00
   2.5419351e+00
   2.6637322e+00
   2.7402971e+00
   2.8937865e+00
   2.8633314e+00
   2.7740418e+00
   2.6320025e+00
   2.4468932e+00
   2.2313290e+00
   2.0000000e+00
   1.7686710e+00
   1.5531068e+00
   1.3679975e+00
   1.2259582e+00
   1.1366686e+00
   1.1062135e+00
   1.1366686e+00
   1.2259582e+00
   1.3679975e+00
   1.5531068e+00
   1.7686710e+00
   2.0000000e+00
   2.2313290e+00
   2.4468932e+00
   2.6320025e+00
   2.7740418e+00
   2.8633314e+00
   2.9730822e+00
   2.9399252e+00
   2.8427139e+00
   2.6880730e+00
   2.4865411e+00
   2.2518522e+00
   2.0000000e+00
   1.7481478e+00
   1.5134589e+00
   1.3119270e+00
   1.1572861e+00
   1.0600748e+00
   1.0269178e+00
   1.0600748e+00
   1.1572861e+00
   1.3119270e+00
   1.5134589e+00
   1.7481478e+00
   2.0000000e+00
   2.2518522e+00
   2.4865411e+00
   2.6880730e+00
   2.8427139e+00
   2.9399252e+00
   3.0000000e+00
   2.9659258e+00
   2.8660254e+00
   2.7071068e+00
   2.5000000e+00
   2.2588190e+00
   2.0000000e+00
   1.7411810e+00
   1.5000000e+00
   1.2928932e+00
   1.1339746e+00
   1.0340742e+00
   1.0000000e+00
   1.0340742e+00
   1.1339746e+00
   1.2928932e+00
   1.5000000e+00
   1.7411810e+00
   2.0000000e+00
   2.2588190e+00
   2.5000000e+00
   2.7071068e+00
   2.8660254e+00
   2.9659258e+00
   2.9730822e+00
   2.9399252e+00
   2.8427139e+00
   2.6880730e+00
   2.4865411e+00
   2.2518522e+00
   2.0000000e+00
   1.7481478e+00
   1.5134589e+00
   1.3119270e+00
   1.1572861e+00
   1.0600748e+00
   1.0269178e+00
   1.0600748e+00
   1.1572861e+00
   1.3119270e+00
   1.5134589e+00
   1.7481478e+00
   2.0000000e+00
   2.2518522e+00
   2.4865411e+00
   2.6880730e+00
   2.8427139e+00
   2.9399252e+00
   2.8937865e+00
   2.8633314e+00
   2.7740418e+00
   2.6320025e+00
   2.4468932e+00
   2.2313290e+00
   2.0000000e+00
   1.7686710e+00
   1.5531068e+00
   1.3679975e+00
   1.2259582e+00
   1.1366686e+00
   1.1062135e+00
   1.1366686e+00
   1.2259582e+00
   1.3679975e+00
   1.5531068e+00
   1.7686710e+00
   2.0000000e+00
   2.2313290e+00
   2.4468932e+00
   2.6320025e+00
   2.7740418e+00
   2.8633314e+00
   2.7664120e+00
   2.7402971e+00
   2.6637322e+00
   2.5419351e+00
   2.3832060e+00
   2.1983620e+00
   2.0000000e+00
   1.8016380e+00
   1.6167940e+00
   1.4580649e+00
   1.3362678e+00
   1.2597029e+00
   1.2335880e+00
   1.2597029e+00
   1.3362678e+00
   1.4580649e+00
   1.6167940e+00
   1.8016380e+00
   2.0000000e+00
   2.1983620e+00
   2.3832060e+00
   2.5419351e+00
   2.6637322e+00
   2.7402971e+00
   2.5978901e+00
   2.5775175e+00
   2.5177880e+00
   2.4227721e+00
   2.2989450e+00
   2.1547453e+00
   2.0000000e+00
   1.8452547e+00
   1.7010550e+00
   1.5772279e+00
   1.4822120e+00
   1.4224825e+00
   1.4021099e+00
   1.4224825e+00
   1.4822120e+00
   1.5772279e+00
   1.7010550e+00
   1.8452547e+00
   2.0000000e+00
   2.1547453e+00
   2.2989450e+00
   2.4227721e+00
   2.5177880e+00
   2.5775175e+00
   2.3975087e+00
   2.3839639e+00
   2.3442526e+00
   2.2810811e+00
   2.1987544e+00
   2.1028828e+00
   2.0000000e+00
   1.8971172e+00
   1.8012456e+00
   1.7189189e+00
   1.6557474e+00
   1.6160361e+00
   1.6024913e+00
   1.6160361e+00
   1.6557474e+00
   1.7189189e+00
   1.8012456e+00
   1.8971172e+00
   2.0000000e+00
   2.1028828e+00
   2.1987544e+00
   2.2810811e+00
   2.3442526e+00
   2.3839639e+00
   2.1771545e+00
   2.1711181e+00
   2.1534203e+00
   2.1252671e+00
   2.0885772e+00
   2.0458510e+00
   2.0000000e+00
   1.9541490e+00
   1.9114228e+00
   1.8747329e+00
   1.8465797e+00
   1.8288819e+00
   1.8228455e+00
   1.8288819e+00
   1.8465797e+00
   1.8747329e+00
   1.9114228e+00
   1.9541490e+00
   2.0000000e+00
   2.0458510e+00
   2.0885772e+00
   2.1252671e+00
   2.1534203e+00
   2.1711181e+00
   0.0000000e+00
   4.5850957e-02
   8.8577247e-02
   1.2526714e-01
   1.5342029e-01
   1.7111810e-01
   1.7715449e-01
   1.7111810e-01
   1.5342029e-01
   1.2526714e-01
   8.8577247e-02
   4.5850957e-02
   2.1695168e-17
  -4.5850957e-02
  -8.8577247e-02
  -1.2526714e-01
  -1.5342029e-01
  -1.7111810e-01
  -1.7715449e-01
  -1.7111810e-01
  -1.5342029e-01
  -1.2526714e-01
  -8.8577247e-02
  -4.5850957e-02
   0.0000000e+00
   1.0288283e-01
   1.9875436e-01
   2.8108111e-01
   3.4425264e-01
   3.8396393e-01
   3.9750871e-01
   3.8396393e-01
   3.4425264e-01
   2.8108111e-01
   1.9875436e-01
   1.0288283e-01
   4.8680777e-17
  -1.0288283e-01
  -1.9875436e-01
  -2.8108111e-01
  -3.4425264e-01
  -3.8396393e-01
  -3.9750871e-01
  -3.8396393e-01
  -3.4425264e-01
  -2.8108111e-01
  -1.9875436e-01
  -1.0288283e-01
   0.0000000e+00
   1.5474534e-01
   2.9894505e-01
   4.2277214e-01
   5.1778801e-01
   5.7751748e-01
   5.9789009e-01
   5.7751748e-01
   5.1778801e-01
   4.2277214e-01
   2.9894505e-01
   1.5474534e-01
   7.3220419e-17
  -1.5474534e-01
  -2.9894505e-01
  -4.2277214e-01
  -5.1778801e-01
  -5.7751748e-01
  -5.9789009e-01
  -5.7751748e-01
  -5.1778801e-01
  -4.2277214e-01
  -2.9894505e-01
  -1.5474534e-01
   0.0000000e+00
   1.9836202e-01
   3.8320599e-01
   5.4193511e-01
   6.6373225e-01
   7.4029713e-01
   7.6641198e-01
   7.4029713e-01
   6.6373225e-01
   5.4193511e-01
   3.8320599e-01
   1.9836202e-01
   9.3858398e-17
  -1.9836202e-01
  -3.8320599e-01
  -5.4193511e-01
  -6.6373225e-01
  -7.4029713e-01
  -7.6641198e-01
  -7.4029713e-01
  -6.6373225e-01
  -5.4193511e-01
  -3.8320599e-01
  -1.9836202e-01
   0.0000000e+00
   2.3132896e-01
   4.4689323e-01
   6.3200247e-01
   7.7404179e-01
   8.6333143e-01
   8.9378647e-01
   8.6333143e-01
   7.7404179e-01
   6.3200247e-01
   4.4689323e-01
   2.3132896e-01
   1.0945727e-16
  -2.3132896e-01
  -4.4689323e-01
  -6.3200247e-01
  -7.7404179e-01
  -8.6333143e-01
  -8.9378647e-01
  -8.6333143e-01
  -7.7404179e-01
  -6.3200247e-01
  -4.4689323e-01
  -2.3132896e-01
   0.0000000e+00
   2.5185221e-01
   4.8654110e-01
   6.8807302e-01
   8.4271390e-01
   9.3992523e-01
   9.7308220e-01
   9.3992523e-01
   8.4271390e-01
   6.8807302e-01
   4.8654110e-01
   2.5185221e-01
   1.1916820e-16
  -2.5185221e-01
  -4.8654110e-01
  -6.8807302e-01
  -8.4271390e-01
  -9.3992523e-01
  -9.7308220e-01
  -9.3992523e-01
  -8.4271390e-01
  -6.8807302e-01
  -4.8654110e-01
  -2.5185221e-01
   0.0000000e+00
   2.5881905e-01
   5.0000000e-01
   7.0710678e-01
   8.6602540e-01
   9.6592583e-01
   1.0000000e+00
   9.6592583e-01
   8.6602540e-01
   7.0710678e-01
   5.0000000e-01
   2.5881905e-01
   1.2246468e-16
  -2.5881905e-01
  -5.0000000e-01
  -7.0710678e-01
  -8.6602540e-01
  -9.6592583e-01
  -1.0000000e+00
  -9.6592583e-01
  -8.6602540e-01
  -7.0710678e-01
  -5.0000000e-01
  -2.5881905e-01
   0.0000000e+00
   2.5185221e-01
   4.8654110e-01
   6.8807302e-01
   8.4271390e-01
   9.3992523e-01
   9.7308220e-01
   9.3992523e-01
   8.4271390e-01
   6.8807302e-01
   4.8654110e-01
   2.5185221e-01
   1.1916820e-16
  -2.5185221e-01
  -4.8654110e-01
  -6.8807302e-01
  -8.4271390e-01
  -9.3992523e-01
  -9.7308220e-01
  -9.3992523e-01
  -8.4271390e-01
  -6.8807302e-01
  -4.8654110e-01
  -2.5185221e-01
   0.0000000e+00
   2.3132896e-01
   4.4689323e-01
   6.3200247e-01
   7.7404179e-01
   8.6333143e-01
   8.9378647e-01
   8.6333143e-01
   7.7404179e-01
   6.3200247e-01
   4.4689323e-01
   2.3132896e-01
   1.0945727e-16
  -2.3132896e-01
  -4.4689323e-01
  -6.3200247e-01
  -7.7404179e-01
  -8.6333143e-01
  -8.9378647e-01
  -8.6333143e-01
  -7.7404179e-01
  -6.3200247e-01
  -4.4689323e-01
  -2.3132896e-01
   0.0000000e+00
   1.9836202e-01
   3.8320599e-01
   5.4193511e-01
   6.6373225e-01
   7.4029713e-01
   7.6641198e-01
   7.4029713e-01
   6.6373225e-01
   5.4193511e-01
   3.8320599e-01
   1.9836202e-01
   9.3858398e-17
  -1.9836202e-01
  -3.8320599e-01
  -5.4193511e-01
  -6.6373225e-01
  -7.4029713e-01
  -7.6641198e-01
  -7.4029713e-01
  -6.6373225e-01
  -5.4193511e-01
  -3.8320599e-01
  -1.9836202e-01
   0.0000000e+00
   1.5474534e-01
   2.9894505e-01
   4.2277214e-01
   5.1778801e-01
   5.7751748e-01
   5.9789009e-01
   5.7751748e-01
   5.1778801e-01
   4.2277214e-01
   2.9894505e-01
   1.5474534e-01
   7.3220419e-17
  -1.5474534e-01
  -2.9894505e-01
  -4.2277214e-01
  -5.1778801e-01
  -5.7751748e-01
  -5.9789009e-01
  -5.7751748e-01
  -5.1778801e-01
  -4.2277214e-01
  -2.9894505e-01
  -1.5474534e-01
   0.0000000e+00
   1.0288283e-01
   1.9875436e-01
   2.8108111e-01
   3.4425264e-01
   3.8396393e-01
   3.9750871e-01
   3.8396393e-01
   3.4425264e-01
   2.8108111e-01
   1.9875436e-01
   1.0288283e-01
   4.8680777e-17
  -1.0288283e-01
  -1.9875436e-01
  -2.8108111e-01
  -3.4425264e-01
  -3.8396393e-01
  -3.9750871e-01
  -3.8396393e-01
  -3.4425264e-01
  -2.8108111e-01
  -1.9875436e-01
  -1.0288283e-01
   0.0000000e+00
   4.5850957e-02
   8.8577247e-02
   1.2526714e-01
   1.5342029e-01
   1.7111810e-01
   1.7715449e-01
   1.7111810e-01
   1.5342029e-01
   1.2526714e-01
   8.8577247e-02
   4.5850957e-02
   2.1695168e-17
  -4.5850957e-02
  -8.8577247e-02
  -1.2526714e-01
  -1.5342029e-01
  -1.7111810e-01
  -1.7715449e-01
  -1.7111810e-01
  -1.5342029e-01
  -1.2526714e-01
  -8.8577247e-02
  -4.5850957e-02
  -1.9683661e+00
  -1.9683661e+00
  -1.9683661e+00
  -1.9683661e+00
  -1.9683661e+00
  -1.9683661e+00
  -1.9683661e+00
  -1.9683661e+00
  -1.9683661e+00
  -1.9683661e+00
  -1.9683661e+00
  -1.9683661e+00
  -1.9683661e+00
  -1.9683661e+00
  -1.9683661e+00
  -1.9683661e+00
  -1.9683661e+00
  -1.9683661e+00
  -1.9683661e+00
  -1.9683661e+00
  -1.9683661e+00
  -1.9683661e+00
  -1.9683661e+00
  -1.9683661e+00
  -1.8351968e+00
  -1.8351968e+00
  -1.8351968e+00
  -1.8351968e+00
  -1.8351968e+00
  -1.8351968e+00
  -1.8351968e+00
  -1.8351968e+00
  -1.8351968e+00
  -1.8351968e+00
  -1.8351968e+00
  -1.8351968e+00
  -1.8351968e+00
  -1.8351968e+00
  -1.8351968e+00
  -1.8351968e+00
  -1.8351968e+00
  -1.8351968e+00
  -1.8351968e+00
  -1.8351968e+00
  -1.8351968e+00
  -1.8351968e+00
  -1.8351968e+00
  -1.8351968e+00
  -1.6031562e+00
  -1.6031562e+00
  -1.6031562e+00
  -1.6031562e+00
  -1.6031562e+00
  -1.6031562e+00
  -1.6031562e+00
  -1.6031562e+00
  -1.6031562e+00
  -1.6031562e+00
  -1.6031562e+00
  -1.6031562e+00
  -1.6031562e+00
  -1.6031562e+00
  -1.6031562e+00
  -1.6031562e+00
  -1.6031562e+00
  -1.6031562e+00
  -1.6031562e+00
  -1.6031562e+00
  -1.6031562e+00
  -1.6031562e+00
  -1.6031562e+00
  -1.6031562e+00
  -1.2846987e+00
  -1.2846987e+00
  -1.2846987e+00
  -1.2846987e+00
  -1.2846987e+00
  -1.2846987e+00
  -1.2846987e+00
  -1.2846987e+00
  -1.2846987e+00
  -1.2846987e+00
  -1.2846987e+00
  -1.2846987e+00
  -1.2846987e+00
  -1.2846987e+00
  -1.2846987e+00
  -1.2846987e+00
  -1.2846987e+00
  -1.2846987e+00
  -1.2846987e+00
  -1.2846987e+00
  -1.2846987e+00
  -1.2846987e+00
  -1.2846987e+00
  -1.2846987e+00
  -8.9698550e-01
  -8.9698550e-01
  -8.9698550e-01
  -8.9698550e-01
  -8.9698550e-01
  -8.9698550e-01
  -8.9698550e-01
  -8.9698550e-01
  -8.9698550e-01
  -8.9698550e-01
  -8.9698550e-01
  -8.9698550e-01
  -8.9698550e-01
  -8.9698550e-01
  -8.9698550e-01
  -8.9698550e-01
  -8.9698550e-01
  -8.9698550e-01
  -8.9698550e-01
  -8.9698550e-01
  -8.9698550e-01
  -8.9698550e-01
  -8.9698550e-01
  -8.9698550e-01
  -4.6091663e-01
  -4.6091663e-01
  -4.6091663e-01
  -4.6091663e-01
  -4.6091663e-01
  -4.6091663e-01
  -4.6091663e-01
  -4.6091663e-01
  -4.6091663e-01
  -4.6091663e-01
  -4.6091663e-01
  -4.6091663e-01
  -4.6091663e-01
  -4.6091663e-01
  -4.6091663e-01
  -4.6091663e-01
  -4.6091663e-01
  -4.6091663e-01
  -4.6091663e-01
  -4.6091663e-01
  -4.6091663e-01
  -4.6091663e-01
  -4.6091663e-01
  -4.6091663e-01
  -3.2162453e-16
  -3.2162453e-16
  -3.2162453e-16
  -3.2162453e-16
  -3.2162453e-16
  -3.2162453e-16
  -3.2162453e-16
  -3.2162453e-16
  -3.2162453e-16
  -3.2162453e-16
  -3.2162453e-16
  -3.2162453e-16
  -3.2162453e-16
  -3.2162453e-16
  -3.2162453e-16
  -3.2162453e-16
  -3.2162453e-16
  -3.2162453e-16
  -3.2162453e-16
  -3.2162453e-16
  -3.2162453e-16
  -3.2162453e-16
  -3.2162453e-16
  -3.2162453e-16
   4.6091663e-01
   4.6091663e-01
   4.6091663e-01
   4.6091663e-01
   4.6091663e-01
   4.6091663e-01
   4.6091663e-01
   4.6091663e-01
   4.6091663e-01
   4.6091663e-01
   4.6091663e-01
   4.6091663e-01
   4.6091663e-01
   4.6091663e-01
   4.6091663e-01
   4.6091663e-01
   4.6091663e-01
   4.6091663e-01
   4.6091663e-01
   4.6091663e-01
   4.6091663e-01
   4.6091663e-01
   4.6091663e-01
   4.6091663e-01
   8.9698550e-01
   8.9698550e-01
   8.9698550e-01
   8.9698550e-01
   8.9698550e-01
   8.9698550e-01
   8.9698550e-01
   8.9698550e-01
   8.9698550e-01
   8.9698550e-01
   8.9698550e-01
   8.9698550e-01
   8.9698550e-01
   8.9698550e-01
   8.9698550e-01
   8.9698550e-01
   8.9698550e-01
   8.9698550e-01
   8.9698550e-01
   8.9698550e-01
   8.9698550e-01
   8.9698550e-01
   8.9698550e-01
   8.9698550e-01
   1.2846987e+00
   1.2846987e+00
   1.2846987e+00
   1.2846987e+00
   1.2846987e+00
   1.2846987e+00
   1.2846987e+00
   1.2846987e+00
   1.2846987e+00
   1.2846987e+00
   1.2846987e+00
   1.2846987e+00
   1.2846987e+00
   1.2846987e+00
   1.2846987e+00
   1.2846987e+00
   1.2846987e+00
   1.2846987e+00
   1.2846987e+00
   1.2846987e+00
   1.2846987e+00
   1.2846987e+00
   1.2846987e+00
   1.2846987e+00
   1.6031562e+00
   1.6031562e+00
   1.6031562e+00
   1.6031562e+00
   1.6031562e+00
   1.6031562e+00
   1.6031562e+00
   1.6031562e+00
   1.6031562e+00
   1.6031562e+00
   1.6031562e+00
   1.6031562e+00
   1.6031562e+00
   1.6031562e+00
   1.6031562e+00
   1.6031562e+00
   1.6031562e+00
   1.6031562e+00
   1.6031562e+00
   1.6031562e+00
   1.6031562e+00
   1.6031562e+00
   1.6031562e+00
   1.6031562e+00
   1.8351968e+00
   1.8351968e+00
   1.8351968e+00
   1.8351968e+00
   1.8351968e+00
   1.8351968e+00
   1.8351968e+00
   1.8351968e+00
   1.8351968e+00
   1.8351968e+00
   1.8351968e+00
   1.8351968e+00
   1.8351968e+00
   1.8351968e+00
   1.8351968e+00
   1.8351968e+00
   1.8351968e+00
   1.8351968e+00
   1.8351968e+00
   1.8351968e+00
   1.8351968e+00
   1.8351968e+00
   1.8351968e+00
   1.8351968e+00
   1.9683661e+00
   1.9683661e+00
   1.9683661e+00
   1.9683661e+00
   1.9683661e+00
   1.9683661e+00
   1.9683661e+00
   1.9683661e+00
   1.9683661e+00
   1.9683661e+00
   1.9683661e+00
   1.9683661e+00
   1.9683661e+00
   1.9683661e+00
   1.9683661e+00
   1.9683661e+00
   1.9683661e+00
   1.9683661e+00
   1.9683661e+00
   1.9683661e+00
   1.9683661e+00
   1.9683661e+00
   1.9683661e+00
   1.9683661e+00
