   1.4001474e-02
   1.2735780e-02
   9.0250163e-03
   3.1222310e-03
  -4.5700965e-03
  -1.3527550e-02
  -2.3139570e-02
  -3.2751091e-02
  -4.1707183e-02
  -4.9397651e-02
  -5.5298577e-02
  -5.9007980e-02
  -6.0273175e-02
  -5.9007980e-02
  -5.5298577e-02
  -4.9397651e-02
  -4.1707183e-02
  -3.2751091e-02
  -2.3139570e-02
  -1.3527550e-02
  -4.5700965e-03
   3.1222310e-03
   9.0250163e-03
   1.2735780e-02
   4.6713661e-02
   4.4415210e-02
   3.7677036e-02
   2.6959661e-02
   1.2994932e-02
  -3.2643815e-03
  -2.0709757e-02
  -3.8152483e-02
  -5.4404530e-02
  -6.8359243e-02
  -7.9066463e-02
  -8.5797087e-02
  -8.8092746e-02
  -8.5797087e-02
  -7.9066463e-02
  -6.8359243e-02
  -5.4404530e-02
  -3.8152483e-02
  -2.0709757e-02
  -3.2643815e-03
   1.2994932e-02
   2.6959661e-02
   3.7677036e-02
   4.4415210e-02
   5.7654758e-02
   5.5029144e-02
   4.7333590e-02
   3.5097871e-02
   1.9160784e-02
   6.1103520e-04
  -1.9286955e-02
  -3.9178517e-02
  -5.7710317e-02
  -7.3621751e-02
  -8.5830136e-02
  -9.3504371e-02
  -9.6121867e-02
  -9.3504371e-02
  -8.5830136e-02
  -7.3621751e-02
  -5.7710317e-02
  -3.9178517e-02
  -1.9286955e-02
   6.1103520e-04
   1.9160784e-02
   3.5097871e-02
   4.7333590e-02
   5.5029144e-02
   5.4353499e-02
   5.1839238e-02
   4.4474067e-02
   3.2773468e-02
   1.7546063e-02
  -1.6611912e-04
  -1.9157325e-02
  -3.8137380e-02
  -5.5817532e-02
  -7.0996796e-02
  -8.2643020e-02
  -8.9963635e-02
  -9.2460452e-02
  -8.9963635e-02
  -8.2643020e-02
  -7.0996796e-02
  -5.5817532e-02
  -3.8137380e-02
  -1.9157325e-02
  -1.6611912e-04
   1.7546063e-02
   3.2773468e-02
   4.4474067e-02
   5.1839238e-02
   3.6849700e-02
   3.4921831e-02
   2.9280600e-02
   2.0333744e-02
   8.7093456e-03
  -4.7946164e-03
  -1.9261581e-02
  -3.3713061e-02
  -4.7171355e-02
  -5.8724432e-02
  -6.7587809e-02
  -7.3158841e-02
  -7.5058852e-02
  -7.3158841e-02
  -6.7587809e-02
  -5.8724432e-02
  -4.7171355e-02
  -3.3713061e-02
  -1.9261581e-02
  -4.7946164e-03
   8.7093456e-03
   2.0333744e-02
   2.9280600e-02
   3.4921831e-02
   8.9227591e-03
   7.9360499e-03
   5.0573877e-03
   5.1286228e-04
  -5.3645559e-03
  -1.2167395e-02
  -1.9437514e-02
  -2.6689367e-02
  -3.3437460e-02
  -3.9227868e-02
  -4.3669485e-02
  -4.6461174e-02
  -4.7413290e-02
  -4.6461174e-02
  -4.3669485e-02
  -3.9227868e-02
  -3.3437460e-02
  -2.6689367e-02
  -1.9437514e-02
  -1.2167395e-02
  -5.3645559e-03
   5.1286228e-04
   5.0573877e-03
   7.9360499e-03
  -1.9373042e-02
  -1.9402093e-02
  -1.9472046e-02
  -1.9546178e-02
  -1.9594593e-02
  -1.9606593e-02
  -1.9587362e-02
  -1.9548960e-02
  -1.9503210e-02
  -1.9459492e-02
  -1.9424635e-02
  -1.9402591e-02
  -1.9395081e-02
  -1.9402591e-02
  -1.9424635e-02
  -1.9459492e-02
  -1.9503210e-02
  -1.9548960e-02
  -1.9587362e-02
  -1.9606593e-02
  -1.9594593e-02
  -1.9546178e-02
  -1.9472046e-02
  -1.9402093e-02
  -4.7401028e-02
  -4.6468551e-02
  -4.3720443e-02
  -3.9314070e-02
  -3.3526449e-02
  -2.6745064e-02
  -1.9437514e-02
  -1.2111698e-02
  -5.2755660e-03
   5.9906350e-04
   5.1083455e-03
   7.9434268e-03
   8.9104968e-03
   7.9434268e-03
   5.1083455e-03
   5.9906350e-04
  -5.2755660e-03
  -1.2111698e-02
  -1.9437514e-02
  -2.6745064e-02
  -3.3526449e-02
  -3.9314070e-02
  -4.3720443e-02
  -4.6468551e-02
  -7.5078464e-02
  -7.3192473e-02
  -6.7652034e-02
  -5.8811419e-02
  -4.7254736e-02
  -3.3763757e-02
  -1.9261581e-02
  -4.7439207e-03
   8.7927264e-03
   2.0420731e-02
   2.9344824e-02
   3.4955463e-02
   3.6869311e-02
   3.4955463e-02
   2.9344824e-02
   2.0420731e-02
   8.7927264e-03
  -4.7439207e-03
  -1.9261581e-02
  -3.3763757e-02
  -4.7254736e-02
  -5.8811419e-02
  -6.7652034e-02
  -7.3192473e-02
  -9.2527276e-02
  -9.0036697e-02
  -8.2728416e-02
  -7.1086924e-02
  -5.5894325e-02
  -3.8181661e-02
  -1.9157325e-02
  -1.2183787e-04
   1.7622855e-02
   3.2863597e-02
   4.4559462e-02
   5.1912299e-02
   5.4420324e-02
   5.1912299e-02
   4.4559462e-02
   3.2863597e-02
   1.7622855e-02
  -1.2183787e-04
  -1.9157325e-02
  -3.8181661e-02
  -5.5894325e-02
  -7.1086924e-02
  -8.2728416e-02
  -9.0036697e-02
  -9.6223257e-02
  -9.3605605e-02
  -8.5928680e-02
  -7.3710317e-02
  -5.7778224e-02
  -3.9215526e-02
  -1.9286955e-02
   6.4804432e-04
   1.9228690e-02
   3.5186437e-02
   4.7432135e-02
   5.5130378e-02
   5.7756148e-02
   5.5130378e-02
   4.7432135e-02
   3.5186437e-02
   1.9228690e-02
   6.4804432e-04
  -1.9286955e-02
  -3.9215526e-02
  -5.7778224e-02
  -7.3710317e-02
  -8.5928680e-02
  -9.3605605e-02
  -8.8188837e-02
  -8.5890596e-02
  -7.9151954e-02
  -6.8430810e-02
  -5.4456317e-02
  -3.8179717e-02
  -2.0709757e-02
  -3.2371475e-03
   1.3046719e-02
   2.7031227e-02
   3.7762527e-02
   4.4508719e-02
   4.6809752e-02
   4.4508719e-02
   3.7762527e-02
   2.7031227e-02
   1.3046719e-02
  -3.2371475e-03
  -2.0709757e-02
  -3.8179717e-02
  -5.4456317e-02
  -6.8430810e-02
  -7.9151954e-02
  -8.5890596e-02
  -6.0323507e-02
  -5.9056638e-02
  -5.5342305e-02
  -4.9433467e-02
  -4.1732587e-02
  -3.2764271e-02
  -2.3139570e-02
  -1.3514371e-02
  -4.5446927e-03
   3.1580471e-03
   9.0687445e-03
   1.2784439e-02
   1.4051805e-02
   1.2784439e-02
   9.0687445e-03
   3.1580471e-03
  -4.5446927e-03
  -1.3514371e-02
  -2.3139570e-02
  -3.2764271e-02
  -4.1732587e-02
  -4.9433467e-02
  -5.5342305e-02
  -5.9056638e-02
   1.4051805e-02
   1.2784439e-02
   9.0687445e-03
   3.1580471e-03
  -4.5446927e-03
  -1.3514371e-02
  -2.3139570e-02
  -3.2764271e-02
  -4.1732587e-02
  -4.9433467e-02
  -5.5342305e-02
  -5.9056638e-02
  -6.0323507e-02
  -5.9056638e-02
  -5.5342305e-02
  -4.9433467e-02
  -4.1732587e-02
  -3.2764271e-02
  -2.3139570e-02
  -1.3514371e-02
  -4.5446927e-03
   3.1580471e-03
   9.0687445e-03
   1.2784439e-02
   4.6809752e-02
   4.4508719e-02
   3.7762527e-02
   2.7031227e-02
   1.3046719e-02
  -3.2371475e-03
  -2.0709757e-02
  -3.8179717e-02
  -5.4456317e-02
  -6.8430810e-02
  -7.9151954e-02
  -8.5890596e-02
  -8.8188837e-02
  -8.5890596e-02
  -7.9151954e-02
  -6.8430810e-02
  -5.4456317e-02
  -3.8179717e-02
  -2.0709757e-02
  -3.2371475e-03
   1.3046719e-02
   2.7031227e-02
   3.7762527e-02
   4.4508719e-02
   5.7756148e-02
   5.5130378e-02
   4.7432135e-02
   3.5186437e-02
   1.9228690e-02
   6.4804432e-04
  -1.9286955e-02
  -3.9215526e-02
  -5.7778224e-02
  -7.3710317e-02
  -8.5928680e-02
  -9.3605605e-02
  -9.6223257e-02
  -9.3605605e-02
  -8.5928680e-02
  -7.3710317e-02
  -5.7778224e-02
  -3.9215526e-02
  -1.9286955e-02
   6.4804432e-04
   1.9228690e-02
   3.5186437e-02
   4.7432135e-02
   5.5130378e-02
   5.4420324e-02
   5.1912299e-02
   4.4559462e-02
   3.2863597e-02
   1.7622855e-02
  -1.2183787e-04
  -1.9157325e-02
  -3.8181661e-02
  -5.5894325e-02
  -7.1086924e-02
  -8.2728416e-02
  -9.0036697e-02
  -9.2527276e-02
  -9.0036697e-02
  -8.2728416e-02
  -7.1086924e-02
  -5.5894325e-02
  -3.8181661e-02
  -1.9157325e-02
  -1.2183787e-04
   1.7622855e-02
   3.2863597e-02
   4.4559462e-02
   5.1912299e-02
   3.6869311e-02
   3.4955463e-02
   2.9344824e-02
   2.0420731e-02
   8.7927264e-03
  -4.7439207e-03
  -1.9261581e-02
  -3.3763757e-02
  -4.7254736e-02
  -5.8811419e-02
  -6.7652034e-02
  -7.3192473e-02
  -7.5078464e-02
  -7.3192473e-02
  -6.7652034e-02
  -5.8811419e-02
  -4.7254736e-02
  -3.3763757e-02
  -1.9261581e-02
  -4.7439207e-03
   8.7927264e-03
   2.0420731e-02
   2.9344824e-02
   3.4955463e-02
   8.9104968e-03
   7.9434268e-03
   5.1083455e-03
   5.9906350e-04
  -5.2755660e-03
  -1.2111698e-02
  -1.9437514e-02
  -2.6745064e-02
  -3.3526449e-02
  -3.9314070e-02
  -4.3720443e-02
  -4.6468551e-02
  -4.7401028e-02
  -4.6468551e-02
  -4.3720443e-02
  -3.9314070e-02
  -3.3526449e-02
  -2.6745064e-02
  -1.9437514e-02
  -1.2111698e-02
  -5.2755660e-03
   5.9906350e-04
   5.1083455e-03
   7.9434268e-03
  -1.9395081e-02
  -1.9402591e-02
  -1.9424635e-02
  -1.9459492e-02
  -1.9503210e-02
  -1.9548960e-02
  -1.9587362e-02
  -1.9606593e-02
  -1.9594593e-02
  -1.9546178e-02
  -1.9472046e-02
  -1.9402093e-02
  -1.9373042e-02
  -1.9402093e-02
  -1.9472046e-02
  -1.9546178e-02
  -1.9594593e-02
  -1.9606593e-02
  -1.9587362e-02
  -1.9548960e-02
  -1.9503210e-02
  -1.9459492e-02
  -1.9424635e-02
  -1.9402591e-02
  -4.7413290e-02
  -4.6461174e-02
  -4.3669485e-02
  -3.9227868e-02
  -3.3437460e-02
  -2.6689367e-02
  -1.9437514e-02
  -1.2167395e-02
  -5.3645559e-03
   5.1286228e-04
   5.0573877e-03
   7.9360499e-03
   8.9227591e-03
   7.9360499e-03
   5.0573877e-03
   5.1286228e-04
  -5.3645559e-03
  -1.2167395e-02
  -1.9437514e-02
  -2.6689367e-02
  -3.3437460e-02
  -3.9227868e-02
  -4.3669485e-02
  -4.6461174e-02
  -7.5058852e-02
  -7.3158841e-02
  -6.7587809e-02
  -5.8724432e-02
  -4.7171355e-02
  -3.3713061e-02
  -1.9261581e-02
  -4.7946164e-03
   8.7093456e-03
   2.0333744e-02
   2.9280600e-02
   3.4921831e-02
   3.6849700e-02
   3.4921831e-02
   2.9280600e-02
   2.0333744e-02
   8.7093456e-03
  -4.7946164e-03
  -1.9261581e-02
  -3.3713061e-02
  -4.7171355e-02
  -5.8724432e-02
  -6.7587809e-02
  -7.3158841e-02
  -9.2460452e-02
  -8.9963635e-02
  -8.2643020e-02
  -7.0996796e-02
  -5.5817532e-02
  -3.8137380e-02
  -1.9157325e-02
  -1.6611912e-04
   1.7546063e-02
   3.2773468e-02
   4.4474067e-02
   5.1839238e-02
   5.4353499e-02
   5.1839238e-02
   4.4474067e-02
   3.2773468e-02
   1.7546063e-02
  -1.6611912e-04
  -1.9157325e-02
  -3.8137380e-02
  -5.5817532e-02
  -7.0996796e-02
  -8.2643020e-02
  -8.9963635e-02
  -9.6121867e-02
  -9.3504371e-02
  -8.5830136e-02
  -7.3621751e-02
  -5.7710317e-02
  -3.9178517e-02
  -1.9286955e-02
   6.1103520e-04
   1.9160784e-02
   3.5097871e-02
   4.7333590e-02
   5.5029144e-02
   5.7654758e-02
   5.5029144e-02
   4.7333590e-02
   3.5097871e-02
   1.9160784e-02
   6.1103520e-04
  -1.9286955e-02
  -3.9178517e-02
  -5.7710317e-02
  -7.3621751e-02
  -8.5830136e-02
  -9.3504371e-02
  -8.8092746e-02
  -8.5797087e-02
  -7.9066463e-02
  -6.8359243e-02
  -5.4404530e-02
  -3.8152483e-02
  -2.0709757e-02
  -3.2643815e-03
   1.2994932e-02
   2.6959661e-02
   3.7677036e-02
   4.4415210e-02
   4.6713661e-02
   4.4415210e-02
   3.7677036e-02
   2.6959661e-02
   1.2994932e-02
  -3.2643815e-03
  -2.0709757e-02
  -3.8152483e-02
  -5.4404530e-02
  -6.8359243e-02
  -7.9066463e-02
  -8.5797087e-02
  -6.0273175e-02
  -5.9007980e-02
  -5.5298577e-02
  -4.9397651e-02
  -4.1707183e-02
  -3.2751091e-02
  -2.3139570e-02
  -1.3527550e-02
  -4.5700965e-03
   3.1222310e-03
   9.0250163e-03
   1.2735780e-02
   1.4001474e-02
   1.2735780e-02
   9.0250163e-03
   3.1222310e-03
  -4.5700965e-03
  -1.3527550e-02
  -2.3139570e-02
  -3.2751091e-02
  -4.1707183e-02
  -4.9397651e-02
  -5.5298577e-02
  -5.9007980e-02
