   2.8364005e-01
   2.7397525e-01
   2.4563949e-01
   2.0056380e-01
   1.4182003e-01
   7.3411447e-02
   1.7367944e-17
  -7.3411447e-02
  -1.4182003e-01
  -2.0056380e-01
  -2.4563949e-01
  -2.7397525e-01
  -2.8364005e-01
  -2.7397525e-01
  -2.4563949e-01
  -2.0056380e-01
  -1.4182003e-01
  -7.3411447e-02
  -5.2103832e-17
   7.3411447e-02
   1.4182003e-01
   2.0056380e-01
   2.4563949e-01
   2.7397525e-01
   5.8881974e-01
   5.6875620e-01
   5.0993286e-01
   4.1635843e-01
   2.9440987e-01
   1.5239776e-01
   3.6054811e-17
  -1.5239776e-01
  -2.9440987e-01
  -4.1635843e-01
  -5.0993286e-01
  -5.6875620e-01
  -5.8881974e-01
  -5.6875620e-01
  -5.0993286e-01
  -4.1635843e-01
  -2.9440987e-01
  -1.5239776e-01
  -1.0816443e-16
   1.5239776e-01
   2.9440987e-01
   4.1635843e-01
   5.0993286e-01
   5.6875620e-01
   7.7280382e-01
   7.4647117e-01
   6.6926774e-01
   5.4645482e-01
   3.8640191e-01
   2.0001635e-01
   4.7320586e-17
  -2.0001635e-01
  -3.8640191e-01
  -5.4645482e-01
  -6.6926774e-01
  -7.4647117e-01
  -7.7280382e-01
  -7.4647117e-01
  -6.6926774e-01
  -5.4645482e-01
  -3.8640191e-01
  -2.0001635e-01
  -1.4196176e-16
   2.0001635e-01
   3.8640191e-01
   5.4645482e-01
   6.6926774e-01
   7.4647117e-01
   8.2390216e-01
   7.9582837e-01
   7.1352020e-01
   5.8258680e-01
   4.1195108e-01
   2.1324157e-01
   5.0449457e-17
  -2.1324157e-01
  -4.1195108e-01
  -5.8258680e-01
  -7.1352020e-01
  -7.9582837e-01
  -8.2390216e-01
  -7.9582837e-01
  -7.1352020e-01
  -5.8258680e-01
  -4.1195108e-01
  -2.1324157e-01
  -1.5134837e-16
   2.1324157e-01
   4.1195108e-01
   5.8258680e-01
   7.1352020e-01
   7.9582837e-01
   7.8199832e-01
   7.5535237e-01
   6.7723041e-01
   5.5295631e-01
   3.9099916e-01
   2.0239606e-01
   4.7883587e-17
  -2.0239606e-01
  -3.9099916e-01
  -5.5295631e-01
  -6.7723041e-01
  -7.5535237e-01
  -7.8199832e-01
  -7.5535237e-01
  -6.7723041e-01
  -5.5295631e-01
  -3.9099916e-01
  -2.0239606e-01
  -1.4365076e-16
   2.0239606e-01
   3.9099916e-01
   5.5295631e-01
   6.7723041e-01
   7.5535237e-01
   7.1507992e-01
   6.9071416e-01
   6.1927737e-01
   5.0563786e-01
   3.5753996e-01
   1.8507630e-01
   4.3786017e-17
  -1.8507630e-01
  -3.5753996e-01
  -5.0563786e-01
  -6.1927737e-01
  -6.9071416e-01
  -7.1507992e-01
  -6.9071416e-01
  -6.1927737e-01
  -5.0563786e-01
  -3.5753996e-01
  -1.8507630e-01
  -1.3135805e-16
   1.8507630e-01
   3.5753996e-01
   5.0563786e-01
   6.1927737e-01
   6.9071416e-01
   6.8460843e-01
   6.6128097e-01
   5.9288830e-01
   4.8409127e-01
   3.4230422e-01
   1.7718970e-01
   4.1920176e-17
  -1.7718970e-01
  -3.4230422e-01
  -4.8409127e-01
  -5.9288830e-01
  -6.6128097e-01
  -6.8460843e-01
  -6.6128097e-01
  -5.9288830e-01
  -4.8409127e-01
  -3.4230422e-01
  -1.7718970e-01
  -1.2576053e-16
   1.7718970e-01
   3.4230422e-01
   4.8409127e-01
   5.9288830e-01
   6.6128097e-01
   7.1507992e-01
   6.9071416e-01
   6.1927737e-01
   5.0563786e-01
   3.5753996e-01
   1.8507630e-01
   4.3786017e-17
  -1.8507630e-01
  -3.5753996e-01
  -5.0563786e-01
  -6.1927737e-01
  -6.9071416e-01
  -7.1507992e-01
  -6.9071416e-01
  -6.1927737e-01
  -5.0563786e-01
  -3.5753996e-01
  -1.8507630e-01
  -1.3135805e-16
   1.8507630e-01
   3.5753996e-01
   5.0563786e-01
   6.1927737e-01
   6.9071416e-01
   7.8199832e-01
   7.5535237e-01
   6.7723041e-01
   5.5295631e-01
   3.9099916e-01
   2.0239606e-01
   4.7883587e-17
  -2.0239606e-01
  -3.9099916e-01
  -5.5295631e-01
  -6.7723041e-01
  -7.5535237e-01
  -7.8199832e-01
  -7.5535237e-01
  -6.7723041e-01
  -5.5295631e-01
  -3.9099916e-01
  -2.0239606e-01
  -1.4365076e-16
   2.0239606e-01
   3.9099916e-01
   5.5295631e-01
   6.7723041e-01
   7.5535237e-01
   8.2390216e-01
   7.9582837e-01
   7.1352020e-01
   5.8258680e-01
   4.1195108e-01
   2.1324157e-01
   5.0449457e-17
  -2.1324157e-01
  -4.1195108e-01
  -5.8258680e-01
  -7.1352020e-01
  -7.9582837e-01
  -8.2390216e-01
  -7.9582837e-01
  -7.1352020e-01
  -5.8258680e-01
  -4.1195108e-01
  -2.1324157e-01
  -1.5134837e-16
   2.1324157e-01
   4.1195108e-01
   5.8258680e-01
   7.1352020e-01
   7.9582837e-01
   7.7280382e-01
   7.4647117e-01
   6.6926774e-01
   5.4645482e-01
   3.8640191e-01
   2.0001635e-01
   4.7320586e-17
  -2.0001635e-01
  -3.8640191e-01
  -5.4645482e-01
  -6.6926774e-01
  -7.4647117e-01
  -7.7280382e-01
  -7.4647117e-01
  -6.6926774e-01
  -5.4645482e-01
  -3.8640191e-01
  -2.0001635e-01
  -1.4196176e-16
   2.0001635e-01
   3.8640191e-01
   5.4645482e-01
   6.6926774e-01
   7.4647117e-01
   5.8881974e-01
   5.6875620e-01
   5.0993286e-01
   4.1635843e-01
   2.9440987e-01
   1.5239776e-01
   3.6054811e-17
  -1.5239776e-01
  -2.9440987e-01
  -4.1635843e-01
  -5.0993286e-01
  -5.6875620e-01
  -5.8881974e-01
  -5.6875620e-01
  -5.0993286e-01
  -4.1635843e-01
  -2.9440987e-01
  -1.5239776e-01
  -1.0816443e-16
   1.5239776e-01
   2.9440987e-01
   4.1635843e-01
   5.0993286e-01
   5.6875620e-01
   2.8364005e-01
   2.7397525e-01
   2.4563949e-01
   2.0056380e-01
   1.4182003e-01
   7.3411447e-02
   1.7367944e-17
  -7.3411447e-02
  -1.4182003e-01
  -2.0056380e-01
  -2.4563949e-01
  -2.7397525e-01
  -2.8364005e-01
  -2.7397525e-01
  -2.4563949e-01
  -2.0056380e-01
  -1.4182003e-01
  -7.3411447e-02
  -5.2103832e-17
   7.3411447e-02
   1.4182003e-01
   2.0056380e-01
   2.4563949e-01
   2.7397525e-01
   0.0000000e+00
   7.3411447e-02
   1.4182003e-01
   2.0056380e-01
   2.4563949e-01
   2.7397525e-01
   2.8364005e-01
   2.7397525e-01
   2.4563949e-01
   2.0056380e-01
   1.4182003e-01
   7.3411447e-02
   3.4735888e-17
  -7.3411447e-02
  -1.4182003e-01
  -2.0056380e-01
  -2.4563949e-01
  -2.7397525e-01
  -2.8364005e-01
  -2.7397525e-01
  -2.4563949e-01
  -2.0056380e-01
  -1.4182003e-01
  -7.3411447e-02
   0.0000000e+00
   1.5239776e-01
   2.9440987e-01
   4.1635843e-01
   5.0993286e-01
   5.6875620e-01
   5.8881974e-01
   5.6875620e-01
   5.0993286e-01
   4.1635843e-01
   2.9440987e-01
   1.5239776e-01
   7.2109622e-17
  -1.5239776e-01
  -2.9440987e-01
  -4.1635843e-01
  -5.0993286e-01
  -5.6875620e-01
  -5.8881974e-01
  -5.6875620e-01
  -5.0993286e-01
  -4.1635843e-01
  -2.9440987e-01
  -1.5239776e-01
   0.0000000e+00
   2.0001635e-01
   3.8640191e-01
   5.4645482e-01
   6.6926774e-01
   7.4647117e-01
   7.7280382e-01
   7.4647117e-01
   6.6926774e-01
   5.4645482e-01
   3.8640191e-01
   2.0001635e-01
   9.4641172e-17
  -2.0001635e-01
  -3.8640191e-01
  -5.4645482e-01
  -6.6926774e-01
  -7.4647117e-01
  -7.7280382e-01
  -7.4647117e-01
  -6.6926774e-01
  -5.4645482e-01
  -3.8640191e-01
  -2.0001635e-01
   0.0000000e+00
   2.1324157e-01
   4.1195108e-01
   5.8258680e-01
   7.1352020e-01
   7.9582837e-01
   8.2390216e-01
   7.9582837e-01
   7.1352020e-01
   5.8258680e-01
   4.1195108e-01
   2.1324157e-01
   1.0089891e-16
  -2.1324157e-01
  -4.1195108e-01
  -5.8258680e-01
  -7.1352020e-01
  -7.9582837e-01
  -8.2390216e-01
  -7.9582837e-01
  -7.1352020e-01
  -5.8258680e-01
  -4.1195108e-01
  -2.1324157e-01
   0.0000000e+00
   2.0239606e-01
   3.9099916e-01
   5.5295631e-01
   6.7723041e-01
   7.5535237e-01
   7.8199832e-01
   7.5535237e-01
   6.7723041e-01
   5.5295631e-01
   3.9099916e-01
   2.0239606e-01
   9.5767174e-17
  -2.0239606e-01
  -3.9099916e-01
  -5.5295631e-01
  -6.7723041e-01
  -7.5535237e-01
  -7.8199832e-01
  -7.5535237e-01
  -6.7723041e-01
  -5.5295631e-01
  -3.9099916e-01
  -2.0239606e-01
   0.0000000e+00
   1.8507630e-01
   3.5753996e-01
   5.0563786e-01
   6.1927737e-01
   6.9071416e-01
   7.1507992e-01
   6.9071416e-01
   6.1927737e-01
   5.0563786e-01
   3.5753996e-01
   1.8507630e-01
   8.7572033e-17
  -1.8507630e-01
  -3.5753996e-01
  -5.0563786e-01
  -6.1927737e-01
  -6.9071416e-01
  -7.1507992e-01
  -6.9071416e-01
  -6.1927737e-01
  -5.0563786e-01
  -3.5753996e-01
  -1.8507630e-01
   0.0000000e+00
   1.7718970e-01
   3.4230422e-01
   4.8409127e-01
   5.9288830e-01
   6.6128097e-01
   6.8460843e-01
   6.6128097e-01
   5.9288830e-01
   4.8409127e-01
   3.4230422e-01
   1.7718970e-01
   8.3840353e-17
  -1.7718970e-01
  -3.4230422e-01
  -4.8409127e-01
  -5.9288830e-01
  -6.6128097e-01
  -6.8460843e-01
  -6.6128097e-01
  -5.9288830e-01
  -4.8409127e-01
  -3.4230422e-01
  -1.7718970e-01
   0.0000000e+00
   1.8507630e-01
   3.5753996e-01
   5.0563786e-01
   6.1927737e-01
   6.9071416e-01
   7.1507992e-01
   6.9071416e-01
   6.1927737e-01
   5.0563786e-01
   3.5753996e-01
   1.8507630e-01
   8.7572033e-17
  -1.8507630e-01
  -3.5753996e-01
  -5.0563786e-01
  -6.1927737e-01
  -6.9071416e-01
  -7.1507992e-01
  -6.9071416e-01
  -6.1927737e-01
  -5.0563786e-01
  -3.5753996e-01
  -1.8507630e-01
   0.0000000e+00
   2.0239606e-01
   3.9099916e-01
   5.5295631e-01
   6.7723041e-01
   7.5535237e-01
   7.8199832e-01
   7.5535237e-01
   6.7723041e-01
   5.5295631e-01
   3.9099916e-01
   2.0239606e-01
   9.5767174e-17
  -2.0239606e-01
  -3.9099916e-01
  -5.5295631e-01
  -6.7723041e-01
  -7.5535237e-01
  -7.8199832e-01
  -7.5535237e-01
  -6.7723041e-01
  -5.5295631e-01
  -3.9099916e-01
  -2.0239606e-01
   0.0000000e+00
   2.1324157e-01
   4.1195108e-01
   5.8258680e-01
   7.1352020e-01
   7.9582837e-01
   8.2390216e-01
   7.9582837e-01
   7.1352020e-01
   5.8258680e-01
   4.1195108e-01
   2.1324157e-01
   1.0089891e-16
  -2.1324157e-01
  -4.1195108e-01
  -5.8258680e-01
  -7.1352020e-01
  -7.9582837e-01
  -8.2390216e-01
  -7.9582837e-01
  -7.1352020e-01
  -5.8258680e-01
  -4.1195108e-01
  -2.1324157e-01
   0.0000000e+00
   2.0001635e-01
   3.8640191e-01
   5.4645482e-01
   6.6926774e-01
   7.4647117e-01
   7.7280382e-01
   7.4647117e-01
   6.6926774e-01
   5.4645482e-01
   3.8640191e-01
   2.0001635e-01
   9.4641172e-17
  -2.0001635e-01
  -3.8640191e-01
  -5.4645482e-01
  -6.6926774e-01
  -7.4647117e-01
  -7.7280382e-01
  -7.4647117e-01
  -6.6926774e-01
  -5.4645482e-01
  -3.8640191e-01
  -2.0001635e-01
   0.0000000e+00
   1.5239776e-01
   2.9440987e-01
   4.1635843e-01
   5.0993286e-01
   5.6875620e-01
   5.8881974e-01
   5.6875620e-01
   5.0993286e-01
   4.1635843e-01
   2.9440987e-01
   1.5239776e-01
   7.2109622e-17
  -1.5239776e-01
  -2.9440987e-01
  -4.1635843e-01
  -5.0993286e-01
  -5.6875620e-01
  -5.8881974e-01
  -5.6875620e-01
  -5.0993286e-01
  -4.1635843e-01
  -2.9440987e-01
  -1.5239776e-01
   0.0000000e+00
   7.3411447e-02
   1.4182003e-01
   2.0056380e-01
   2.4563949e-01
   2.7397525e-01
   2.8364005e-01
   2.7397525e-01
   2.4563949e-01
   2.0056380e-01
   1.4182003e-01
   7.3411447e-02
   3.4735888e-17
  -7.3411447e-02
  -1.4182003e-01
  -2.0056380e-01
  -2.4563949e-01
  -2.7397525e-01
  -2.8364005e-01
  -2.7397525e-01
  -2.4563949e-01
  -2.0056380e-01
  -1.4182003e-01
  -7.3411447e-02
  -1.5757643e+00
  -1.5757643e+00
  -1.5757643e+00
  -1.5757643e+00
  -1.5757643e+00
  -1.5757643e+00
  -1.5757643e+00
  -1.5757643e+00
  -1.5757643e+00
  -1.5757643e+00
  -1.5757643e+00
  -1.5757643e+00
  -1.5757643e+00
  -1.5757643e+00
  -1.5757643e+00
  -1.5757643e+00
  -1.5757643e+00
  -1.5757643e+00
  -1.5757643e+00
  -1.5757643e+00
  -1.5757643e+00
  -1.5757643e+00
  -1.5757643e+00
  -1.5757643e+00
  -1.3592156e+00
  -1.3592156e+00
  -1.3592156e+00
  -1.3592156e+00
  -1.3592156e+00
  -1.3592156e+00
  -1.3592156e+00
  -1.3592156e+00
  -1.3592156e+00
  -1.3592156e+00
  -1.3592156e+00
  -1.3592156e+00
  -1.3592156e+00
  -1.3592156e+00
  -1.3592156e+00
  -1.3592156e+00
  -1.3592156e+00
  -1.3592156e+00
  -1.3592156e+00
  -1.3592156e+00
  -1.3592156e+00
  -1.3592156e+00
  -1.3592156e+00
  -1.3592156e+00
  -1.0360811e+00
  -1.0360811e+00
  -1.0360811e+00
  -1.0360811e+00
  -1.0360811e+00
  -1.0360811e+00
  -1.0360811e+00
  -1.0360811e+00
  -1.0360811e+00
  -1.0360811e+00
  -1.0360811e+00
  -1.0360811e+00
  -1.0360811e+00
  -1.0360811e+00
  -1.0360811e+00
  -1.0360811e+00
  -1.0360811e+00
  -1.0360811e+00
  -1.0360811e+00
  -1.0360811e+00
  -1.0360811e+00
  -1.0360811e+00
  -1.0360811e+00
  -1.0360811e+00
  -6.9053332e-01
  -6.9053332e-01
  -6.9053332e-01
  -6.9053332e-01
  -6.9053332e-01
  -6.9053332e-01
  -6.9053332e-01
  -6.9053332e-01
  -6.9053332e-01
  -6.9053332e-01
  -6.9053332e-01
  -6.9053332e-01
  -6.9053332e-01
  -6.9053332e-01
  -6.9053332e-01
  -6.9053332e-01
  -6.9053332e-01
  -6.9053332e-01
  -6.9053332e-01
  -6.9053332e-01
  -6.9053332e-01
  -6.9053332e-01
  -6.9053332e-01
  -6.9053332e-01
  -3.9239862e-01
  -3.9239862e-01
  -3.9239862e-01
  -3.9239862e-01
  -3.9239862e-01
  -3.9239862e-01
  -3.9239862e-01
  -3.9239862e-01
  -3.9239862e-01
  -3.9239862e-01
  -3.9239862e-01
  -3.9239862e-01
  -3.9239862e-01
  -3.9239862e-01
  -3.9239862e-01
  -3.9239862e-01
  -3.9239862e-01
  -3.9239862e-01
  -3.9239862e-01
  -3.9239862e-01
  -3.9239862e-01
  -3.9239862e-01
  -3.9239862e-01
  -3.9239862e-01
  -1.6935477e-01
  -1.6935477e-01
  -1.6935477e-01
  -1.6935477e-01
  -1.6935477e-01
  -1.6935477e-01
  -1.6935477e-01
  -1.6935477e-01
  -1.6935477e-01
  -1.6935477e-01
  -1.6935477e-01
  -1.6935477e-01
  -1.6935477e-01
  -1.6935477e-01
  -1.6935477e-01
  -1.6935477e-01
  -1.6935477e-01
  -1.6935477e-01
  -1.6935477e-01
  -1.6935477e-01
  -1.6935477e-01
  -1.6935477e-01
  -1.6935477e-01
  -1.6935477e-01
  -1.1009343e-16
  -1.1009343e-16
  -1.1009343e-16
  -1.1009343e-16
  -1.1009343e-16
  -1.1009343e-16
  -1.1009343e-16
  -1.1009343e-16
  -1.1009343e-16
  -1.1009343e-16
  -1.1009343e-16
  -1.1009343e-16
  -1.1009343e-16
  -1.1009343e-16
  -1.1009343e-16
  -1.1009343e-16
  -1.1009343e-16
  -1.1009343e-16
  -1.1009343e-16
  -1.1009343e-16
  -1.1009343e-16
  -1.1009343e-16
  -1.1009343e-16
  -1.1009343e-16
   1.6935477e-01
   1.6935477e-01
   1.6935477e-01
   1.6935477e-01
   1.6935477e-01
   1.6935477e-01
   1.6935477e-01
   1.6935477e-01
   1.6935477e-01
   1.6935477e-01
   1.6935477e-01
   1.6935477e-01
   1.6935477e-01
   1.6935477e-01
   1.6935477e-01
   1.6935477e-01
   1.6935477e-01
   1.6935477e-01
   1.6935477e-01
   1.6935477e-01
   1.6935477e-01
   1.6935477e-01
   1.6935477e-01
   1.6935477e-01
   3.9239862e-01
   3.9239862e-01
   3.9239862e-01
   3.9239862e-01
   3.9239862e-01
   3.9239862e-01
   3.9239862e-01
   3.9239862e-01
   3.9239862e-01
   3.9239862e-01
   3.9239862e-01
   3.9239862e-01
   3.9239862e-01
   3.9239862e-01
   3.9239862e-01
   3.9239862e-01
   3.9239862e-01
   3.9239862e-01
   3.9239862e-01
   3.9239862e-01
   3.9239862e-01
   3.9239862e-01
   3.9239862e-01
   3.9239862e-01
   6.9053332e-01
   6.9053332e-01
   6.9053332e-01
   6.9053332e-01
   6.9053332e-01
   6.9053332e-01
   6.9053332e-01
   6.9053332e-01
   6.9053332e-01
   6.9053332e-01
   6.9053332e-01
   6.9053332e-01
   6.9053332e-01
   6.9053332e-01
   6.9053332e-01
   6.9053332e-01
   6.9053332e-01
   6.9053332e-01
   6.9053332e-01
   6.9053332e-01
   6.9053332e-01
   6.9053332e-01
   6.9053332e-01
   6.9053332e-01
   1.0360811e+00
   1.0360811e+00
   1.0360811e+00
   1.0360811e+00
   1.0360811e+00
   1.0360811e+00
   1.0360811e+00
   1.0360811e+00
   1.0360811e+00
   1.0360811e+00
   1.0360811e+00
   1.0360811e+00
   1.0360811e+00
   1.0360811e+00
   1.0360811e+00
   1.0360811e+00
   1.0360811e+00
   1.0360811e+00
   1.0360811e+00
   1.0360811e+00
   1.0360811e+00
   1.0360811e+00
   1.0360811e+00
   1.0360811e+00
   1.3592156e+00
   1.3592156e+00
   1.3592156e+00
   1.3592156e+00
   1.3592156e+00
   1.3592156e+00
   1.3592156e+00
   1.3592156e+00
   1.3592156e+00
   1.3592156e+00
   1.3592156e+00
   1.3592156e+00
   1.3592156e+00
   1.3592156e+00
   1.3592156e+00
   1.3592156e+00
   1.3592156e+00
   1.3592156e+00
   1.3592156e+00
   1.3592156e+00
   1.3592156e+00
   1.3592156e+00
   1.3592156e+00
   1.3592156e+00
   1.5757643e+00
   1.5757643e+00
   1.5757643e+00
   1.5757643e+00
   1.5757643e+00
   1.5757643e+00
   1.5757643e+00
   1.5757643e+00
   1.5757643e+00
   1.5757643e+00
   1.5757643e+00
   1.5757643e+00
   1.5757643e+00
   1.5757643e+00
   1.5757643e+00
   1.5757643e+00
   1.5757643e+00
   1.5757643e+00
   1.5757643e+00
   1.5757643e+00
   1.5757643e+00
   1.5757643e+00
   1.5757643e+00
   1.5757643e+00
