   1.3244949e-01
   1.2306582e-01
   9.5499658e-02
   5.1480367e-02
  -6.1960666e-03
  -7.3802941e-02
  -1.4688219e-01
  -2.2050821e-01
  -2.8960888e-01
  -3.4932587e-01
  -3.9538573e-01
  -4.2444569e-01
  -4.3437613e-01
  -4.2444569e-01
  -3.9538573e-01
  -3.4932587e-01
  -2.8960888e-01
  -2.2050821e-01
  -1.4688219e-01
  -7.3802941e-02
  -6.1960666e-03
   5.1480367e-02
   9.5499658e-02
   1.2306582e-01
   4.4794837e-01
   4.2872674e-01
   3.7220320e-01
   2.8176916e-01
   1.6295837e-01
   2.3238441e-02
  -1.2832953e-01
  -2.8158502e-01
  -4.2591534e-01
  -5.5102404e-01
  -6.4775599e-01
  -7.0888992e-01
  -7.2979907e-01
  -7.0888992e-01
  -6.4775599e-01
  -5.5102404e-01
  -4.2591534e-01
  -2.8158502e-01
  -1.2832953e-01
   2.3238441e-02
   1.6295837e-01
   2.8176916e-01
   3.7220320e-01
   4.2872674e-01
   6.6535891e-01
   6.3961330e-01
   5.6399688e-01
   4.4329644e-01
   2.8523706e-01
   1.0008977e-01
  -9.9894313e-02
  -3.0122069e-01
  -4.9003522e-01
  -6.5310413e-01
  -7.7881410e-01
  -8.5809774e-01
  -8.8518565e-01
  -8.5809774e-01
  -7.7881410e-01
  -6.5310413e-01
  -4.9003522e-01
  -3.0122069e-01
  -9.9894313e-02
   1.0008977e-01
   2.8523706e-01
   4.4329644e-01
   5.6399688e-01
   6.3961330e-01
   7.5152279e-01
   7.2364467e-01
   6.4188283e-01
   5.1173456e-01
   3.4196728e-01
   1.4404836e-01
  -6.8608992e-02
  -2.8153985e-01
  -4.8020601e-01
  -6.5099405e-01
  -7.8216308e-01
  -8.6467216e-01
  -8.9282379e-01
  -8.6467216e-01
  -7.8216308e-01
  -6.5099405e-01
  -4.8020601e-01
  -2.8153985e-01
  -6.8608992e-02
   1.4404836e-01
   3.4196728e-01
   5.1173456e-01
   6.4188283e-01
   7.2364467e-01
   7.3697663e-01
   7.1043067e-01
   6.3262469e-01
   5.0892348e-01
   3.4784233e-01
   1.6044395e-01
  -4.0438371e-02
  -2.4109197e-01
  -4.2786549e-01
  -5.8809304e-01
  -7.1094066e-01
  -7.8812177e-01
  -8.1443901e-01
  -7.8812177e-01
  -7.1094066e-01
  -5.8809304e-01
  -4.2786549e-01
  -2.4109197e-01
  -4.0438371e-02
   1.6044395e-01
   3.4784233e-01
   5.0892348e-01
   6.3262469e-01
   7.1043067e-01
   6.9766434e-01
   6.7326013e-01
   6.0171746e-01
   4.8793061e-01
   3.3967961e-01
   1.6709314e-01
  -1.8048530e-02
  -2.0312145e-01
  -3.7552007e-01
  -5.2351447e-01
  -6.3704472e-01
  -7.0839955e-01
  -7.3273501e-01
  -7.0839955e-01
  -6.3704472e-01
  -5.2351447e-01
  -3.7552007e-01
  -2.0312145e-01
  -1.8048530e-02
   1.6709314e-01
   3.3967961e-01
   4.8793061e-01
   6.0171746e-01
   6.7326013e-01
   6.8916421e-01
   6.6568151e-01
   5.9683371e-01
   4.8731269e-01
   3.4458211e-01
   1.7836882e-01
  -6.7580243e-13
  -1.7836882e-01
  -3.4458211e-01
  -4.8731269e-01
  -5.9683371e-01
  -6.6568151e-01
  -6.8916421e-01
  -6.6568151e-01
  -5.9683371e-01
  -4.8731269e-01
  -3.4458211e-01
  -1.7836882e-01
  -7.0109864e-13
   1.7836882e-01
   3.4458211e-01
   4.8731269e-01
   5.9683371e-01
   6.6568151e-01
   7.3273501e-01
   7.0839955e-01
   6.3704472e-01
   5.2351447e-01
   3.7552007e-01
   2.0312145e-01
   1.8048530e-02
  -1.6709314e-01
  -3.3967961e-01
  -4.8793061e-01
  -6.0171746e-01
  -6.7326013e-01
  -6.9766434e-01
  -6.7326013e-01
  -6.0171746e-01
  -4.8793061e-01
  -3.3967961e-01
  -1.6709314e-01
   1.8048530e-02
   2.0312145e-01
   3.7552007e-01
   5.2351447e-01
   6.3704472e-01
   7.0839955e-01
   8.1443901e-01
   7.8812177e-01
   7.1094066e-01
   5.8809304e-01
   4.2786549e-01
   2.4109197e-01
   4.0438371e-02
  -1.6044395e-01
  -3.4784233e-01
  -5.0892348e-01
  -6.3262469e-01
  -7.1043067e-01
  -7.3697663e-01
  -7.1043067e-01
  -6.3262469e-01
  -5.0892348e-01
  -3.4784233e-01
  -1.6044395e-01
   4.0438371e-02
   2.4109197e-01
   4.2786549e-01
   5.8809304e-01
   7.1094066e-01
   7.8812177e-01
   8.9282379e-01
   8.6467216e-01
   7.8216308e-01
   6.5099405e-01
   4.8020601e-01
   2.8153985e-01
   6.8608992e-02
  -1.4404836e-01
  -3.4196728e-01
  -5.1173456e-01
  -6.4188283e-01
  -7.2364467e-01
  -7.5152279e-01
  -7.2364467e-01
  -6.4188283e-01
  -5.1173456e-01
  -3.4196728e-01
  -1.4404836e-01
   6.8608992e-02
   2.8153985e-01
   4.8020601e-01
   6.5099405e-01
   7.8216308e-01
   8.6467216e-01
   8.8518565e-01
   8.5809774e-01
   7.7881410e-01
   6.5310413e-01
   4.9003522e-01
   3.0122069e-01
   9.9894313e-02
  -1.0008977e-01
  -2.8523706e-01
  -4.4329644e-01
  -5.6399688e-01
  -6.3961330e-01
  -6.6535891e-01
  -6.3961330e-01
  -5.6399688e-01
  -4.4329644e-01
  -2.8523706e-01
  -1.0008977e-01
   9.9894313e-02
   3.0122069e-01
   4.9003522e-01
   6.5310413e-01
   7.7881410e-01
   8.5809774e-01
   7.2979907e-01
   7.0888992e-01
   6.4775599e-01
   5.5102404e-01
   4.2591534e-01
   2.8158502e-01
   1.2832953e-01
  -2.3238441e-02
  -1.6295837e-01
  -2.8176916e-01
  -3.7220320e-01
  -4.2872674e-01
  -4.4794837e-01
  -4.2872674e-01
  -3.7220320e-01
  -2.8176916e-01
  -1.6295837e-01
  -2.3238441e-02
   1.2832953e-01
   2.8158502e-01
   4.2591534e-01
   5.5102404e-01
   6.4775599e-01
   7.0888992e-01
   4.3437613e-01
   4.2444569e-01
   3.9538573e-01
   3.4932587e-01
   2.8960888e-01
   2.2050821e-01
   1.4688219e-01
   7.3802941e-02
   6.1960666e-03
  -5.1480367e-02
  -9.5499658e-02
  -1.2306582e-01
  -1.3244949e-01
  -1.2306582e-01
  -9.5499658e-02
  -5.1480367e-02
   6.1960666e-03
   7.3802941e-02
   1.4688219e-01
   2.2050821e-01
   2.8960888e-01
   3.4932587e-01
   3.9538573e-01
   4.2444569e-01
  -3.7814317e-17
   7.2332351e-02
   1.3993923e-01
   1.9836256e-01
   2.4367551e-01
   2.7273547e-01
   2.8341281e-01
   2.7477604e-01
   2.4720987e-01
   2.0244368e-01
   1.4347359e-01
   7.4372915e-02
   1.7148625e-17
  -7.4372915e-02
  -1.4347359e-01
  -2.0244368e-01
  -2.4720987e-01
  -2.7477604e-01
  -2.8341281e-01
  -2.7273547e-01
  -2.4367551e-01
  -1.9836256e-01
  -1.3993923e-01
  -7.2332351e-02
  -2.9958303e-15
   1.4926278e-01
   2.8898271e-01
   4.1009869e-01
   5.0452545e-01
   5.6565938e-01
   5.8887372e-01
   5.7195729e-01
   5.1543375e-01
   4.2269451e-01
   2.9989101e-01
   1.5556069e-01
  -2.8553035e-15
  -1.5556069e-01
  -2.9989101e-01
  -4.2269451e-01
  -5.1543375e-01
  -5.7195729e-01
  -5.8887372e-01
  -5.6565938e-01
  -5.0452545e-01
  -4.1009869e-01
  -2.8898271e-01
  -1.4926278e-01
  -1.1841553e-14
   1.9815047e-01
   3.8329776e-01
   5.4319076e-01
   6.6706711e-01
   7.4635075e-01
   7.7527228e-01
   7.5136028e-01
   6.7574387e-01
   5.5320981e-01
   3.9197452e-01
   2.0316000e-01
  -1.1389024e-14
  -2.0316000e-01
  -3.9197452e-01
  -5.5320981e-01
  -6.7574387e-01
  -7.5136028e-01
  -7.7527228e-01
  -7.4635075e-01
  -6.6706711e-01
  -5.4319076e-01
  -3.8329776e-01
  -1.9815047e-01
  -4.9758866e-14
   2.1228373e-01
   4.1020265e-01
   5.8034355e-01
   7.1113896e-01
   7.9364804e-01
   8.2217329e-01
   7.9466879e-01
   7.1290695e-01
   5.8238506e-01
   4.1197064e-01
   2.1330448e-01
  -5.1444484e-14
  -2.1330448e-01
  -4.1197064e-01
  -5.8238506e-01
  -7.1290695e-01
  -7.9466879e-01
  -8.2217329e-01
  -7.9364804e-01
  -7.1113896e-01
  -5.8034355e-01
  -4.1020265e-01
  -2.1228373e-01
  -1.6919140e-13
   2.0119475e-01
   3.8859314e-01
   5.4936185e-01
   6.7252191e-01
   7.4970301e-01
   7.7570782e-01
   7.4884942e-01
   6.7104345e-01
   5.4765467e-01
   3.8711468e-01
   2.0034116e-01
  -1.7825891e-13
  -2.0034116e-01
  -3.8711468e-01
  -5.4765467e-01
  -6.7104345e-01
  -7.4884942e-01
  -7.7570782e-01
  -7.4970301e-01
  -6.7252191e-01
  -5.4936185e-01
  -3.8859314e-01
  -2.0119475e-01
  -2.9653439e-13
   1.8523560e-01
   3.5782206e-01
   5.0597914e-01
   6.1960331e-01
   6.9095814e-01
   7.1519968e-01
   6.9070154e-01
   6.1915887e-01
   5.0546594e-01
   3.5737762e-01
   1.8497900e-01
  -3.1492886e-13
  -1.8497900e-01
  -3.5737762e-01
  -5.0546594e-01
  -6.1915887e-01
  -6.9070154e-01
  -7.1519968e-01
  -6.9095814e-01
  -6.1960331e-01
  -5.0597914e-01
  -3.5782206e-01
  -1.8523560e-01
  -3.6389896e-13
   1.7836882e-01
   3.4458211e-01
   4.8731269e-01
   5.9683371e-01
   6.6568151e-01
   6.8916421e-01
   6.6568151e-01
   5.9683371e-01
   4.8731269e-01
   3.4458211e-01
   1.7836882e-01
  -3.8860995e-13
  -1.7836882e-01
  -3.4458211e-01
  -4.8731269e-01
  -5.9683371e-01
  -6.6568151e-01
  -6.8916421e-01
  -6.6568151e-01
  -5.9683371e-01
  -4.8731269e-01
  -3.4458211e-01
  -1.7836882e-01
  -2.9511257e-13
   1.8497900e-01
   3.5737762e-01
   5.0546594e-01
   6.1915887e-01
   6.9070154e-01
   7.1519968e-01
   6.9095814e-01
   6.1960331e-01
   5.0597914e-01
   3.5782206e-01
   1.8523560e-01
  -3.1663229e-13
  -1.8523560e-01
  -3.5782206e-01
  -5.0597914e-01
  -6.1960331e-01
  -6.9095814e-01
  -7.1519968e-01
  -6.9070154e-01
  -6.1915887e-01
  -5.0546594e-01
  -3.5737762e-01
  -1.8497900e-01
  -1.6735678e-13
   2.0034116e-01
   3.8711468e-01
   5.4765467e-01
   6.7104345e-01
   7.4884942e-01
   7.7570782e-01
   7.4970301e-01
   6.7252191e-01
   5.4936185e-01
   3.8859314e-01
   2.0119475e-01
  -1.8041018e-13
  -2.0119475e-01
  -3.8859314e-01
  -5.4936185e-01
  -6.7252191e-01
  -7.4970301e-01
  -7.7570782e-01
  -7.4884942e-01
  -6.7104345e-01
  -5.4765467e-01
  -3.8711468e-01
  -2.0034116e-01
  -4.8482862e-14
   2.1330448e-01
   4.1197064e-01
   5.8238506e-01
   7.1290695e-01
   7.9466879e-01
   8.2217329e-01
   7.9364804e-01
   7.1113896e-01
   5.8034355e-01
   4.1020265e-01
   2.1228373e-01
  -5.2897691e-14
  -2.1228373e-01
  -4.1020265e-01
  -5.8034355e-01
  -7.1113896e-01
  -7.9364804e-01
  -8.2217329e-01
  -7.9466879e-01
  -7.1290695e-01
  -5.8238506e-01
  -4.1197064e-01
  -2.1330448e-01
  -1.1293386e-14
   2.0316000e-01
   3.9197452e-01
   5.5320981e-01
   6.7574387e-01
   7.5136028e-01
   7.7527228e-01
   7.4635075e-01
   6.6706711e-01
   5.4319076e-01
   3.8329776e-01
   1.9815047e-01
  -1.1996858e-14
  -1.9815047e-01
  -3.8329776e-01
  -5.4319076e-01
  -6.6706711e-01
  -7.4635075e-01
  -7.7527228e-01
  -7.5136028e-01
  -6.7574387e-01
  -5.5320981e-01
  -3.9197452e-01
  -2.0316000e-01
  -2.9086873e-15
   1.5556069e-01
   2.9989101e-01
   4.2269451e-01
   5.1543375e-01
   5.7195729e-01
   5.8887372e-01
   5.6565938e-01
   5.0452545e-01
   4.1009869e-01
   2.8898271e-01
   1.4926278e-01
  -3.0435271e-15
  -1.4926278e-01
  -2.8898271e-01
  -4.1009869e-01
  -5.0452545e-01
  -5.6565938e-01
  -5.8887372e-01
  -5.7195729e-01
  -5.1543375e-01
  -4.2269451e-01
  -2.9989101e-01
  -1.5556069e-01
  -3.0007836e-17
   7.4372915e-02
   1.4347359e-01
   2.0244368e-01
   2.4720987e-01
   2.7477604e-01
   2.8341281e-01
   2.7273547e-01
   2.4367551e-01
   1.9836256e-01
   1.3993923e-01
   7.2332351e-02
  -1.3608597e-17
  -7.2332351e-02
  -1.3993923e-01
  -1.9836256e-01
  -2.4367551e-01
  -2.7273547e-01
  -2.8341281e-01
  -2.7477604e-01
  -2.4720987e-01
  -2.0244368e-01
  -1.4347359e-01
  -7.4372915e-02
  -1.5741366e+00
  -1.5742894e+00
  -1.5747371e+00
  -1.5754494e+00
  -1.5763777e+00
  -1.5774588e+00
  -1.5786188e+00
  -1.5797789e+00
  -1.5808600e+00
  -1.5817883e+00
  -1.5825006e+00
  -1.5829483e+00
  -1.5831011e+00
  -1.5829483e+00
  -1.5825006e+00
  -1.5817883e+00
  -1.5808600e+00
  -1.5797789e+00
  -1.5786188e+00
  -1.5774588e+00
  -1.5763777e+00
  -1.5754494e+00
  -1.5747371e+00
  -1.5742894e+00
  -1.3585636e+00
  -1.3586653e+00
  -1.3589633e+00
  -1.3594374e+00
  -1.3600553e+00
  -1.3607749e+00
  -1.3615471e+00
  -1.3623193e+00
  -1.3630388e+00
  -1.3636567e+00
  -1.3641309e+00
  -1.3644289e+00
  -1.3645306e+00
  -1.3644289e+00
  -1.3641309e+00
  -1.3636567e+00
  -1.3630388e+00
  -1.3623193e+00
  -1.3615471e+00
  -1.3607749e+00
  -1.3600553e+00
  -1.3594374e+00
  -1.3589633e+00
  -1.3586653e+00
  -1.0459292e+00
  -1.0457517e+00
  -1.0452314e+00
  -1.0444036e+00
  -1.0433249e+00
  -1.0420686e+00
  -1.0407205e+00
  -1.0393724e+00
  -1.0381161e+00
  -1.0370374e+00
  -1.0362096e+00
  -1.0356893e+00
  -1.0355118e+00
  -1.0356893e+00
  -1.0362096e+00
  -1.0370374e+00
  -1.0381161e+00
  -1.0393724e+00
  -1.0407205e+00
  -1.0420686e+00
  -1.0433249e+00
  -1.0444036e+00
  -1.0452314e+00
  -1.0457517e+00
  -7.0416964e-01
  -7.0386702e-01
  -7.0297980e-01
  -7.0156843e-01
  -6.9972910e-01
  -6.9758715e-01
  -6.9528856e-01
  -6.9298997e-01
  -6.9084802e-01
  -6.8900869e-01
  -6.8759732e-01
  -6.8671010e-01
  -6.8640748e-01
  -6.8671010e-01
  -6.8759732e-01
  -6.8900869e-01
  -6.9084802e-01
  -6.9298997e-01
  -6.9528856e-01
  -6.9758715e-01
  -6.9972910e-01
  -7.0156843e-01
  -7.0297980e-01
  -7.0386702e-01
  -4.0024573e-01
  -4.0009540e-01
  -3.9965466e-01
  -3.9895356e-01
  -3.9803986e-01
  -3.9697583e-01
  -3.9583398e-01
  -3.9469214e-01
  -3.9362811e-01
  -3.9271441e-01
  -3.9201331e-01
  -3.9157257e-01
  -3.9142224e-01
  -3.9157257e-01
  -3.9201331e-01
  -3.9271441e-01
  -3.9362811e-01
  -3.9469214e-01
  -3.9583398e-01
  -3.9697583e-01
  -3.9803986e-01
  -3.9895356e-01
  -3.9965466e-01
  -4.0009540e-01
  -1.6801530e-01
  -1.6807081e-01
  -1.6823355e-01
  -1.6849243e-01
  -1.6882980e-01
  -1.6922269e-01
  -1.6964431e-01
  -1.7006592e-01
  -1.7045881e-01
  -1.7079619e-01
  -1.7105507e-01
  -1.7121780e-01
  -1.7127331e-01
  -1.7121780e-01
  -1.7105507e-01
  -1.7079619e-01
  -1.7045881e-01
  -1.7006592e-01
  -1.6964431e-01
  -1.6922269e-01
  -1.6882980e-01
  -1.6849243e-01
  -1.6823355e-01
  -1.6807081e-01
   4.4617641e-03
   4.3097332e-03
   3.8640010e-03
   3.1549436e-03
   2.2308820e-03
   1.1547895e-03
  -9.9146972e-15
  -1.1547895e-03
  -2.2308820e-03
  -3.1549436e-03
  -3.8640010e-03
  -4.3097332e-03
  -4.4617641e-03
  -4.3097332e-03
  -3.8640010e-03
  -3.1549436e-03
  -2.2308820e-03
  -1.1547895e-03
  -9.7611665e-15
   1.1547895e-03
   2.2308820e-03
   3.1549436e-03
   3.8640010e-03
   4.3097332e-03
   1.7127331e-01
   1.7121780e-01
   1.7105507e-01
   1.7079619e-01
   1.7045881e-01
   1.7006592e-01
   1.6964431e-01
   1.6922269e-01
   1.6882980e-01
   1.6849243e-01
   1.6823355e-01
   1.6807081e-01
   1.6801530e-01
   1.6807081e-01
   1.6823355e-01
   1.6849243e-01
   1.6882980e-01
   1.6922269e-01
   1.6964431e-01
   1.7006592e-01
   1.7045881e-01
   1.7079619e-01
   1.7105507e-01
   1.7121780e-01
   3.9142224e-01
   3.9157257e-01
   3.9201331e-01
   3.9271441e-01
   3.9362811e-01
   3.9469214e-01
   3.9583398e-01
   3.9697583e-01
   3.9803986e-01
   3.9895356e-01
   3.9965466e-01
   4.0009540e-01
   4.0024573e-01
   4.0009540e-01
   3.9965466e-01
   3.9895356e-01
   3.9803986e-01
   3.9697583e-01
   3.9583398e-01
   3.9469214e-01
   3.9362811e-01
   3.9271441e-01
   3.9201331e-01
   3.9157257e-01
   6.8640748e-01
   6.8671010e-01
   6.8759732e-01
   6.8900869e-01
   6.9084802e-01
   6.9298997e-01
   6.9528856e-01
   6.9758715e-01
   6.9972910e-01
   7.0156843e-01
   7.0297980e-01
   7.0386702e-01
   7.0416964e-01
   7.0386702e-01
   7.0297980e-01
   7.0156843e-01
   6.9972910e-01
   6.9758715e-01
   6.9528856e-01
   6.9298997e-01
   6.9084802e-01
   6.8900869e-01
   6.8759732e-01
   6.8671010e-01
   1.0355118e+00
   1.0356893e+00
   1.0362096e+00
   1.0370374e+00
   1.0381161e+00
   1.0393724e+00
   1.0407205e+00
   1.0420686e+00
   1.0433249e+00
   1.0444036e+00
   1.0452314e+00
   1.0457517e+00
   1.0459292e+00
   1.0457517e+00
   1.0452314e+00
   1.0444036e+00
   1.0433249e+00
   1.0420686e+00
   1.0407205e+00
   1.0393724e+00
   1.0381161e+00
   1.0370374e+00
   1.0362096e+00
   1.0356893e+00
   1.3645306e+00
   1.3644289e+00
   1.3641309e+00
   1.3636567e+00
   1.3630388e+00
   1.3623193e+00
   1.3615471e+00
   1.3607749e+00
   1.3600553e+00
   1.3594374e+00
   1.3589633e+00
   1.3586653e+00
   1.3585636e+00
   1.3586653e+00
   1.3589633e+00
   1.3594374e+00
   1.3600553e+00
   1.3607749e+00
   1.3615471e+00
   1.3623193e+00
   1.3630388e+00
   1.3636567e+00
   1.3641309e+00
   1.3644289e+00
   1.5831011e+00
   1.5829483e+00
   1.5825006e+00
   1.5817883e+00
   1.5808600e+00
   1.5797789e+00
   1.5786188e+00
   1.5774588e+00
   1.5763777e+00
   1.5754494e+00
   1.5747371e+00
   1.5742894e+00
   1.5741366e+00
   1.5742894e+00
   1.5747371e+00
   1.5754494e+00
   1.5763777e+00
   1.5774588e+00
   1.5786188e+00
   1.5797789e+00
   1.5808600e+00
   1.5817883e+00
   1.5825006e+00
   1.5829483e+00
