  -1.3467749e-03
  -1.3008846e-03
  -1.1663413e-03
  -9.5231365e-04
  -6.7338744e-04
  -3.4857099e-04
   6.3501681e-18
   3.4857099e-04
   6.7338744e-04
   9.5231365e-04
   1.1663413e-03
   1.3008846e-03
   1.3467749e-03
   1.3008846e-03
   1.1663413e-03
   9.5231365e-04
   6.7338744e-04
   3.4857099e-04
  -2.5386524e-18
  -3.4857099e-04
  -6.7338744e-04
  -9.5231365e-04
  -1.1663413e-03
  -1.3008846e-03
  -3.0476624e-02
  -2.9438158e-02
  -2.6393531e-02
  -2.1550227e-02
  -1.5238312e-02
  -7.8879307e-03
  -1.1896005e-16
   7.8879307e-03
   1.5238312e-02
   2.1550227e-02
   2.6393531e-02
   2.9438158e-02
   3.0476624e-02
   2.9438158e-02
   2.6393531e-02
   2.1550227e-02
   1.5238312e-02
   7.8879307e-03
  -8.7147389e-17
  -7.8879307e-03
  -1.5238312e-02
  -2.1550227e-02
  -2.6393531e-02
  -2.9438158e-02
   5.5154053e-02
   5.3274724e-02
   4.7764811e-02
   3.8999805e-02
   2.7577026e-02
   1.4274919e-02
   1.9482328e-16
  -1.4274919e-02
  -2.7577026e-02
  -3.8999805e-02
  -4.7764811e-02
  -5.3274724e-02
  -5.5154053e-02
  -5.3274724e-02
  -4.7764811e-02
  -3.8999805e-02
  -2.7577026e-02
  -1.4274919e-02
   6.0936583e-16
   1.4274919e-02
   2.7577026e-02
   3.8999805e-02
   4.7764811e-02
   5.3274724e-02
  -2.4292168e-02
  -2.3464432e-02
  -2.1037634e-02
  -1.7177157e-02
  -1.2146084e-02
  -6.2872757e-03
  -4.5479561e-17
   6.2872757e-03
   1.2146084e-02
   1.7177157e-02
   2.1037634e-02
   2.3464432e-02
   2.4292168e-02
   2.3464432e-02
   2.1037634e-02
   1.7177157e-02
   1.2146084e-02
   6.2872757e-03
  -4.2076164e-16
  -6.2872757e-03
  -1.2146084e-02
  -1.7177157e-02
  -2.1037634e-02
  -2.3464432e-02
  -1.5264042e-01
  -1.4743932e-01
  -1.3219048e-01
  -1.0793307e-01
  -7.6320208e-02
  -3.9506247e-02
  -6.4831698e-16
   3.9506247e-02
   7.6320208e-02
   1.0793307e-01
   1.3219048e-01
   1.4743932e-01
   1.5264042e-01
   1.4743932e-01
   1.3219048e-01
   1.0793307e-01
   7.6320208e-02
   3.9506247e-02
  -3.3312682e-15
  -3.9506247e-02
  -7.6320208e-02
  -1.0793307e-01
  -1.3219048e-01
  -1.4743932e-01
   9.9171108e-02
   9.5791934e-02
   8.5884699e-02
   7.0124563e-02
   4.9585554e-02
   2.5667371e-02
   1.4524135e-15
  -2.5667371e-02
  -4.9585554e-02
  -7.0124563e-02
  -8.5884699e-02
  -9.5791934e-02
  -9.9171108e-02
  -9.5791934e-02
  -8.5884699e-02
  -7.0124563e-02
  -4.9585554e-02
  -2.5667371e-02
   2.4129160e-15
   2.5667371e-02
   4.9585554e-02
   7.0124563e-02
   8.5884699e-02
   9.5791934e-02
   3.2179153e-01
   3.1082675e-01
   2.7867964e-01
   2.2754097e-01
   1.6089577e-01
   8.3285777e-02
   7.6110949e-15
  -8.3285777e-02
  -1.6089577e-01
  -2.2754097e-01
  -2.7867964e-01
  -3.1082675e-01
  -3.2179153e-01
  -3.1082675e-01
  -2.7867964e-01
  -2.2754097e-01
  -1.6089577e-01
  -8.3285777e-02
   8.5282627e-15
   8.3285777e-02
   1.6089577e-01
   2.2754097e-01
   2.7867964e-01
   3.1082675e-01
   9.9171108e-02
   9.5791934e-02
   8.5884699e-02
   7.0124563e-02
   4.9585554e-02
   2.5667371e-02
   1.4112265e-15
  -2.5667371e-02
  -4.9585554e-02
  -7.0124563e-02
  -8.5884699e-02
  -9.5791934e-02
  -9.9171108e-02
  -9.5791934e-02
  -8.5884699e-02
  -7.0124563e-02
  -4.9585554e-02
  -2.5667371e-02
   2.4278113e-15
   2.5667371e-02
   4.9585554e-02
   7.0124563e-02
   8.5884699e-02
   9.5791934e-02
  -1.5264042e-01
  -1.4743932e-01
  -1.3219048e-01
  -1.0793307e-01
  -7.6320208e-02
  -3.9506247e-02
  -7.6653699e-16
   3.9506247e-02
   7.6320208e-02
   1.0793307e-01
   1.3219048e-01
   1.4743932e-01
   1.5264042e-01
   1.4743932e-01
   1.3219048e-01
   1.0793307e-01
   7.6320208e-02
   3.9506247e-02
  -3.3322484e-15
  -3.9506247e-02
  -7.6320208e-02
  -1.0793307e-01
  -1.3219048e-01
  -1.4743932e-01
  -2.4292168e-02
  -2.3464432e-02
  -2.1037634e-02
  -1.7177157e-02
  -1.2146084e-02
  -6.2872757e-03
  -5.4578533e-17
   6.2872757e-03
   1.2146084e-02
   1.7177157e-02
   2.1037634e-02
   2.3464432e-02
   2.4292168e-02
   2.3464432e-02
   2.1037634e-02
   1.7177157e-02
   1.2146084e-02
   6.2872757e-03
  -4.5172981e-16
  -6.2872757e-03
  -1.2146084e-02
  -1.7177157e-02
  -2.1037634e-02
  -2.3464432e-02
   5.5154053e-02
   5.3274724e-02
   4.7764811e-02
   3.8999805e-02
   2.7577026e-02
   1.4274919e-02
   2.6549022e-16
  -1.4274919e-02
  -2.7577026e-02
  -3.8999805e-02
  -4.7764811e-02
  -5.3274724e-02
  -5.5154053e-02
  -5.3274724e-02
  -4.7764811e-02
  -3.8999805e-02
  -2.7577026e-02
  -1.4274919e-02
   5.7056327e-16
   1.4274919e-02
   2.7577026e-02
   3.8999805e-02
   4.7764811e-02
   5.3274724e-02
  -3.0476624e-02
  -2.9438158e-02
  -2.6393531e-02
  -2.1550227e-02
  -1.5238312e-02
  -7.8879307e-03
  -9.4974023e-17
   7.8879307e-03
   1.5238312e-02
   2.1550227e-02
   2.6393531e-02
   2.9438158e-02
   3.0476624e-02
   2.9438158e-02
   2.6393531e-02
   2.1550227e-02
   1.5238312e-02
   7.8879307e-03
  -8.6368574e-17
  -7.8879307e-03
  -1.5238312e-02
  -2.1550227e-02
  -2.6393531e-02
  -2.9438158e-02
  -1.3467749e-03
  -1.3008846e-03
  -1.1663413e-03
  -9.5231365e-04
  -6.7338744e-04
  -3.4857099e-04
   4.2940302e-18
   3.4857099e-04
   6.7338744e-04
   9.5231365e-04
   1.1663413e-03
   1.3008846e-03
   1.3467749e-03
   1.3008846e-03
   1.1663413e-03
   9.5231365e-04
   6.7338744e-04
   3.4857099e-04
   3.8615890e-20
  -3.4857099e-04
  -6.7338744e-04
  -9.5231365e-04
  -1.1663413e-03
  -1.3008846e-03
   3.0842355e-18
  -3.4857099e-04
  -6.7338744e-04
  -9.5231365e-04
  -1.1663413e-03
  -1.3008846e-03
  -1.3467749e-03
  -1.3008846e-03
  -1.1663413e-03
  -9.5231365e-04
  -6.7338744e-04
  -3.4857099e-04
  -5.7635703e-19
   3.4857099e-04
   6.7338744e-04
   9.5231365e-04
   1.1663413e-03
   1.3008846e-03
   1.3467749e-03
   1.3008846e-03
   1.1663413e-03
   9.5231365e-04
   6.7338744e-04
   3.4857099e-04
   1.4920595e-16
  -7.8879307e-03
  -1.5238312e-02
  -2.1550227e-02
  -2.6393531e-02
  -2.9438158e-02
  -3.0476624e-02
  -2.9438158e-02
  -2.6393531e-02
  -2.1550227e-02
  -1.5238312e-02
  -7.8879307e-03
  -2.6208617e-17
   7.8879307e-03
   1.5238312e-02
   2.1550227e-02
   2.6393531e-02
   2.9438158e-02
   3.0476624e-02
   2.9438158e-02
   2.6393531e-02
   2.1550227e-02
   1.5238312e-02
   7.8879307e-03
   4.3912498e-17
   1.4274919e-02
   2.7577026e-02
   3.8999805e-02
   4.7764811e-02
   5.3274724e-02
   5.5154053e-02
   5.3274724e-02
   4.7764811e-02
   3.8999805e-02
   2.7577026e-02
   1.4274919e-02
   4.2433756e-17
  -1.4274919e-02
  -2.7577026e-02
  -3.8999805e-02
  -4.7764811e-02
  -5.3274724e-02
  -5.5154053e-02
  -5.3274724e-02
  -4.7764811e-02
  -3.8999805e-02
  -2.7577026e-02
  -1.4274919e-02
  -5.4204923e-17
  -6.2872757e-03
  -1.2146084e-02
  -1.7177157e-02
  -2.1037634e-02
  -2.3464432e-02
  -2.4292168e-02
  -2.3464432e-02
  -2.1037634e-02
  -1.7177157e-02
  -1.2146084e-02
  -6.2872757e-03
   1.1306404e-16
   6.2872757e-03
   1.2146084e-02
   1.7177157e-02
   2.1037634e-02
   2.3464432e-02
   2.4292168e-02
   2.3464432e-02
   2.1037634e-02
   1.7177157e-02
   1.2146084e-02
   6.2872757e-03
  -5.1824766e-16
  -3.9506247e-02
  -7.6320208e-02
  -1.0793307e-01
  -1.3219048e-01
  -1.4743932e-01
  -1.5264042e-01
  -1.4743932e-01
  -1.3219048e-01
  -1.0793307e-01
  -7.6320208e-02
  -3.9506247e-02
   6.3835740e-16
   3.9506247e-02
   7.6320208e-02
   1.0793307e-01
   1.3219048e-01
   1.4743932e-01
   1.5264042e-01
   1.4743932e-01
   1.3219048e-01
   1.0793307e-01
   7.6320208e-02
   3.9506247e-02
   1.2832807e-15
   2.5667371e-02
   4.9585554e-02
   7.0124563e-02
   8.5884699e-02
   9.5791934e-02
   9.9171108e-02
   9.5791934e-02
   8.5884699e-02
   7.0124563e-02
   4.9585554e-02
   2.5667371e-02
   1.0496142e-16
  -2.5667371e-02
  -4.9585554e-02
  -7.0124563e-02
  -8.5884699e-02
  -9.5791934e-02
  -9.9171108e-02
  -9.5791934e-02
  -8.5884699e-02
  -7.0124563e-02
  -4.9585554e-02
  -2.5667371e-02
   7.1727874e-15
   8.3285777e-02
   1.6089577e-01
   2.2754097e-01
   2.7867964e-01
   3.1082675e-01
   3.2179153e-01
   3.1082675e-01
   2.7867964e-01
   2.2754097e-01
   1.6089577e-01
   8.3285777e-02
   2.8424315e-15
  -8.3285777e-02
  -1.6089577e-01
  -2.2754097e-01
  -2.7867964e-01
  -3.1082675e-01
  -3.2179153e-01
  -3.1082675e-01
  -2.7867964e-01
  -2.2754097e-01
  -1.6089577e-01
  -8.3285777e-02
   1.6931026e-15
   2.5667371e-02
   4.9585554e-02
   7.0124563e-02
   8.5884699e-02
   9.5791934e-02
   9.9171108e-02
   9.5791934e-02
   8.5884699e-02
   7.0124563e-02
   4.9585554e-02
   2.5667371e-02
   1.5843734e-16
  -2.5667371e-02
  -4.9585554e-02
  -7.0124563e-02
  -8.5884699e-02
  -9.5791934e-02
  -9.9171108e-02
  -9.5791934e-02
  -8.5884699e-02
  -7.0124563e-02
  -4.9585554e-02
  -2.5667371e-02
  -2.0675950e-16
  -3.9506247e-02
  -7.6320208e-02
  -1.0793307e-01
  -1.3219048e-01
  -1.4743932e-01
  -1.5264042e-01
  -1.4743932e-01
  -1.3219048e-01
  -1.0793307e-01
  -7.6320208e-02
  -3.9506247e-02
   1.0417614e-15
   3.9506247e-02
   7.6320208e-02
   1.0793307e-01
   1.3219048e-01
   1.4743932e-01
   1.5264042e-01
   1.4743932e-01
   1.3219048e-01
   1.0793307e-01
   7.6320208e-02
   3.9506247e-02
  -1.5097122e-16
  -6.2872757e-03
  -1.2146084e-02
  -1.7177157e-02
  -2.1037634e-02
  -2.3464432e-02
  -2.4292168e-02
  -2.3464432e-02
  -2.1037634e-02
  -1.7177157e-02
  -1.2146084e-02
  -6.2872757e-03
   1.4561607e-16
   6.2872757e-03
   1.2146084e-02
   1.7177157e-02
   2.1037634e-02
   2.3464432e-02
   2.4292168e-02
   2.3464432e-02
   2.1037634e-02
   1.7177157e-02
   1.2146084e-02
   6.2872757e-03
   2.3787614e-16
   1.4274919e-02
   2.7577026e-02
   3.8999805e-02
   4.7764811e-02
   5.3274724e-02
   5.5154053e-02
   5.3274724e-02
   4.7764811e-02
   3.8999805e-02
   2.7577026e-02
   1.4274919e-02
   8.3280053e-17
  -1.4274919e-02
  -2.7577026e-02
  -3.8999805e-02
  -4.7764811e-02
  -5.3274724e-02
  -5.5154053e-02
  -5.3274724e-02
  -4.7764811e-02
  -3.8999805e-02
  -2.7577026e-02
  -1.4274919e-02
   1.2695880e-16
  -7.8879307e-03
  -1.5238312e-02
  -2.1550227e-02
  -2.6393531e-02
  -2.9438158e-02
  -3.0476624e-02
  -2.9438158e-02
  -2.6393531e-02
  -2.1550227e-02
  -1.5238312e-02
  -7.8879307e-03
  -6.6846657e-17
   7.8879307e-03
   1.5238312e-02
   2.1550227e-02
   2.6393531e-02
   2.9438158e-02
   3.0476624e-02
   2.9438158e-02
   2.6393531e-02
   2.1550227e-02
   1.5238312e-02
   7.8879307e-03
   5.0591309e-18
  -3.4857099e-04
  -6.7338744e-04
  -9.5231365e-04
  -1.1663413e-03
  -1.3008846e-03
  -1.3467749e-03
  -1.3008846e-03
  -1.1663413e-03
  -9.5231365e-04
  -6.7338744e-04
  -3.4857099e-04
   1.5647350e-18
   3.4857099e-04
   6.7338744e-04
   9.5231365e-04
   1.1663413e-03
   1.3008846e-03
   1.3467749e-03
   1.3008846e-03
   1.1663413e-03
   9.5231365e-04
   6.7338744e-04
   3.4857099e-04
   3.3590155e-03
   3.3590155e-03
   3.3590155e-03
   3.3590155e-03
   3.3590155e-03
   3.3590155e-03
   3.3590155e-03
   3.3590155e-03
   3.3590155e-03
   3.3590155e-03
   3.3590155e-03
   3.3590155e-03
   3.3590155e-03
   3.3590155e-03
   3.3590155e-03
   3.3590155e-03
   3.3590155e-03
   3.3590155e-03
   3.3590155e-03
   3.3590155e-03
   3.3590155e-03
   3.3590155e-03
   3.3590155e-03
   3.3590155e-03
   2.7051768e-02
   2.7051768e-02
   2.7051768e-02
   2.7051768e-02
   2.7051768e-02
   2.7051768e-02
   2.7051768e-02
   2.7051768e-02
   2.7051768e-02
   2.7051768e-02
   2.7051768e-02
   2.7051768e-02
   2.7051768e-02
   2.7051768e-02
   2.7051768e-02
   2.7051768e-02
   2.7051768e-02
   2.7051768e-02
   2.7051768e-02
   2.7051768e-02
   2.7051768e-02
   2.7051768e-02
   2.7051768e-02
   2.7051768e-02
  -1.8161083e-02
  -1.8161083e-02
  -1.8161083e-02
  -1.8161083e-02
  -1.8161083e-02
  -1.8161083e-02
  -1.8161083e-02
  -1.8161083e-02
  -1.8161083e-02
  -1.8161083e-02
  -1.8161083e-02
  -1.8161083e-02
  -1.8161083e-02
  -1.8161083e-02
  -1.8161083e-02
  -1.8161083e-02
  -1.8161083e-02
  -1.8161083e-02
  -1.8161083e-02
  -1.8161083e-02
  -1.8161083e-02
  -1.8161083e-02
  -1.8161083e-02
  -1.8161083e-02
  -4.0076385e-04
  -4.0076385e-04
  -4.0076385e-04
  -4.0076385e-04
  -4.0076385e-04
  -4.0076385e-04
  -4.0076385e-04
  -4.0076385e-04
  -4.0076385e-04
  -4.0076385e-04
  -4.0076385e-04
  -4.0076385e-04
  -4.0076385e-04
  -4.0076385e-04
  -4.0076385e-04
  -4.0076385e-04
  -4.0076385e-04
  -4.0076385e-04
  -4.0076385e-04
  -4.0076385e-04
  -4.0076385e-04
  -4.0076385e-04
  -4.0076385e-04
  -4.0076385e-04
  -3.8845785e-02
  -3.8845785e-02
  -3.8845785e-02
  -3.8845785e-02
  -3.8845785e-02
  -3.8845785e-02
  -3.8845785e-02
  -3.8845785e-02
  -3.8845785e-02
  -3.8845785e-02
  -3.8845785e-02
  -3.8845785e-02
  -3.8845785e-02
  -3.8845785e-02
  -3.8845785e-02
  -3.8845785e-02
  -3.8845785e-02
  -3.8845785e-02
  -3.8845785e-02
  -3.8845785e-02
  -3.8845785e-02
  -3.8845785e-02
  -3.8845785e-02
  -3.8845785e-02
   2.9718026e-02
   2.9718026e-02
   2.9718026e-02
   2.9718026e-02
   2.9718026e-02
   2.9718026e-02
   2.9718026e-02
   2.9718026e-02
   2.9718026e-02
   2.9718026e-02
   2.9718026e-02
   2.9718026e-02
   2.9718026e-02
   2.9718026e-02
   2.9718026e-02
   2.9718026e-02
   2.9718026e-02
   2.9718026e-02
   2.9718026e-02
   2.9718026e-02
   2.9718026e-02
   2.9718026e-02
   2.9718026e-02
   2.9718026e-02
   7.0284133e-15
   6.6603186e-15
   7.0021220e-15
   6.5960379e-15
   6.7196900e-15
   6.7139016e-15
   6.6774411e-15
   6.8033323e-15
   7.2640799e-15
   6.8828785e-15
   6.5218824e-15
   7.0399069e-15
   7.2340941e-15
   6.8779219e-15
   6.5323637e-15
   6.8517441e-15
   6.8025487e-15
   6.2966091e-15
   6.3053708e-15
   6.9934566e-15
   6.6151913e-15
   7.0993783e-15
   6.7153222e-15
   6.3747374e-15
  -2.9718026e-02
  -2.9718026e-02
  -2.9718026e-02
  -2.9718026e-02
  -2.9718026e-02
  -2.9718026e-02
  -2.9718026e-02
  -2.9718026e-02
  -2.9718026e-02
  -2.9718026e-02
  -2.9718026e-02
  -2.9718026e-02
  -2.9718026e-02
  -2.9718026e-02
  -2.9718026e-02
  -2.9718026e-02
  -2.9718026e-02
  -2.9718026e-02
  -2.9718026e-02
  -2.9718026e-02
  -2.9718026e-02
  -2.9718026e-02
  -2.9718026e-02
  -2.9718026e-02
   3.8845785e-02
   3.8845785e-02
   3.8845785e-02
   3.8845785e-02
   3.8845785e-02
   3.8845785e-02
   3.8845785e-02
   3.8845785e-02
   3.8845785e-02
   3.8845785e-02
   3.8845785e-02
   3.8845785e-02
   3.8845785e-02
   3.8845785e-02
   3.8845785e-02
   3.8845785e-02
   3.8845785e-02
   3.8845785e-02
   3.8845785e-02
   3.8845785e-02
   3.8845785e-02
   3.8845785e-02
   3.8845785e-02
   3.8845785e-02
   4.0076385e-04
   4.0076385e-04
   4.0076385e-04
   4.0076385e-04
   4.0076385e-04
   4.0076385e-04
   4.0076385e-04
   4.0076385e-04
   4.0076385e-04
   4.0076385e-04
   4.0076385e-04
   4.0076385e-04
   4.0076385e-04
   4.0076385e-04
   4.0076385e-04
   4.0076385e-04
   4.0076385e-04
   4.0076385e-04
   4.0076385e-04
   4.0076385e-04
   4.0076385e-04
   4.0076385e-04
   4.0076385e-04
   4.0076385e-04
   1.8161083e-02
   1.8161083e-02
   1.8161083e-02
   1.8161083e-02
   1.8161083e-02
   1.8161083e-02
   1.8161083e-02
   1.8161083e-02
   1.8161083e-02
   1.8161083e-02
   1.8161083e-02
   1.8161083e-02
   1.8161083e-02
   1.8161083e-02
   1.8161083e-02
   1.8161083e-02
   1.8161083e-02
   1.8161083e-02
   1.8161083e-02
   1.8161083e-02
   1.8161083e-02
   1.8161083e-02
   1.8161083e-02
   1.8161083e-02
  -2.7051768e-02
  -2.7051768e-02
  -2.7051768e-02
  -2.7051768e-02
  -2.7051768e-02
  -2.7051768e-02
  -2.7051768e-02
  -2.7051768e-02
  -2.7051768e-02
  -2.7051768e-02
  -2.7051768e-02
  -2.7051768e-02
  -2.7051768e-02
  -2.7051768e-02
  -2.7051768e-02
  -2.7051768e-02
  -2.7051768e-02
  -2.7051768e-02
  -2.7051768e-02
  -2.7051768e-02
  -2.7051768e-02
  -2.7051768e-02
  -2.7051768e-02
  -2.7051768e-02
  -3.3590155e-03
  -3.3590155e-03
  -3.3590155e-03
  -3.3590155e-03
  -3.3590155e-03
  -3.3590155e-03
  -3.3590155e-03
  -3.3590155e-03
  -3.3590155e-03
  -3.3590155e-03
  -3.3590155e-03
  -3.3590155e-03
  -3.3590155e-03
  -3.3590155e-03
  -3.3590155e-03
  -3.3590155e-03
  -3.3590155e-03
  -3.3590155e-03
  -3.3590155e-03
  -3.3590155e-03
  -3.3590155e-03
  -3.3590155e-03
  -3.3590155e-03
  -3.3590155e-03
