  -1.9743703e-01
  -1.9742032e-01
  -1.9737131e-01
  -1.9729335e-01
  -1.9719178e-01
  -1.9707351e-01
  -1.9694662e-01
  -1.9681976e-01
  -1.9670155e-01
  -1.9660007e-01
  -1.9652220e-01
  -1.9647326e-01
  -1.9645657e-01
  -1.9647326e-01
  -1.9652220e-01
  -1.9660007e-01
  -1.9670155e-01
  -1.9681976e-01
  -1.9694662e-01
  -1.9707351e-01
  -1.9719178e-01
  -1.9729335e-01
  -1.9737131e-01
  -1.9742032e-01
  -1.8333368e-01
  -1.8334405e-01
  -1.8337448e-01
  -1.8342300e-01
  -1.8348639e-01
  -1.8356040e-01
  -1.8364004e-01
  -1.8371986e-01
  -1.8379439e-01
  -1.8385849e-01
  -1.8390773e-01
  -1.8393871e-01
  -1.8394928e-01
  -1.8393871e-01
  -1.8390773e-01
  -1.8385849e-01
  -1.8379439e-01
  -1.8371986e-01
  -1.8364004e-01
  -1.8356040e-01
  -1.8348639e-01
  -1.8342300e-01
  -1.8337448e-01
  -1.8334405e-01
  -1.5914013e-01
  -1.5918454e-01
  -1.5931493e-01
  -1.5952282e-01
  -1.5979446e-01
  -1.6011162e-01
  -1.6045274e-01
  -1.6079450e-01
  -1.6111344e-01
  -1.6138761e-01
  -1.6159816e-01
  -1.6173058e-01
  -1.6177576e-01
  -1.6173058e-01
  -1.6159816e-01
  -1.6138761e-01
  -1.6111344e-01
  -1.6079450e-01
  -1.6045274e-01
  -1.6011162e-01
  -1.5979446e-01
  -1.5952282e-01
  -1.5931493e-01
  -1.5918454e-01
  -1.2767666e-01
  -1.2770820e-01
  -1.2780116e-01
  -1.2795037e-01
  -1.2814674e-01
  -1.2837746e-01
  -1.2862687e-01
  -1.2887770e-01
  -1.2911242e-01
  -1.2931458e-01
  -1.2947003e-01
  -1.2956787e-01
  -1.2960127e-01
  -1.2956787e-01
  -1.2947003e-01
  -1.2931458e-01
  -1.2911242e-01
  -1.2887770e-01
  -1.2862687e-01
  -1.2837746e-01
  -1.2814674e-01
  -1.2795037e-01
  -1.2780116e-01
  -1.2770820e-01
  -8.9550938e-02
  -8.9560483e-02
  -8.9589381e-02
  -8.9637699e-02
  -8.9703990e-02
  -8.9784655e-02
  -8.9874217e-02
  -8.9966051e-02
  -9.0053169e-02
  -9.0128916e-02
  -9.0187525e-02
  -9.0224556e-02
  -9.0237217e-02
  -9.0224556e-02
  -9.0187525e-02
  -9.0128916e-02
  -9.0053169e-02
  -8.9966051e-02
  -8.9874217e-02
  -8.9784655e-02
  -8.9703990e-02
  -8.9637699e-02
  -8.9589381e-02
  -8.9560483e-02
  -4.6040136e-02
  -4.6046489e-02
  -4.6066243e-02
  -4.6100583e-02
  -4.6149506e-02
  -4.6210863e-02
  -4.6280510e-02
  -4.6353037e-02
  -4.6422572e-02
  -4.6483461e-02
  -4.6530791e-02
  -4.6560779e-02
  -4.6571045e-02
  -4.6560779e-02
  -4.6530791e-02
  -4.6483461e-02
  -4.6422572e-02
  -4.6353037e-02
  -4.6280510e-02
  -4.6210863e-02
  -4.6149506e-02
  -4.6100583e-02
  -4.6066243e-02
  -4.6046489e-02
   9.0214465e-05
   8.2467982e-05
   5.8594119e-05
   1.7579834e-05
  -4.0254020e-05
  -1.1225499e-04
  -1.9358328e-04
  -2.7799908e-04
  -3.5875709e-04
  -4.2937085e-04
  -4.8420725e-04
  -5.1893063e-04
  -5.3081493e-04
  -5.1893063e-04
  -4.8420725e-04
  -4.2937085e-04
  -3.5875709e-04
  -2.7799908e-04
  -1.9358328e-04
  -1.1225499e-04
  -4.0254020e-05
   1.7579834e-05
   5.8594119e-05
   8.2467982e-05
   4.6143191e-02
   4.6136837e-02
   4.6117084e-02
   4.6082743e-02
   4.6033820e-02
   4.5972463e-02
   4.5902816e-02
   4.5830290e-02
   4.5760755e-02
   4.5699865e-02
   4.5652535e-02
   4.5622548e-02
   4.5612281e-02
   4.5622548e-02
   4.5652535e-02
   4.5699865e-02
   4.5760755e-02
   4.5830290e-02
   4.5902816e-02
   4.5972463e-02
   4.6033820e-02
   4.6082743e-02
   4.6117084e-02
   4.6136837e-02
   8.9846163e-02
   8.9836617e-02
   8.9807719e-02
   8.9759402e-02
   8.9693111e-02
   8.9612445e-02
   8.9522883e-02
   8.9431050e-02
   8.9343931e-02
   8.9268184e-02
   8.9209576e-02
   8.9172545e-02
   8.9159883e-02
   8.9172545e-02
   8.9209576e-02
   8.9268184e-02
   8.9343931e-02
   8.9431050e-02
   8.9522883e-02
   8.9612445e-02
   8.9693111e-02
   8.9759402e-02
   8.9807719e-02
   8.9836617e-02
   1.2926308e-01
   1.2923154e-01
   1.2913857e-01
   1.2898936e-01
   1.2879300e-01
   1.2856228e-01
   1.2831286e-01
   1.2806204e-01
   1.2782732e-01
   1.2762515e-01
   1.2746971e-01
   1.2737186e-01
   1.2733847e-01
   1.2737186e-01
   1.2746971e-01
   1.2762515e-01
   1.2782732e-01
   1.2806204e-01
   1.2831286e-01
   1.2856228e-01
   1.2879300e-01
   1.2898936e-01
   1.2913857e-01
   1.2923154e-01
   1.6149111e-01
   1.6144669e-01
   1.6131630e-01
   1.6110841e-01
   1.6083677e-01
   1.6051962e-01
   1.6017850e-01
   1.5983674e-01
   1.5951780e-01
   1.5924362e-01
   1.5903308e-01
   1.5890066e-01
   1.5885548e-01
   1.5890066e-01
   1.5903308e-01
   1.5924362e-01
   1.5951780e-01
   1.5983674e-01
   1.6017850e-01
   1.6051962e-01
   1.6083677e-01
   1.6110841e-01
   1.6131630e-01
   1.6144669e-01
   1.8370568e-01
   1.8369531e-01
   1.8366488e-01
   1.8361636e-01
   1.8355297e-01
   1.8347896e-01
   1.8339932e-01
   1.8331950e-01
   1.8324497e-01
   1.8318087e-01
   1.8313163e-01
   1.8310065e-01
   1.8309008e-01
   1.8310065e-01
   1.8313163e-01
   1.8318087e-01
   1.8324497e-01
   1.8331950e-01
   1.8339932e-01
   1.8347896e-01
   1.8355297e-01
   1.8361636e-01
   1.8366488e-01
   1.8369531e-01
   1.9623619e-01
   1.9625291e-01
   1.9630192e-01
   1.9637987e-01
   1.9648144e-01
   1.9659971e-01
   1.9672660e-01
   1.9685347e-01
   1.9697167e-01
   1.9707315e-01
   1.9715102e-01
   1.9719996e-01
   1.9721665e-01
   1.9719996e-01
   1.9715102e-01
   1.9707315e-01
   1.9697167e-01
   1.9685347e-01
   1.9672660e-01
   1.9659971e-01
   1.9648144e-01
   1.9637987e-01
   1.9630192e-01
   1.9625291e-01
  -2.9853696e-17
  -1.2471288e-04
  -2.4094687e-04
  -3.4079469e-04
  -4.1745555e-04
  -4.6569805e-04
  -4.8221940e-04
  -4.6587524e-04
  -4.1776273e-04
  -3.4114981e-04
  -2.4125477e-04
  -1.2489080e-04
  -4.9502425e-17
   1.2489080e-04
   2.4125477e-04
   3.4114981e-04
   4.1776273e-04
   4.6587524e-04
   4.8221940e-04
   4.6569805e-04
   4.1745555e-04
   3.4079469e-04
   2.4094687e-04
   1.2471288e-04
  -1.6299534e-17
   8.5876215e-05
   1.6575280e-04
   2.3409497e-04
   2.8623777e-04
   3.1869539e-04
   3.2936565e-04
   3.1763523e-04
   2.8439187e-04
   2.3194801e-04
   1.6387982e-04
   8.4788975e-05
  -4.2176682e-17
  -8.4788975e-05
  -1.6387982e-04
  -2.3194801e-04
  -2.8439187e-04
  -3.1763523e-04
  -3.2936565e-04
  -3.1869539e-04
  -2.8623777e-04
  -2.3409497e-04
  -1.6575280e-04
  -8.5876215e-05
  -1.1014869e-18
   3.5385293e-04
   6.8305996e-04
   9.6490382e-04
   1.1802259e-03
   1.3146391e-03
   1.3593503e-03
   1.3116326e-03
   1.1749462e-03
   9.5868895e-04
   6.7757030e-04
   3.5063617e-04
  -4.0557010e-17
  -3.5063617e-04
  -6.7757030e-04
  -9.5868895e-04
  -1.1749462e-03
  -1.3116326e-03
  -1.3593503e-03
  -1.3146391e-03
  -1.1802259e-03
  -9.6490382e-04
  -6.8305996e-04
  -3.5385293e-04
  -7.1238316e-18
   2.7112243e-04
   5.2242671e-04
   7.3618427e-04
   8.9810352e-04
   9.9792764e-04
   1.0296856e-03
   9.9183619e-04
   8.8729773e-04
   7.2327895e-04
   5.1085154e-04
   2.6425941e-04
  -2.7386944e-17
  -2.6425941e-04
  -5.1085154e-04
  -7.2327895e-04
  -8.8729773e-04
  -9.9183619e-04
  -1.0296856e-03
  -9.9792764e-04
  -8.9810352e-04
  -7.3618427e-04
  -5.2242671e-04
  -2.7112243e-04
  -1.2826071e-17
   1.2094299e-04
   2.3118030e-04
   3.2221699e-04
   3.8851547e-04
   4.2702545e-04
   4.3653464e-04
   4.1734472e-04
   3.7120669e-04
   3.0131174e-04
   2.1220682e-04
   1.0959100e-04
   2.8061937e-18
  -1.0959100e-04
  -2.1220682e-04
  -3.0131174e-04
  -3.7120669e-04
  -4.1734472e-04
  -4.3653464e-04
  -4.2702545e-04
  -3.8851547e-04
  -3.2221699e-04
  -2.3118030e-04
  -1.2094299e-04
   5.3970359e-18
   1.0837441e-04
   2.0596111e-04
   2.8480729e-04
   3.4054254e-04
   3.7142973e-04
   3.7726405e-04
   3.5885673e-04
   3.1797281e-04
   2.5739973e-04
   1.8095225e-04
   9.3353379e-05
   2.4636099e-17
  -9.3353379e-05
  -1.8095225e-04
  -2.5739973e-04
  -3.1797281e-04
  -3.5885673e-04
  -3.7726405e-04
  -3.7142973e-04
  -3.4054254e-04
  -2.8480729e-04
  -2.0596111e-04
  -1.0837441e-04
   2.8671152e-17
   1.2275281e-04
   2.3338987e-04
   3.2294121e-04
   3.8642647e-04
   4.2180722e-04
   4.2876331e-04
   4.0813042e-04
   3.6184987e-04
   2.9305746e-04
   2.0608988e-04
   1.0634362e-04
   1.9712353e-17
  -1.0634362e-04
  -2.0608988e-04
  -2.9305746e-04
  -3.6184987e-04
  -4.0813042e-04
  -4.2876331e-04
  -4.2180722e-04
  -3.8642647e-04
  -3.2294121e-04
  -2.3338987e-04
  -1.2275281e-04
   3.5146395e-17
   1.0837441e-04
   2.0596111e-04
   2.8480729e-04
   3.4054254e-04
   3.7142973e-04
   3.7726405e-04
   3.5885673e-04
   3.1797281e-04
   2.5739973e-04
   1.8095225e-04
   9.3353379e-05
   3.2041695e-17
  -9.3353379e-05
  -1.8095225e-04
  -2.5739973e-04
  -3.1797281e-04
  -3.5885673e-04
  -3.7726405e-04
  -3.7142973e-04
  -3.4054254e-04
  -2.8480729e-04
  -2.0596111e-04
  -1.0837441e-04
   9.9630464e-18
   1.2094299e-04
   2.3118030e-04
   3.2221699e-04
   3.8851547e-04
   4.2702545e-04
   4.3653464e-04
   4.1734472e-04
   3.7120669e-04
   3.0131174e-04
   2.1220682e-04
   1.0959100e-04
   5.1008503e-17
  -1.0959100e-04
  -2.1220682e-04
  -3.0131174e-04
  -3.7120669e-04
  -4.1734472e-04
  -4.3653464e-04
  -4.2702545e-04
  -3.8851547e-04
  -3.2221699e-04
  -2.3118030e-04
  -1.2094299e-04
  -1.0579951e-17
   2.7112243e-04
   5.2242671e-04
   7.3618427e-04
   8.9810352e-04
   9.9792764e-04
   1.0296856e-03
   9.9183619e-04
   8.8729773e-04
   7.2327895e-04
   5.1085154e-04
   2.6425941e-04
   3.7331627e-17
  -2.6425941e-04
  -5.1085154e-04
  -7.2327895e-04
  -8.8729773e-04
  -9.9183619e-04
  -1.0296856e-03
  -9.9792764e-04
  -8.9810352e-04
  -7.3618427e-04
  -5.2242671e-04
  -2.7112243e-04
  -9.8653266e-18
   3.5385293e-04
   6.8305996e-04
   9.6490382e-04
   1.1802259e-03
   1.3146391e-03
   1.3593503e-03
   1.3116326e-03
   1.1749462e-03
   9.5868895e-04
   6.7757030e-04
   3.5063617e-04
  -6.7989283e-18
  -3.5063617e-04
  -6.7757030e-04
  -9.5868895e-04
  -1.1749462e-03
  -1.3116326e-03
  -1.3593503e-03
  -1.3146391e-03
  -1.1802259e-03
  -9.6490382e-04
  -6.8305996e-04
  -3.5385293e-04
  -1.6196818e-17
   8.5876215e-05
   1.6575280e-04
   2.3409497e-04
   2.8623777e-04
   3.1869539e-04
   3.2936565e-04
   3.1763523e-04
   2.8439187e-04
   2.3194801e-04
   1.6387982e-04
   8.4788975e-05
  -3.8315688e-17
  -8.4788975e-05
  -1.6387982e-04
  -2.3194801e-04
  -2.8439187e-04
  -3.1763523e-04
  -3.2936565e-04
  -3.1869539e-04
  -2.8623777e-04
  -2.3409497e-04
  -1.6575280e-04
  -8.5876215e-05
  -2.8192936e-17
  -1.2471288e-04
  -2.4094687e-04
  -3.4079469e-04
  -4.1745555e-04
  -4.6569805e-04
  -4.8221940e-04
  -4.6587524e-04
  -4.1776273e-04
  -3.4114981e-04
  -2.4125477e-04
  -1.2489080e-04
  -5.0453081e-17
   1.2489080e-04
   2.4125477e-04
   3.4114981e-04
   4.1776273e-04
   4.6587524e-04
   4.8221940e-04
   4.6569805e-04
   4.1745555e-04
   3.4079469e-04
   2.4094687e-04
   1.2471288e-04
   6.7715595e-03
   6.7714856e-03
   6.7712746e-03
   6.7709558e-03
   6.7705698e-03
   6.7701596e-03
   6.7697627e-03
   6.7694069e-03
   6.7691094e-03
   6.7688781e-03
   6.7687149e-03
   6.7686182e-03
   6.7685863e-03
   6.7686182e-03
   6.7687149e-03
   6.7688781e-03
   6.7691094e-03
   6.7694069e-03
   6.7697627e-03
   6.7701596e-03
   6.7705698e-03
   6.7709558e-03
   6.7712746e-03
   6.7714856e-03
   3.6940381e-03
   3.6938054e-03
   3.6931641e-03
   3.6922590e-03
   3.6912660e-03
   3.6903349e-03
   3.6895586e-03
   3.6889711e-03
   3.6885634e-03
   3.6883029e-03
   3.6881512e-03
   3.6880749e-03
   3.6880520e-03
   3.6880749e-03
   3.6881512e-03
   3.6883029e-03
   3.6885634e-03
   3.6889711e-03
   3.6895586e-03
   3.6903349e-03
   3.6912660e-03
   3.6922590e-03
   3.6931641e-03
   3.6938054e-03
   1.4357999e-03
   1.4353304e-03
   1.4340844e-03
   1.4324522e-03
   1.4308455e-03
   1.4295407e-03
   1.4286391e-03
   1.4281120e-03
   1.4278666e-03
   1.4277975e-03
   1.4278136e-03
   1.4278490e-03
   1.4278651e-03
   1.4278490e-03
   1.4278136e-03
   1.4277975e-03
   1.4278666e-03
   1.4281120e-03
   1.4286391e-03
   1.4295407e-03
   1.4308455e-03
   1.4324522e-03
   1.4340844e-03
   1.4353304e-03
   7.5394193e-04
   7.5313917e-04
   7.5108922e-04
   7.4859526e-04
   7.4639019e-04
   7.4484299e-04
   7.4398144e-04
   7.4365095e-04
   7.4365189e-04
   7.4381082e-04
   7.4400204e-04
   7.4414543e-04
   7.4419774e-04
   7.4414543e-04
   7.4400204e-04
   7.4381082e-04
   7.4365189e-04
   7.4365095e-04
   7.4398144e-04
   7.4484299e-04
   7.4639019e-04
   7.4859526e-04
   7.5108922e-04
   7.5313917e-04
   5.1098627e-04
   5.0989648e-04
   5.0719703e-04
   5.0409609e-04
   5.0156722e-04
   4.9997451e-04
   4.9922589e-04
   4.9905448e-04
   4.9919741e-04
   4.9945948e-04
   4.9971538e-04
   4.9989281e-04
   4.9995558e-04
   4.9989281e-04
   4.9971538e-04
   4.9945948e-04
   4.9919741e-04
   4.9905448e-04
   4.9922589e-04
   4.9997451e-04
   5.0156722e-04
   5.0409609e-04
   5.0719703e-04
   5.0989648e-04
   2.5593209e-04
   2.5506390e-04
   2.5294683e-04
   2.5058683e-04
   2.4874189e-04
   2.4764170e-04
   2.4716509e-04
   2.4708658e-04
   2.4720912e-04
   2.4739836e-04
   2.4757419e-04
   2.4769325e-04
   2.4773493e-04
   2.4769325e-04
   2.4757419e-04
   2.4739836e-04
   2.4720912e-04
   2.4708658e-04
   2.4716509e-04
   2.4764170e-04
   2.4874189e-04
   2.5058683e-04
   2.5294683e-04
   2.5506390e-04
  -1.0832535e-16
  -1.0557345e-16
  -9.5845696e-17
  -8.1403996e-17
  -6.6914226e-17
  -5.1462969e-17
  -3.5168279e-17
  -1.6148154e-17
   1.1605410e-18
   1.6816780e-17
   2.6351936e-17
   3.3506718e-17
   3.7252827e-17
   3.6511143e-17
   2.8661689e-17
   1.6256362e-17
  -2.8848883e-18
  -2.0677345e-17
  -3.7775022e-17
  -5.3460908e-17
  -7.0745145e-17
  -8.7075516e-17
  -9.8784476e-17
  -1.0554126e-16
  -2.5593209e-04
  -2.5506390e-04
  -2.5294683e-04
  -2.5058683e-04
  -2.4874189e-04
  -2.4764170e-04
  -2.4716509e-04
  -2.4708658e-04
  -2.4720912e-04
  -2.4739836e-04
  -2.4757419e-04
  -2.4769325e-04
  -2.4773493e-04
  -2.4769325e-04
  -2.4757419e-04
  -2.4739836e-04
  -2.4720912e-04
  -2.4708658e-04
  -2.4716509e-04
  -2.4764170e-04
  -2.4874189e-04
  -2.5058683e-04
  -2.5294683e-04
  -2.5506390e-04
  -5.1098627e-04
  -5.0989648e-04
  -5.0719703e-04
  -5.0409609e-04
  -5.0156722e-04
  -4.9997451e-04
  -4.9922589e-04
  -4.9905448e-04
  -4.9919741e-04
  -4.9945948e-04
  -4.9971538e-04
  -4.9989281e-04
  -4.9995558e-04
  -4.9989281e-04
  -4.9971538e-04
  -4.9945948e-04
  -4.9919741e-04
  -4.9905448e-04
  -4.9922589e-04
  -4.9997451e-04
  -5.0156722e-04
  -5.0409609e-04
  -5.0719703e-04
  -5.0989648e-04
  -7.5394193e-04
  -7.5313917e-04
  -7.5108922e-04
  -7.4859526e-04
  -7.4639019e-04
  -7.4484299e-04
  -7.4398144e-04
  -7.4365095e-04
  -7.4365189e-04
  -7.4381082e-04
  -7.4400204e-04
  -7.4414543e-04
  -7.4419774e-04
  -7.4414543e-04
  -7.4400204e-04
  -7.4381082e-04
  -7.4365189e-04
  -7.4365095e-04
  -7.4398144e-04
  -7.4484299e-04
  -7.4639019e-04
  -7.4859526e-04
  -7.5108922e-04
  -7.5313917e-04
  -1.4357999e-03
  -1.4353304e-03
  -1.4340844e-03
  -1.4324522e-03
  -1.4308455e-03
  -1.4295407e-03
  -1.4286391e-03
  -1.4281120e-03
  -1.4278666e-03
  -1.4277975e-03
  -1.4278136e-03
  -1.4278490e-03
  -1.4278651e-03
  -1.4278490e-03
  -1.4278136e-03
  -1.4277975e-03
  -1.4278666e-03
  -1.4281120e-03
  -1.4286391e-03
  -1.4295407e-03
  -1.4308455e-03
  -1.4324522e-03
  -1.4340844e-03
  -1.4353304e-03
  -3.6940381e-03
  -3.6938054e-03
  -3.6931641e-03
  -3.6922590e-03
  -3.6912660e-03
  -3.6903349e-03
  -3.6895586e-03
  -3.6889711e-03
  -3.6885634e-03
  -3.6883029e-03
  -3.6881512e-03
  -3.6880749e-03
  -3.6880520e-03
  -3.6880749e-03
  -3.6881512e-03
  -3.6883029e-03
  -3.6885634e-03
  -3.6889711e-03
  -3.6895586e-03
  -3.6903349e-03
  -3.6912660e-03
  -3.6922590e-03
  -3.6931641e-03
  -3.6938054e-03
  -6.7715595e-03
  -6.7714856e-03
  -6.7712746e-03
  -6.7709558e-03
  -6.7705698e-03
  -6.7701596e-03
  -6.7697627e-03
  -6.7694069e-03
  -6.7691094e-03
  -6.7688781e-03
  -6.7687149e-03
  -6.7686182e-03
  -6.7685863e-03
  -6.7686182e-03
  -6.7687149e-03
  -6.7688781e-03
  -6.7691094e-03
  -6.7694069e-03
  -6.7697627e-03
  -6.7701596e-03
  -6.7705698e-03
  -6.7709558e-03
  -6.7712746e-03
  -6.7714856e-03
  -1.9721665e-01
  -1.9719996e-01
  -1.9715102e-01
  -1.9707315e-01
  -1.9697167e-01
  -1.9685347e-01
  -1.9672660e-01
  -1.9659971e-01
  -1.9648144e-01
  -1.9637987e-01
  -1.9630192e-01
  -1.9625291e-01
  -1.9623619e-01
  -1.9625291e-01
  -1.9630192e-01
  -1.9637987e-01
  -1.9648144e-01
  -1.9659971e-01
  -1.9672660e-01
  -1.9685347e-01
  -1.9697167e-01
  -1.9707315e-01
  -1.9715102e-01
  -1.9719996e-01
  -1.8309008e-01
  -1.8310065e-01
  -1.8313163e-01
  -1.8318087e-01
  -1.8324497e-01
  -1.8331950e-01
  -1.8339932e-01
  -1.8347896e-01
  -1.8355297e-01
  -1.8361636e-01
  -1.8366488e-01
  -1.8369531e-01
  -1.8370568e-01
  -1.8369531e-01
  -1.8366488e-01
  -1.8361636e-01
  -1.8355297e-01
  -1.8347896e-01
  -1.8339932e-01
  -1.8331950e-01
  -1.8324497e-01
  -1.8318087e-01
  -1.8313163e-01
  -1.8310065e-01
  -1.5885548e-01
  -1.5890066e-01
  -1.5903308e-01
  -1.5924362e-01
  -1.5951780e-01
  -1.5983674e-01
  -1.6017850e-01
  -1.6051962e-01
  -1.6083677e-01
  -1.6110841e-01
  -1.6131630e-01
  -1.6144669e-01
  -1.6149111e-01
  -1.6144669e-01
  -1.6131630e-01
  -1.6110841e-01
  -1.6083677e-01
  -1.6051962e-01
  -1.6017850e-01
  -1.5983674e-01
  -1.5951780e-01
  -1.5924362e-01
  -1.5903308e-01
  -1.5890066e-01
  -1.2733847e-01
  -1.2737186e-01
  -1.2746971e-01
  -1.2762515e-01
  -1.2782732e-01
  -1.2806204e-01
  -1.2831286e-01
  -1.2856228e-01
  -1.2879300e-01
  -1.2898936e-01
  -1.2913857e-01
  -1.2923154e-01
  -1.2926308e-01
  -1.2923154e-01
  -1.2913857e-01
  -1.2898936e-01
  -1.2879300e-01
  -1.2856228e-01
  -1.2831286e-01
  -1.2806204e-01
  -1.2782732e-01
  -1.2762515e-01
  -1.2746971e-01
  -1.2737186e-01
  -8.9159883e-02
  -8.9172545e-02
  -8.9209576e-02
  -8.9268184e-02
  -8.9343931e-02
  -8.9431050e-02
  -8.9522883e-02
  -8.9612445e-02
  -8.9693111e-02
  -8.9759402e-02
  -8.9807719e-02
  -8.9836617e-02
  -8.9846163e-02
  -8.9836617e-02
  -8.9807719e-02
  -8.9759402e-02
  -8.9693111e-02
  -8.9612445e-02
  -8.9522883e-02
  -8.9431050e-02
  -8.9343931e-02
  -8.9268184e-02
  -8.9209576e-02
  -8.9172545e-02
  -4.5612281e-02
  -4.5622548e-02
  -4.5652535e-02
  -4.5699865e-02
  -4.5760755e-02
  -4.5830290e-02
  -4.5902816e-02
  -4.5972463e-02
  -4.6033820e-02
  -4.6082743e-02
  -4.6117084e-02
  -4.6136837e-02
  -4.6143191e-02
  -4.6136837e-02
  -4.6117084e-02
  -4.6082743e-02
  -4.6033820e-02
  -4.5972463e-02
  -4.5902816e-02
  -4.5830290e-02
  -4.5760755e-02
  -4.5699865e-02
  -4.5652535e-02
  -4.5622548e-02
   5.3081493e-04
   5.1893063e-04
   4.8420725e-04
   4.2937085e-04
   3.5875709e-04
   2.7799908e-04
   1.9358328e-04
   1.1225499e-04
   4.0254020e-05
  -1.7579834e-05
  -5.8594119e-05
  -8.2467982e-05
  -9.0214465e-05
  -8.2467982e-05
  -5.8594119e-05
  -1.7579834e-05
   4.0254020e-05
   1.1225499e-04
   1.9358328e-04
   2.7799908e-04
   3.5875709e-04
   4.2937085e-04
   4.8420725e-04
   5.1893063e-04
   4.6571045e-02
   4.6560779e-02
   4.6530791e-02
   4.6483461e-02
   4.6422572e-02
   4.6353037e-02
   4.6280510e-02
   4.6210863e-02
   4.6149506e-02
   4.6100583e-02
   4.6066243e-02
   4.6046489e-02
   4.6040136e-02
   4.6046489e-02
   4.6066243e-02
   4.6100583e-02
   4.6149506e-02
   4.6210863e-02
   4.6280510e-02
   4.6353037e-02
   4.6422572e-02
   4.6483461e-02
   4.6530791e-02
   4.6560779e-02
   9.0237217e-02
   9.0224556e-02
   9.0187525e-02
   9.0128916e-02
   9.0053169e-02
   8.9966051e-02
   8.9874217e-02
   8.9784655e-02
   8.9703990e-02
   8.9637699e-02
   8.9589381e-02
   8.9560483e-02
   8.9550938e-02
   8.9560483e-02
   8.9589381e-02
   8.9637699e-02
   8.9703990e-02
   8.9784655e-02
   8.9874217e-02
   8.9966051e-02
   9.0053169e-02
   9.0128916e-02
   9.0187525e-02
   9.0224556e-02
   1.2960127e-01
   1.2956787e-01
   1.2947003e-01
   1.2931458e-01
   1.2911242e-01
   1.2887770e-01
   1.2862687e-01
   1.2837746e-01
   1.2814674e-01
   1.2795037e-01
   1.2780116e-01
   1.2770820e-01
   1.2767666e-01
   1.2770820e-01
   1.2780116e-01
   1.2795037e-01
   1.2814674e-01
   1.2837746e-01
   1.2862687e-01
   1.2887770e-01
   1.2911242e-01
   1.2931458e-01
   1.2947003e-01
   1.2956787e-01
   1.6177576e-01
   1.6173058e-01
   1.6159816e-01
   1.6138761e-01
   1.6111344e-01
   1.6079450e-01
   1.6045274e-01
   1.6011162e-01
   1.5979446e-01
   1.5952282e-01
   1.5931493e-01
   1.5918454e-01
   1.5914013e-01
   1.5918454e-01
   1.5931493e-01
   1.5952282e-01
   1.5979446e-01
   1.6011162e-01
   1.6045274e-01
   1.6079450e-01
   1.6111344e-01
   1.6138761e-01
   1.6159816e-01
   1.6173058e-01
   1.8394928e-01
   1.8393871e-01
   1.8390773e-01
   1.8385849e-01
   1.8379439e-01
   1.8371986e-01
   1.8364004e-01
   1.8356040e-01
   1.8348639e-01
   1.8342300e-01
   1.8337448e-01
   1.8334405e-01
   1.8333368e-01
   1.8334405e-01
   1.8337448e-01
   1.8342300e-01
   1.8348639e-01
   1.8356040e-01
   1.8364004e-01
   1.8371986e-01
   1.8379439e-01
   1.8385849e-01
   1.8390773e-01
   1.8393871e-01
   1.9645657e-01
   1.9647326e-01
   1.9652220e-01
   1.9660007e-01
   1.9670155e-01
   1.9681976e-01
   1.9694662e-01
   1.9707351e-01
   1.9719178e-01
   1.9729335e-01
   1.9737131e-01
   1.9742032e-01
   1.9743703e-01
   1.9742032e-01
   1.9737131e-01
   1.9729335e-01
   1.9719178e-01
   1.9707351e-01
   1.9694662e-01
   1.9681976e-01
   1.9670155e-01
   1.9660007e-01
   1.9652220e-01
   1.9647326e-01
   7.9580400e-18
  -1.2489080e-04
  -2.4125477e-04
  -3.4114981e-04
  -4.1776273e-04
  -4.6587524e-04
  -4.8221940e-04
  -4.6569805e-04
  -4.1745555e-04
  -3.4079469e-04
  -2.4094687e-04
  -1.2471288e-04
  -2.2271878e-17
   1.2471288e-04
   2.4094687e-04
   3.4079469e-04
   4.1745555e-04
   4.6569805e-04
   4.8221940e-04
   4.6587524e-04
   4.1776273e-04
   3.4114981e-04
   2.4125477e-04
   1.2489080e-04
   2.2942602e-17
   8.4788975e-05
   1.6387982e-04
   2.3194801e-04
   2.8439187e-04
   3.1763523e-04
   3.2936565e-04
   3.1869539e-04
   2.8623777e-04
   2.3409497e-04
   1.6575280e-04
   8.5876215e-05
   4.5912494e-18
  -8.5876215e-05
  -1.6575280e-04
  -2.3409497e-04
  -2.8623777e-04
  -3.1869539e-04
  -3.2936565e-04
  -3.1763523e-04
  -2.8439187e-04
  -2.3194801e-04
  -1.6387982e-04
  -8.4788975e-05
   6.3362405e-17
   3.5063617e-04
   6.7757030e-04
   9.5868895e-04
   1.1749462e-03
   1.3116326e-03
   1.3593503e-03
   1.3146391e-03
   1.1802259e-03
   9.6490382e-04
   6.8305996e-04
   3.5385293e-04
   1.1656636e-17
  -3.5385293e-04
  -6.8305996e-04
  -9.6490382e-04
  -1.1802259e-03
  -1.3146391e-03
  -1.3593503e-03
  -1.3116326e-03
  -1.1749462e-03
  -9.5868895e-04
  -6.7757030e-04
  -3.5063617e-04
   1.4003174e-16
   2.6425941e-04
   5.1085154e-04
   7.2327895e-04
   8.8729773e-04
   9.9183619e-04
   1.0296856e-03
   9.9792764e-04
   8.9810352e-04
   7.3618427e-04
   5.2242671e-04
   2.7112243e-04
   1.9742108e-17
  -2.7112243e-04
  -5.2242671e-04
  -7.3618427e-04
  -8.9810352e-04
  -9.9792764e-04
  -1.0296856e-03
  -9.9183619e-04
  -8.8729773e-04
  -7.2327895e-04
  -5.1085154e-04
  -2.6425941e-04
   1.7862557e-16
   1.0959100e-04
   2.1220682e-04
   3.0131174e-04
   3.7120669e-04
   4.1734472e-04
   4.3653464e-04
   4.2702545e-04
   3.8851547e-04
   3.2221699e-04
   2.3118030e-04
   1.2094299e-04
   2.5476997e-17
  -1.2094299e-04
  -2.3118030e-04
  -3.2221699e-04
  -3.8851547e-04
  -4.2702545e-04
  -4.3653464e-04
  -4.1734472e-04
  -3.7120669e-04
  -3.0131174e-04
  -2.1220682e-04
  -1.0959100e-04
   1.8171934e-16
   9.3353379e-05
   1.8095225e-04
   2.5739973e-04
   3.1797281e-04
   3.5885673e-04
   3.7726405e-04
   3.7142973e-04
   3.4054254e-04
   2.8480729e-04
   2.0596111e-04
   1.0837441e-04
   3.6678207e-17
  -1.0837441e-04
  -2.0596111e-04
  -2.8480729e-04
  -3.4054254e-04
  -3.7142973e-04
  -3.7726405e-04
  -3.5885673e-04
  -3.1797281e-04
  -2.5739973e-04
  -1.8095225e-04
  -9.3353379e-05
   1.3516718e-16
   1.0634362e-04
   2.0608988e-04
   2.9305746e-04
   3.6184987e-04
   4.0813042e-04
   4.2876331e-04
   4.2180722e-04
   3.8642647e-04
   3.2294121e-04
   2.3338987e-04
   1.2275281e-04
   4.6851202e-17
  -1.2275281e-04
  -2.3338987e-04
  -3.2294121e-04
  -3.8642647e-04
  -4.2180722e-04
  -4.2876331e-04
  -4.0813042e-04
  -3.6184987e-04
  -2.9305746e-04
  -2.0608988e-04
  -1.0634362e-04
   7.4534730e-17
   9.3353379e-05
   1.8095225e-04
   2.5739973e-04
   3.1797281e-04
   3.5885673e-04
   3.7726405e-04
   3.7142973e-04
   3.4054254e-04
   2.8480729e-04
   2.0596111e-04
   1.0837441e-04
   4.1987489e-17
  -1.0837441e-04
  -2.0596111e-04
  -2.8480729e-04
  -3.4054254e-04
  -3.7142973e-04
  -3.7726405e-04
  -3.5885673e-04
  -3.1797281e-04
  -2.5739973e-04
  -1.8095225e-04
  -9.3353379e-05
   6.8821606e-17
   1.0959100e-04
   2.1220682e-04
   3.0131174e-04
   3.7120669e-04
   4.1734472e-04
   4.3653464e-04
   4.2702545e-04
   3.8851547e-04
   3.2221699e-04
   2.3118030e-04
   1.2094299e-04
   3.1858517e-17
  -1.2094299e-04
  -2.3118030e-04
  -3.2221699e-04
  -3.8851547e-04
  -4.2702545e-04
  -4.3653464e-04
  -4.1734472e-04
  -3.7120669e-04
  -3.0131174e-04
  -2.1220682e-04
  -1.0959100e-04
   9.6831926e-17
   2.6425941e-04
   5.1085154e-04
   7.2327895e-04
   8.8729773e-04
   9.9183619e-04
   1.0296856e-03
   9.9792764e-04
   8.9810352e-04
   7.3618427e-04
   5.2242671e-04
   2.7112243e-04
   1.9887288e-17
  -2.7112243e-04
  -5.2242671e-04
  -7.3618427e-04
  -8.9810352e-04
  -9.9792764e-04
  -1.0296856e-03
  -9.9183619e-04
  -8.8729773e-04
  -7.2327895e-04
  -5.1085154e-04
  -2.6425941e-04
   8.8804979e-17
   3.5063617e-04
   6.7757030e-04
   9.5868895e-04
   1.1749462e-03
   1.3116326e-03
   1.3593503e-03
   1.3146391e-03
   1.1802259e-03
   9.6490382e-04
   6.8305996e-04
   3.5385293e-04
   1.6126051e-19
  -3.5385293e-04
  -6.8305996e-04
  -9.6490382e-04
  -1.1802259e-03
  -1.3146391e-03
  -1.3593503e-03
  -1.3116326e-03
  -1.1749462e-03
  -9.5868895e-04
  -6.7757030e-04
  -3.5063617e-04
   5.0341656e-17
   8.4788975e-05
   1.6387982e-04
   2.3194801e-04
   2.8439187e-04
   3.1763523e-04
   3.2936565e-04
   3.1869539e-04
   2.8623777e-04
   2.3409497e-04
   1.6575280e-04
   8.5876215e-05
  -6.9490848e-18
  -8.5876215e-05
  -1.6575280e-04
  -2.3409497e-04
  -2.8623777e-04
  -3.1869539e-04
  -3.2936565e-04
  -3.1763523e-04
  -2.8439187e-04
  -2.3194801e-04
  -1.6387982e-04
  -8.4788975e-05
   1.1451813e-17
  -1.2489080e-04
  -2.4125477e-04
  -3.4114981e-04
  -4.1776273e-04
  -4.6587524e-04
  -4.8221940e-04
  -4.6569805e-04
  -4.1745555e-04
  -3.4079469e-04
  -2.4094687e-04
  -1.2471288e-04
  -1.6440043e-17
   1.2471288e-04
   2.4094687e-04
   3.4079469e-04
   4.1745555e-04
   4.6569805e-04
   4.8221940e-04
   4.6587524e-04
   4.1776273e-04
   3.4114981e-04
   2.4125477e-04
   1.2489080e-04
   6.7685863e-03
   6.7686182e-03
   6.7687149e-03
   6.7688781e-03
   6.7691094e-03
   6.7694069e-03
   6.7697627e-03
   6.7701596e-03
   6.7705698e-03
   6.7709558e-03
   6.7712746e-03
   6.7714856e-03
   6.7715595e-03
   6.7714856e-03
   6.7712746e-03
   6.7709558e-03
   6.7705698e-03
   6.7701596e-03
   6.7697627e-03
   6.7694069e-03
   6.7691094e-03
   6.7688781e-03
   6.7687149e-03
   6.7686182e-03
   3.6880520e-03
   3.6880749e-03
   3.6881512e-03
   3.6883029e-03
   3.6885634e-03
   3.6889711e-03
   3.6895586e-03
   3.6903349e-03
   3.6912660e-03
   3.6922590e-03
   3.6931641e-03
   3.6938054e-03
   3.6940381e-03
   3.6938054e-03
   3.6931641e-03
   3.6922590e-03
   3.6912660e-03
   3.6903349e-03
   3.6895586e-03
   3.6889711e-03
   3.6885634e-03
   3.6883029e-03
   3.6881512e-03
   3.6880749e-03
   1.4278651e-03
   1.4278490e-03
   1.4278136e-03
   1.4277975e-03
   1.4278666e-03
   1.4281120e-03
   1.4286391e-03
   1.4295407e-03
   1.4308455e-03
   1.4324522e-03
   1.4340844e-03
   1.4353304e-03
   1.4357999e-03
   1.4353304e-03
   1.4340844e-03
   1.4324522e-03
   1.4308455e-03
   1.4295407e-03
   1.4286391e-03
   1.4281120e-03
   1.4278666e-03
   1.4277975e-03
   1.4278136e-03
   1.4278490e-03
   7.4419774e-04
   7.4414543e-04
   7.4400204e-04
   7.4381082e-04
   7.4365189e-04
   7.4365095e-04
   7.4398144e-04
   7.4484299e-04
   7.4639019e-04
   7.4859526e-04
   7.5108922e-04
   7.5313917e-04
   7.5394193e-04
   7.5313917e-04
   7.5108922e-04
   7.4859526e-04
   7.4639019e-04
   7.4484299e-04
   7.4398144e-04
   7.4365095e-04
   7.4365189e-04
   7.4381082e-04
   7.4400204e-04
   7.4414543e-04
   4.9995558e-04
   4.9989281e-04
   4.9971538e-04
   4.9945948e-04
   4.9919741e-04
   4.9905448e-04
   4.9922589e-04
   4.9997451e-04
   5.0156722e-04
   5.0409609e-04
   5.0719703e-04
   5.0989648e-04
   5.1098627e-04
   5.0989648e-04
   5.0719703e-04
   5.0409609e-04
   5.0156722e-04
   4.9997451e-04
   4.9922589e-04
   4.9905448e-04
   4.9919741e-04
   4.9945948e-04
   4.9971538e-04
   4.9989281e-04
   2.4773493e-04
   2.4769325e-04
   2.4757419e-04
   2.4739836e-04
   2.4720912e-04
   2.4708658e-04
   2.4716509e-04
   2.4764170e-04
   2.4874189e-04
   2.5058683e-04
   2.5294683e-04
   2.5506390e-04
   2.5593209e-04
   2.5506390e-04
   2.5294683e-04
   2.5058683e-04
   2.4874189e-04
   2.4764170e-04
   2.4716509e-04
   2.4708658e-04
   2.4720912e-04
   2.4739836e-04
   2.4757419e-04
   2.4769325e-04
   3.7912136e-17
   3.8125906e-17
   3.0089998e-17
   1.8336993e-17
   2.4176438e-18
  -1.4175520e-17
  -3.4740845e-17
  -5.3418980e-17
  -7.1372426e-17
  -8.7357367e-17
  -1.0021099e-16
  -1.0513871e-16
  -1.0770659e-16
  -1.0474600e-16
  -9.5957080e-17
  -8.5512211e-17
  -6.8711207e-17
  -5.0615248e-17
  -3.1702061e-17
  -1.1940200e-17
   5.1703420e-18
   2.1827086e-17
   3.1116549e-17
   3.3629220e-17
  -2.4773493e-04
  -2.4769325e-04
  -2.4757419e-04
  -2.4739836e-04
  -2.4720912e-04
  -2.4708658e-04
  -2.4716509e-04
  -2.4764170e-04
  -2.4874189e-04
  -2.5058683e-04
  -2.5294683e-04
  -2.5506390e-04
  -2.5593209e-04
  -2.5506390e-04
  -2.5294683e-04
  -2.5058683e-04
  -2.4874189e-04
  -2.4764170e-04
  -2.4716509e-04
  -2.4708658e-04
  -2.4720912e-04
  -2.4739836e-04
  -2.4757419e-04
  -2.4769325e-04
  -4.9995558e-04
  -4.9989281e-04
  -4.9971538e-04
  -4.9945948e-04
  -4.9919741e-04
  -4.9905448e-04
  -4.9922589e-04
  -4.9997451e-04
  -5.0156722e-04
  -5.0409609e-04
  -5.0719703e-04
  -5.0989648e-04
  -5.1098627e-04
  -5.0989648e-04
  -5.0719703e-04
  -5.0409609e-04
  -5.0156722e-04
  -4.9997451e-04
  -4.9922589e-04
  -4.9905448e-04
  -4.9919741e-04
  -4.9945948e-04
  -4.9971538e-04
  -4.9989281e-04
  -7.4419774e-04
  -7.4414543e-04
  -7.4400204e-04
  -7.4381082e-04
  -7.4365189e-04
  -7.4365095e-04
  -7.4398144e-04
  -7.4484299e-04
  -7.4639019e-04
  -7.4859526e-04
  -7.5108922e-04
  -7.5313917e-04
  -7.5394193e-04
  -7.5313917e-04
  -7.5108922e-04
  -7.4859526e-04
  -7.4639019e-04
  -7.4484299e-04
  -7.4398144e-04
  -7.4365095e-04
  -7.4365189e-04
  -7.4381082e-04
  -7.4400204e-04
  -7.4414543e-04
  -1.4278651e-03
  -1.4278490e-03
  -1.4278136e-03
  -1.4277975e-03
  -1.4278666e-03
  -1.4281120e-03
  -1.4286391e-03
  -1.4295407e-03
  -1.4308455e-03
  -1.4324522e-03
  -1.4340844e-03
  -1.4353304e-03
  -1.4357999e-03
  -1.4353304e-03
  -1.4340844e-03
  -1.4324522e-03
  -1.4308455e-03
  -1.4295407e-03
  -1.4286391e-03
  -1.4281120e-03
  -1.4278666e-03
  -1.4277975e-03
  -1.4278136e-03
  -1.4278490e-03
  -3.6880520e-03
  -3.6880749e-03
  -3.6881512e-03
  -3.6883029e-03
  -3.6885634e-03
  -3.6889711e-03
  -3.6895586e-03
  -3.6903349e-03
  -3.6912660e-03
  -3.6922590e-03
  -3.6931641e-03
  -3.6938054e-03
  -3.6940381e-03
  -3.6938054e-03
  -3.6931641e-03
  -3.6922590e-03
  -3.6912660e-03
  -3.6903349e-03
  -3.6895586e-03
  -3.6889711e-03
  -3.6885634e-03
  -3.6883029e-03
  -3.6881512e-03
  -3.6880749e-03
  -6.7685863e-03
  -6.7686182e-03
  -6.7687149e-03
  -6.7688781e-03
  -6.7691094e-03
  -6.7694069e-03
  -6.7697627e-03
  -6.7701596e-03
  -6.7705698e-03
  -6.7709558e-03
  -6.7712746e-03
  -6.7714856e-03
  -6.7715595e-03
  -6.7714856e-03
  -6.7712746e-03
  -6.7709558e-03
  -6.7705698e-03
  -6.7701596e-03
  -6.7697627e-03
  -6.7694069e-03
  -6.7691094e-03
  -6.7688781e-03
  -6.7687149e-03
  -6.7686182e-03
