  -4.8709162e-04
  -4.7049437e-04
  -4.2183371e-04
  -3.4442578e-04
  -2.4354581e-04
  -1.2606859e-04
  -6.7978629e-18
   1.2606859e-04
   2.4354581e-04
   3.4442578e-04
   4.2183371e-04
   4.7049437e-04
   4.8709162e-04
   4.7049437e-04
   4.2183371e-04
   3.4442578e-04
   2.4354581e-04
   1.2606859e-04
  -2.8079566e-17
  -1.2606859e-04
  -2.4354581e-04
  -3.4442578e-04
  -4.2183371e-04
  -4.7049437e-04
   3.1740443e-04
   3.0658913e-04
   2.7488030e-04
   2.2443882e-04
   1.5870221e-04
   8.2150311e-05
   7.2811799e-17
  -8.2150311e-05
  -1.5870221e-04
  -2.2443882e-04
  -2.7488030e-04
  -3.0658913e-04
  -3.1740443e-04
  -3.0658913e-04
  -2.7488030e-04
  -2.2443882e-04
  -1.5870221e-04
  -8.2150311e-05
   7.1251564e-17
   8.2150311e-05
   1.5870221e-04
   2.2443882e-04
   2.7488030e-04
   3.0658913e-04
   1.3388546e-03
   1.2932342e-03
   1.1594821e-03
   9.4671317e-04
   6.6942730e-04
   3.4652107e-04
   1.4506117e-16
  -3.4652107e-04
  -6.6942730e-04
  -9.4671317e-04
  -1.1594821e-03
  -1.2932342e-03
  -1.3388546e-03
  -1.2932342e-03
  -1.1594821e-03
  -9.4671317e-04
  -6.6942730e-04
  -3.4652107e-04
   1.7333110e-16
   3.4652107e-04
   6.6942730e-04
   9.4671317e-04
   1.1594821e-03
   1.2932342e-03
   9.9960331e-04
   9.6554266e-04
   8.6568186e-04
   7.0682628e-04
   4.9980166e-04
   2.5871637e-04
  -3.6769700e-18
  -2.5871637e-04
  -4.9980166e-04
  -7.0682628e-04
  -8.6568186e-04
  -9.6554266e-04
  -9.9960331e-04
  -9.6554266e-04
  -8.6568186e-04
  -7.0682628e-04
  -4.9980166e-04
  -2.5871637e-04
   7.4908947e-17
   2.5871637e-04
   4.9980166e-04
   7.0682628e-04
   8.6568186e-04
   9.6554266e-04
   3.9728241e-04
   3.8374534e-04
   3.4405666e-04
   2.8092109e-04
   1.9864121e-04
   1.0282425e-04
  -8.5087636e-17
  -1.0282425e-04
  -1.9864121e-04
  -2.8092109e-04
  -3.4405666e-04
  -3.8374534e-04
  -3.9728241e-04
  -3.8374534e-04
  -3.4405666e-04
  -2.8092109e-04
  -1.9864121e-04
  -1.0282425e-04
   4.7222299e-17
   1.0282425e-04
   1.9864121e-04
   2.8092109e-04
   3.4405666e-04
   3.8374534e-04
   3.3132310e-04
   3.2003354e-04
   2.8693422e-04
   2.3428081e-04
   1.6566155e-04
   8.5752728e-05
   4.3929670e-17
  -8.5752728e-05
  -1.6566155e-04
  -2.3428081e-04
  -2.8693422e-04
  -3.2003354e-04
  -3.3132310e-04
  -3.2003354e-04
  -2.8693422e-04
  -2.3428081e-04
  -1.6566155e-04
  -8.5752728e-05
   2.3572567e-16
   8.5752728e-05
   1.6566155e-04
   2.3428081e-04
   2.8693422e-04
   3.2003354e-04
   3.8036749e-04
   3.6740678e-04
   3.2940791e-04
   2.6896043e-04
   1.9018375e-04
   9.8446351e-05
   3.4770279e-17
  -9.8446351e-05
  -1.9018375e-04
  -2.6896043e-04
  -3.2940791e-04
  -3.6740678e-04
  -3.8036749e-04
  -3.6740678e-04
  -3.2940791e-04
  -2.6896043e-04
  -1.9018375e-04
  -9.8446351e-05
   2.7118316e-16
   9.8446351e-05
   1.9018375e-04
   2.6896043e-04
   3.2940791e-04
   3.6740678e-04
   3.3132310e-04
   3.2003354e-04
   2.8693422e-04
   2.3428081e-04
   1.6566155e-04
   8.5752728e-05
  -6.8931541e-18
  -8.5752728e-05
  -1.6566155e-04
  -2.3428081e-04
  -2.8693422e-04
  -3.2003354e-04
  -3.3132310e-04
  -3.2003354e-04
  -2.8693422e-04
  -2.3428081e-04
  -1.6566155e-04
  -8.5752728e-05
   1.9775424e-16
   8.5752728e-05
   1.6566155e-04
   2.3428081e-04
   2.8693422e-04
   3.2003354e-04
   3.9728241e-04
   3.8374534e-04
   3.4405666e-04
   2.8092109e-04
   1.9864121e-04
   1.0282425e-04
   7.1718280e-18
  -1.0282425e-04
  -1.9864121e-04
  -2.8092109e-04
  -3.4405666e-04
  -3.8374534e-04
  -3.9728241e-04
  -3.8374534e-04
  -3.4405666e-04
  -2.8092109e-04
  -1.9864121e-04
  -1.0282425e-04
   1.3857337e-16
   1.0282425e-04
   1.9864121e-04
   2.8092109e-04
   3.4405666e-04
   3.8374534e-04
   9.9960331e-04
   9.6554266e-04
   8.6568186e-04
   7.0682628e-04
   4.9980166e-04
   2.5871637e-04
   3.5702439e-17
  -2.5871637e-04
  -4.9980166e-04
  -7.0682628e-04
  -8.6568186e-04
  -9.6554266e-04
  -9.9960331e-04
  -9.6554266e-04
  -8.6568186e-04
  -7.0682628e-04
  -4.9980166e-04
  -2.5871637e-04
   8.9578816e-17
   2.5871637e-04
   4.9980166e-04
   7.0682628e-04
   8.6568186e-04
   9.6554266e-04
   1.3388546e-03
   1.2932342e-03
   1.1594821e-03
   9.4671317e-04
   6.6942730e-04
   3.4652107e-04
  -8.6937768e-17
  -3.4652107e-04
  -6.6942730e-04
  -9.4671317e-04
  -1.1594821e-03
  -1.2932342e-03
  -1.3388546e-03
  -1.2932342e-03
  -1.1594821e-03
  -9.4671317e-04
  -6.6942730e-04
  -3.4652107e-04
  -8.5359818e-17
   3.4652107e-04
   6.6942730e-04
   9.4671317e-04
   1.1594821e-03
   1.2932342e-03
   3.1740443e-04
   3.0658913e-04
   2.7488030e-04
   2.2443882e-04
   1.5870221e-04
   8.2150311e-05
  -1.1763594e-17
  -8.2150311e-05
  -1.5870221e-04
  -2.2443882e-04
  -2.7488030e-04
  -3.0658913e-04
  -3.1740443e-04
  -3.0658913e-04
  -2.7488030e-04
  -2.2443882e-04
  -1.5870221e-04
  -8.2150311e-05
  -3.3633984e-17
   8.2150311e-05
   1.5870221e-04
   2.2443882e-04
   2.7488030e-04
   3.0658913e-04
  -4.8709162e-04
  -4.7049437e-04
  -4.2183371e-04
  -3.4442578e-04
  -2.4354581e-04
  -1.2606859e-04
  -2.6468509e-17
   1.2606859e-04
   2.4354581e-04
   3.4442578e-04
   4.2183371e-04
   4.7049437e-04
   4.8709162e-04
   4.7049437e-04
   4.2183371e-04
   3.4442578e-04
   2.4354581e-04
   1.2606859e-04
  -4.5861752e-17
  -1.2606859e-04
  -2.4354581e-04
  -3.4442578e-04
  -4.2183371e-04
  -4.7049437e-04
  -3.0845022e-17
  -1.2606859e-04
  -2.4354581e-04
  -3.4442578e-04
  -4.2183371e-04
  -4.7049437e-04
  -4.8709162e-04
  -4.7049437e-04
  -4.2183371e-04
  -3.4442578e-04
  -2.4354581e-04
  -1.2606859e-04
  -5.0462835e-17
   1.2606859e-04
   2.4354581e-04
   3.4442578e-04
   4.2183371e-04
   4.7049437e-04
   4.8709162e-04
   4.7049437e-04
   4.2183371e-04
   3.4442578e-04
   2.4354581e-04
   1.2606859e-04
  -1.7567569e-17
   8.2150311e-05
   1.5870221e-04
   2.2443882e-04
   2.7488030e-04
   3.0658913e-04
   3.1740443e-04
   3.0658913e-04
   2.7488030e-04
   2.2443882e-04
   1.5870221e-04
   8.2150311e-05
  -4.3091319e-17
  -8.2150311e-05
  -1.5870221e-04
  -2.2443882e-04
  -2.7488030e-04
  -3.0658913e-04
  -3.1740443e-04
  -3.0658913e-04
  -2.7488030e-04
  -2.2443882e-04
  -1.5870221e-04
  -8.2150311e-05
  -2.4256906e-18
   3.4652107e-04
   6.6942730e-04
   9.4671317e-04
   1.1594821e-03
   1.2932342e-03
   1.3388546e-03
   1.2932342e-03
   1.1594821e-03
   9.4671317e-04
   6.6942730e-04
   3.4652107e-04
  -4.1451675e-17
  -3.4652107e-04
  -6.6942730e-04
  -9.4671317e-04
  -1.1594821e-03
  -1.2932342e-03
  -1.3388546e-03
  -1.2932342e-03
  -1.1594821e-03
  -9.4671317e-04
  -6.6942730e-04
  -3.4652107e-04
  -8.6668411e-18
   2.5871637e-04
   4.9980166e-04
   7.0682628e-04
   8.6568186e-04
   9.6554266e-04
   9.9960331e-04
   9.6554266e-04
   8.6568186e-04
   7.0682628e-04
   4.9980166e-04
   2.5871637e-04
  -2.8207362e-17
  -2.5871637e-04
  -4.9980166e-04
  -7.0682628e-04
  -8.6568186e-04
  -9.6554266e-04
  -9.9960331e-04
  -9.6554266e-04
  -8.6568186e-04
  -7.0682628e-04
  -4.9980166e-04
  -2.5871637e-04
  -1.4733079e-17
   1.0282425e-04
   1.9864121e-04
   2.8092109e-04
   3.4405666e-04
   3.8374534e-04
   3.9728241e-04
   3.8374534e-04
   3.4405666e-04
   2.8092109e-04
   1.9864121e-04
   1.0282425e-04
   1.8555845e-18
  -1.0282425e-04
  -1.9864121e-04
  -2.8092109e-04
  -3.4405666e-04
  -3.8374534e-04
  -3.9728241e-04
  -3.8374534e-04
  -3.4405666e-04
  -2.8092109e-04
  -1.9864121e-04
  -1.0282425e-04
   3.3297924e-18
   8.5752728e-05
   1.6566155e-04
   2.3428081e-04
   2.8693422e-04
   3.2003354e-04
   3.3132310e-04
   3.2003354e-04
   2.8693422e-04
   2.3428081e-04
   1.6566155e-04
   8.5752728e-05
   2.3742969e-17
  -8.5752728e-05
  -1.6566155e-04
  -2.3428081e-04
  -2.8693422e-04
  -3.2003354e-04
  -3.3132310e-04
  -3.2003354e-04
  -2.8693422e-04
  -2.3428081e-04
  -1.6566155e-04
  -8.5752728e-05
   2.6501755e-17
   9.8446351e-05
   1.9018375e-04
   2.6896043e-04
   3.2940791e-04
   3.6740678e-04
   3.8036749e-04
   3.6740678e-04
   3.2940791e-04
   2.6896043e-04
   1.9018375e-04
   9.8446351e-05
   1.8775984e-17
  -9.8446351e-05
  -1.9018375e-04
  -2.6896043e-04
  -3.2940791e-04
  -3.6740678e-04
  -3.8036749e-04
  -3.6740678e-04
  -3.2940791e-04
  -2.6896043e-04
  -1.9018375e-04
  -9.8446351e-05
   3.3115282e-17
   8.5752728e-05
   1.6566155e-04
   2.3428081e-04
   2.8693422e-04
   3.2003354e-04
   3.3132310e-04
   3.2003354e-04
   2.8693422e-04
   2.3428081e-04
   1.6566155e-04
   8.5752728e-05
   3.1167424e-17
  -8.5752728e-05
  -1.6566155e-04
  -2.3428081e-04
  -2.8693422e-04
  -3.2003354e-04
  -3.3132310e-04
  -3.2003354e-04
  -2.8693422e-04
  -2.3428081e-04
  -1.6566155e-04
  -8.5752728e-05
   8.0180139e-18
   1.0282425e-04
   1.9864121e-04
   2.8092109e-04
   3.4405666e-04
   3.8374534e-04
   3.9728241e-04
   3.8374534e-04
   3.4405666e-04
   2.8092109e-04
   1.9864121e-04
   1.0282425e-04
   5.0142339e-17
  -1.0282425e-04
  -1.9864121e-04
  -2.8092109e-04
  -3.4405666e-04
  -3.8374534e-04
  -3.9728241e-04
  -3.8374534e-04
  -3.4405666e-04
  -2.8092109e-04
  -1.9864121e-04
  -1.0282425e-04
  -1.2209292e-17
   2.5871637e-04
   4.9980166e-04
   7.0682628e-04
   8.6568186e-04
   9.6554266e-04
   9.9960331e-04
   9.6554266e-04
   8.6568186e-04
   7.0682628e-04
   4.9980166e-04
   2.5871637e-04
   3.6358254e-17
  -2.5871637e-04
  -4.9980166e-04
  -7.0682628e-04
  -8.6568186e-04
  -9.6554266e-04
  -9.9960331e-04
  -9.6554266e-04
  -8.6568186e-04
  -7.0682628e-04
  -4.9980166e-04
  -2.5871637e-04
  -1.1359559e-17
   3.4652107e-04
   6.6942730e-04
   9.4671317e-04
   1.1594821e-03
   1.2932342e-03
   1.3388546e-03
   1.2932342e-03
   1.1594821e-03
   9.4671317e-04
   6.6942730e-04
   3.4652107e-04
  -7.8153612e-18
  -3.4652107e-04
  -6.6942730e-04
  -9.4671317e-04
  -1.1594821e-03
  -1.2932342e-03
  -1.3388546e-03
  -1.2932342e-03
  -1.1594821e-03
  -9.4671317e-04
  -6.6942730e-04
  -3.4652107e-04
  -1.7365869e-17
   8.2150311e-05
   1.5870221e-04
   2.2443882e-04
   2.7488030e-04
   3.0658913e-04
   3.1740443e-04
   3.0658913e-04
   2.7488030e-04
   2.2443882e-04
   1.5870221e-04
   8.2150311e-05
  -3.9368497e-17
  -8.2150311e-05
  -1.5870221e-04
  -2.2443882e-04
  -2.7488030e-04
  -3.0658913e-04
  -3.1740443e-04
  -3.0658913e-04
  -2.7488030e-04
  -2.2443882e-04
  -1.5870221e-04
  -8.2150311e-05
  -2.9347998e-17
  -1.2606859e-04
  -2.4354581e-04
  -3.4442578e-04
  -4.2183371e-04
  -4.7049437e-04
  -4.8709162e-04
  -4.7049437e-04
  -4.2183371e-04
  -3.4442578e-04
  -2.4354581e-04
  -1.2606859e-04
  -5.1511885e-17
   1.2606859e-04
   2.4354581e-04
   3.4442578e-04
   4.2183371e-04
   4.7049437e-04
   4.8709162e-04
   4.7049437e-04
   4.2183371e-04
   3.4442578e-04
   2.4354581e-04
   1.2606859e-04
   6.7871352e-03
   6.7871352e-03
   6.7871352e-03
   6.7871352e-03
   6.7871352e-03
   6.7871352e-03
   6.7871352e-03
   6.7871352e-03
   6.7871352e-03
   6.7871352e-03
   6.7871352e-03
   6.7871352e-03
   6.7871352e-03
   6.7871352e-03
   6.7871352e-03
   6.7871352e-03
   6.7871352e-03
   6.7871352e-03
   6.7871352e-03
   6.7871352e-03
   6.7871352e-03
   6.7871352e-03
   6.7871352e-03
   6.7871352e-03
   3.7081008e-03
   3.7081008e-03
   3.7081008e-03
   3.7081008e-03
   3.7081008e-03
   3.7081008e-03
   3.7081008e-03
   3.7081008e-03
   3.7081008e-03
   3.7081008e-03
   3.7081008e-03
   3.7081008e-03
   3.7081008e-03
   3.7081008e-03
   3.7081008e-03
   3.7081008e-03
   3.7081008e-03
   3.7081008e-03
   3.7081008e-03
   3.7081008e-03
   3.7081008e-03
   3.7081008e-03
   3.7081008e-03
   3.7081008e-03
   1.4480235e-03
   1.4480235e-03
   1.4480235e-03
   1.4480235e-03
   1.4480235e-03
   1.4480235e-03
   1.4480235e-03
   1.4480235e-03
   1.4480235e-03
   1.4480235e-03
   1.4480235e-03
   1.4480235e-03
   1.4480235e-03
   1.4480235e-03
   1.4480235e-03
   1.4480235e-03
   1.4480235e-03
   1.4480235e-03
   1.4480235e-03
   1.4480235e-03
   1.4480235e-03
   1.4480235e-03
   1.4480235e-03
   1.4480235e-03
   7.6236449e-04
   7.6236449e-04
   7.6236449e-04
   7.6236449e-04
   7.6236449e-04
   7.6236449e-04
   7.6236449e-04
   7.6236449e-04
   7.6236449e-04
   7.6236449e-04
   7.6236449e-04
   7.6236449e-04
   7.6236449e-04
   7.6236449e-04
   7.6236449e-04
   7.6236449e-04
   7.6236449e-04
   7.6236449e-04
   7.6236449e-04
   7.6236449e-04
   7.6236449e-04
   7.6236449e-04
   7.6236449e-04
   7.6236449e-04
   5.1379036e-04
   5.1379036e-04
   5.1379036e-04
   5.1379036e-04
   5.1379036e-04
   5.1379036e-04
   5.1379036e-04
   5.1379036e-04
   5.1379036e-04
   5.1379036e-04
   5.1379036e-04
   5.1379036e-04
   5.1379036e-04
   5.1379036e-04
   5.1379036e-04
   5.1379036e-04
   5.1379036e-04
   5.1379036e-04
   5.1379036e-04
   5.1379036e-04
   5.1379036e-04
   5.1379036e-04
   5.1379036e-04
   5.1379036e-04
   2.5523063e-04
   2.5523063e-04
   2.5523063e-04
   2.5523063e-04
   2.5523063e-04
   2.5523063e-04
   2.5523063e-04
   2.5523063e-04
   2.5523063e-04
   2.5523063e-04
   2.5523063e-04
   2.5523063e-04
   2.5523063e-04
   2.5523063e-04
   2.5523063e-04
   2.5523063e-04
   2.5523063e-04
   2.5523063e-04
   2.5523063e-04
   2.5523063e-04
   2.5523063e-04
   2.5523063e-04
   2.5523063e-04
   2.5523063e-04
  -8.5421579e-17
  -8.2910973e-17
  -7.4051008e-17
  -6.0969432e-17
  -4.8023380e-17
  -3.4043948e-17
  -1.9041301e-17
  -1.1180835e-18
   1.5355013e-17
   3.0377990e-17
   3.9485288e-17
   4.6369972e-17
   5.0029154e-17
   4.9358304e-17
   4.1741784e-17
   2.9747797e-17
   1.1201164e-17
  -5.7801528e-18
  -2.1833121e-17
  -3.6273339e-17
  -5.2119631e-17
  -6.6939320e-17
  -7.7273122e-17
  -8.3056663e-17
  -2.5523063e-04
  -2.5523063e-04
  -2.5523063e-04
  -2.5523063e-04
  -2.5523063e-04
  -2.5523063e-04
  -2.5523063e-04
  -2.5523063e-04
  -2.5523063e-04
  -2.5523063e-04
  -2.5523063e-04
  -2.5523063e-04
  -2.5523063e-04
  -2.5523063e-04
  -2.5523063e-04
  -2.5523063e-04
  -2.5523063e-04
  -2.5523063e-04
  -2.5523063e-04
  -2.5523063e-04
  -2.5523063e-04
  -2.5523063e-04
  -2.5523063e-04
  -2.5523063e-04
  -5.1379036e-04
  -5.1379036e-04
  -5.1379036e-04
  -5.1379036e-04
  -5.1379036e-04
  -5.1379036e-04
  -5.1379036e-04
  -5.1379036e-04
  -5.1379036e-04
  -5.1379036e-04
  -5.1379036e-04
  -5.1379036e-04
  -5.1379036e-04
  -5.1379036e-04
  -5.1379036e-04
  -5.1379036e-04
  -5.1379036e-04
  -5.1379036e-04
  -5.1379036e-04
  -5.1379036e-04
  -5.1379036e-04
  -5.1379036e-04
  -5.1379036e-04
  -5.1379036e-04
  -7.6236449e-04
  -7.6236449e-04
  -7.6236449e-04
  -7.6236449e-04
  -7.6236449e-04
  -7.6236449e-04
  -7.6236449e-04
  -7.6236449e-04
  -7.6236449e-04
  -7.6236449e-04
  -7.6236449e-04
  -7.6236449e-04
  -7.6236449e-04
  -7.6236449e-04
  -7.6236449e-04
  -7.6236449e-04
  -7.6236449e-04
  -7.6236449e-04
  -7.6236449e-04
  -7.6236449e-04
  -7.6236449e-04
  -7.6236449e-04
  -7.6236449e-04
  -7.6236449e-04
  -1.4480235e-03
  -1.4480235e-03
  -1.4480235e-03
  -1.4480235e-03
  -1.4480235e-03
  -1.4480235e-03
  -1.4480235e-03
  -1.4480235e-03
  -1.4480235e-03
  -1.4480235e-03
  -1.4480235e-03
  -1.4480235e-03
  -1.4480235e-03
  -1.4480235e-03
  -1.4480235e-03
  -1.4480235e-03
  -1.4480235e-03
  -1.4480235e-03
  -1.4480235e-03
  -1.4480235e-03
  -1.4480235e-03
  -1.4480235e-03
  -1.4480235e-03
  -1.4480235e-03
  -3.7081008e-03
  -3.7081008e-03
  -3.7081008e-03
  -3.7081008e-03
  -3.7081008e-03
  -3.7081008e-03
  -3.7081008e-03
  -3.7081008e-03
  -3.7081008e-03
  -3.7081008e-03
  -3.7081008e-03
  -3.7081008e-03
  -3.7081008e-03
  -3.7081008e-03
  -3.7081008e-03
  -3.7081008e-03
  -3.7081008e-03
  -3.7081008e-03
  -3.7081008e-03
  -3.7081008e-03
  -3.7081008e-03
  -3.7081008e-03
  -3.7081008e-03
  -3.7081008e-03
  -6.7871352e-03
  -6.7871352e-03
  -6.7871352e-03
  -6.7871352e-03
  -6.7871352e-03
  -6.7871352e-03
  -6.7871352e-03
  -6.7871352e-03
  -6.7871352e-03
  -6.7871352e-03
  -6.7871352e-03
  -6.7871352e-03
  -6.7871352e-03
  -6.7871352e-03
  -6.7871352e-03
  -6.7871352e-03
  -6.7871352e-03
  -6.7871352e-03
  -6.7871352e-03
  -6.7871352e-03
  -6.7871352e-03
  -6.7871352e-03
  -6.7871352e-03
  -6.7871352e-03
  -4.8709162e-04
  -4.7049437e-04
  -4.2183371e-04
  -3.4442578e-04
  -2.4354581e-04
  -1.2606859e-04
   6.8010393e-17
   1.2606859e-04
   2.4354581e-04
   3.4442578e-04
   4.2183371e-04
   4.7049437e-04
   4.8709162e-04
   4.7049437e-04
   4.2183371e-04
   3.4442578e-04
   2.4354581e-04
   1.2606859e-04
   5.9943675e-17
  -1.2606859e-04
  -2.4354581e-04
  -3.4442578e-04
  -4.2183371e-04
  -4.7049437e-04
   3.1740443e-04
   3.0658913e-04
   2.7488030e-04
   2.2443882e-04
   1.5870221e-04
   8.2150311e-05
  -4.7496949e-17
  -8.2150311e-05
  -1.5870221e-04
  -2.2443882e-04
  -2.7488030e-04
  -3.0658913e-04
  -3.1740443e-04
  -3.0658913e-04
  -2.7488030e-04
  -2.2443882e-04
  -1.5870221e-04
  -8.2150311e-05
  -3.8354075e-17
   8.2150311e-05
   1.5870221e-04
   2.2443882e-04
   2.7488030e-04
   3.0658913e-04
   1.3388546e-03
   1.2932342e-03
   1.1594821e-03
   9.4671317e-04
   6.6942730e-04
   3.4652107e-04
  -1.0587255e-16
  -3.4652107e-04
  -6.6942730e-04
  -9.4671317e-04
  -1.1594821e-03
  -1.2932342e-03
  -1.3388546e-03
  -1.2932342e-03
  -1.1594821e-03
  -9.4671317e-04
  -6.6942730e-04
  -3.4652107e-04
  -1.0825145e-16
   3.4652107e-04
   6.6942730e-04
   9.4671317e-04
   1.1594821e-03
   1.2932342e-03
   9.9960331e-04
   9.6554266e-04
   8.6568186e-04
   7.0682628e-04
   4.9980166e-04
   2.5871637e-04
   3.0192913e-17
  -2.5871637e-04
  -4.9980166e-04
  -7.0682628e-04
  -8.6568186e-04
  -9.6554266e-04
  -9.9960331e-04
  -9.6554266e-04
  -8.6568186e-04
  -7.0682628e-04
  -4.9980166e-04
  -2.5871637e-04
   5.2715625e-18
   2.5871637e-04
   4.9980166e-04
   7.0682628e-04
   8.6568186e-04
   9.6554266e-04
   3.9728241e-04
   3.8374534e-04
   3.4405666e-04
   2.8092109e-04
   1.9864121e-04
   1.0282425e-04
   9.1728374e-17
  -1.0282425e-04
  -1.9864121e-04
  -2.8092109e-04
  -3.4405666e-04
  -3.8374534e-04
  -3.9728241e-04
  -3.8374534e-04
  -3.4405666e-04
  -2.8092109e-04
  -1.9864121e-04
  -1.0282425e-04
   7.3650362e-17
   1.0282425e-04
   1.9864121e-04
   2.8092109e-04
   3.4405666e-04
   3.8374534e-04
   3.3132310e-04
   3.2003354e-04
   2.8693422e-04
   2.3428081e-04
   1.6566155e-04
   8.5752728e-05
  -1.8566115e-17
  -8.5752728e-05
  -1.6566155e-04
  -2.3428081e-04
  -2.8693422e-04
  -3.2003354e-04
  -3.3132310e-04
  -3.2003354e-04
  -2.8693422e-04
  -2.3428081e-04
  -1.6566155e-04
  -8.5752728e-05
   1.9586155e-17
   8.5752728e-05
   1.6566155e-04
   2.3428081e-04
   2.8693422e-04
   3.2003354e-04
   3.8036749e-04
   3.6740678e-04
   3.2940791e-04
   2.6896043e-04
   1.9018375e-04
   9.8446351e-05
   1.7517912e-17
  -9.8446351e-05
  -1.9018375e-04
  -2.6896043e-04
  -3.2940791e-04
  -3.6740678e-04
  -3.8036749e-04
  -3.6740678e-04
  -3.2940791e-04
  -2.6896043e-04
  -1.9018375e-04
  -9.8446351e-05
   8.1061900e-17
   9.8446351e-05
   1.9018375e-04
   2.6896043e-04
   3.2940791e-04
   3.6740678e-04
   3.3132310e-04
   3.2003354e-04
   2.8693422e-04
   2.3428081e-04
   1.6566155e-04
   8.5752728e-05
   3.3268066e-17
  -8.5752728e-05
  -1.6566155e-04
  -2.3428081e-04
  -2.8693422e-04
  -3.2003354e-04
  -3.3132310e-04
  -3.2003354e-04
  -2.8693422e-04
  -2.3428081e-04
  -1.6566155e-04
  -8.5752728e-05
   6.5624725e-17
   8.5752728e-05
   1.6566155e-04
   2.3428081e-04
   2.8693422e-04
   3.2003354e-04
   3.9728241e-04
   3.8374534e-04
   3.4405666e-04
   2.8092109e-04
   1.9864121e-04
   1.0282425e-04
  -2.9341645e-17
  -1.0282425e-04
  -1.9864121e-04
  -2.8092109e-04
  -3.4405666e-04
  -3.8374534e-04
  -3.9728241e-04
  -3.8374534e-04
  -3.4405666e-04
  -2.8092109e-04
  -1.9864121e-04
  -1.0282425e-04
  -2.3457836e-17
   1.0282425e-04
   1.9864121e-04
   2.8092109e-04
   3.4405666e-04
   3.8374534e-04
   9.9960331e-04
   9.6554266e-04
   8.6568186e-04
   7.0682628e-04
   4.9980166e-04
   2.5871637e-04
  -3.5307721e-17
  -2.5871637e-04
  -4.9980166e-04
  -7.0682628e-04
  -8.6568186e-04
  -9.6554266e-04
  -9.9960331e-04
  -9.6554266e-04
  -8.6568186e-04
  -7.0682628e-04
  -4.9980166e-04
  -2.5871637e-04
  -2.8021544e-17
   2.5871637e-04
   4.9980166e-04
   7.0682628e-04
   8.6568186e-04
   9.6554266e-04
   1.3388546e-03
   1.2932342e-03
   1.1594821e-03
   9.4671317e-04
   6.6942730e-04
   3.4652107e-04
   1.4159522e-16
  -3.4652107e-04
  -6.6942730e-04
  -9.4671317e-04
  -1.1594821e-03
  -1.2932342e-03
  -1.3388546e-03
  -1.2932342e-03
  -1.1594821e-03
  -9.4671317e-04
  -6.6942730e-04
  -3.4652107e-04
   1.3622676e-16
   3.4652107e-04
   6.6942730e-04
   9.4671317e-04
   1.1594821e-03
   1.2932342e-03
   3.1740443e-04
   3.0658913e-04
   2.7488030e-04
   2.2443882e-04
   1.5870221e-04
   8.2150311e-05
   7.7725437e-17
  -8.2150311e-05
  -1.5870221e-04
  -2.2443882e-04
  -2.7488030e-04
  -3.0658913e-04
  -3.1740443e-04
  -3.0658913e-04
  -2.7488030e-04
  -2.2443882e-04
  -1.5870221e-04
  -8.2150311e-05
   4.7061151e-17
   8.2150311e-05
   1.5870221e-04
   2.2443882e-04
   2.7488030e-04
   3.0658913e-04
  -4.8709162e-04
  -4.7049437e-04
  -4.2183371e-04
  -3.4442578e-04
  -2.4354581e-04
  -1.2606859e-04
   7.7860539e-17
   1.2606859e-04
   2.4354581e-04
   3.4442578e-04
   4.2183371e-04
   4.7049437e-04
   4.8709162e-04
   4.7049437e-04
   4.2183371e-04
   3.4442578e-04
   2.4354581e-04
   1.2606859e-04
   6.0081741e-17
  -1.2606859e-04
  -2.4354581e-04
  -3.4442578e-04
  -4.2183371e-04
  -4.7049437e-04
   8.8740466e-18
  -1.2606859e-04
  -2.4354581e-04
  -3.4442578e-04
  -4.2183371e-04
  -4.7049437e-04
  -4.8709162e-04
  -4.7049437e-04
  -4.2183371e-04
  -3.4442578e-04
  -2.4354581e-04
  -1.2606859e-04
  -2.1257139e-17
   1.2606859e-04
   2.4354581e-04
   3.4442578e-04
   4.2183371e-04
   4.7049437e-04
   4.8709162e-04
   4.7049437e-04
   4.2183371e-04
   3.4442578e-04
   2.4354581e-04
   1.2606859e-04
   2.3782356e-17
   8.2150311e-05
   1.5870221e-04
   2.2443882e-04
   2.7488030e-04
   3.0658913e-04
   3.1740443e-04
   3.0658913e-04
   2.7488030e-04
   2.2443882e-04
   1.5870221e-04
   8.2150311e-05
   5.7407658e-18
  -8.2150311e-05
  -1.5870221e-04
  -2.2443882e-04
  -2.7488030e-04
  -3.0658913e-04
  -3.1740443e-04
  -3.0658913e-04
  -2.7488030e-04
  -2.2443882e-04
  -1.5870221e-04
  -8.2150311e-05
   6.4092760e-17
   3.4652107e-04
   6.6942730e-04
   9.4671317e-04
   1.1594821e-03
   1.2932342e-03
   1.3388546e-03
   1.2932342e-03
   1.1594821e-03
   9.4671317e-04
   6.6942730e-04
   3.4652107e-04
   1.2844408e-17
  -3.4652107e-04
  -6.6942730e-04
  -9.4671317e-04
  -1.1594821e-03
  -1.2932342e-03
  -1.3388546e-03
  -1.2932342e-03
  -1.1594821e-03
  -9.4671317e-04
  -6.6942730e-04
  -3.4652107e-04
   1.4083596e-16
   2.5871637e-04
   4.9980166e-04
   7.0682628e-04
   8.6568186e-04
   9.6554266e-04
   9.9960331e-04
   9.6554266e-04
   8.6568186e-04
   7.0682628e-04
   4.9980166e-04
   2.5871637e-04
   2.0902973e-17
  -2.5871637e-04
  -4.9980166e-04
  -7.0682628e-04
  -8.6568186e-04
  -9.6554266e-04
  -9.9960331e-04
  -9.6554266e-04
  -8.6568186e-04
  -7.0682628e-04
  -4.9980166e-04
  -2.5871637e-04
   1.7948946e-16
   1.0282425e-04
   1.9864121e-04
   2.8092109e-04
   3.4405666e-04
   3.8374534e-04
   3.9728241e-04
   3.8374534e-04
   3.4405666e-04
   2.8092109e-04
   1.9864121e-04
   1.0282425e-04
   2.6476344e-17
  -1.0282425e-04
  -1.9864121e-04
  -2.8092109e-04
  -3.4405666e-04
  -3.8374534e-04
  -3.9728241e-04
  -3.8374534e-04
  -3.4405666e-04
  -2.8092109e-04
  -1.9864121e-04
  -1.0282425e-04
   1.8259500e-16
   8.5752728e-05
   1.6566155e-04
   2.3428081e-04
   2.8693422e-04
   3.2003354e-04
   3.3132310e-04
   3.2003354e-04
   2.8693422e-04
   2.3428081e-04
   1.6566155e-04
   8.5752728e-05
   3.7746435e-17
  -8.5752728e-05
  -1.6566155e-04
  -2.3428081e-04
  -2.8693422e-04
  -3.2003354e-04
  -3.3132310e-04
  -3.2003354e-04
  -2.8693422e-04
  -2.3428081e-04
  -1.6566155e-04
  -8.5752728e-05
   1.3601994e-16
   9.8446351e-05
   1.9018375e-04
   2.6896043e-04
   3.2940791e-04
   3.6740678e-04
   3.8036749e-04
   3.6740678e-04
   3.2940791e-04
   2.6896043e-04
   1.9018375e-04
   9.8446351e-05
   4.8223224e-17
  -9.8446351e-05
  -1.9018375e-04
  -2.6896043e-04
  -3.2940791e-04
  -3.6740678e-04
  -3.8036749e-04
  -3.6740678e-04
  -3.2940791e-04
  -2.6896043e-04
  -1.9018375e-04
  -9.8446351e-05
   7.5360733e-17
   8.5752728e-05
   1.6566155e-04
   2.3428081e-04
   2.8693422e-04
   3.2003354e-04
   3.3132310e-04
   3.2003354e-04
   2.8693422e-04
   2.3428081e-04
   1.6566155e-04
   8.5752728e-05
   4.3312289e-17
  -8.5752728e-05
  -1.6566155e-04
  -2.3428081e-04
  -2.8693422e-04
  -3.2003354e-04
  -3.3132310e-04
  -3.2003354e-04
  -2.8693422e-04
  -2.3428081e-04
  -1.6566155e-04
  -8.5752728e-05
   6.9782386e-17
   1.0282425e-04
   1.9864121e-04
   2.8092109e-04
   3.4405666e-04
   3.8374534e-04
   3.9728241e-04
   3.8374534e-04
   3.4405666e-04
   2.8092109e-04
   1.9864121e-04
   1.0282425e-04
   3.3441602e-17
  -1.0282425e-04
  -1.9864121e-04
  -2.8092109e-04
  -3.4405666e-04
  -3.8374534e-04
  -3.9728241e-04
  -3.8374534e-04
  -3.4405666e-04
  -2.8092109e-04
  -1.9864121e-04
  -1.0282425e-04
   9.7817509e-17
   2.5871637e-04
   4.9980166e-04
   7.0682628e-04
   8.6568186e-04
   9.6554266e-04
   9.9960331e-04
   9.6554266e-04
   8.6568186e-04
   7.0682628e-04
   4.9980166e-04
   2.5871637e-04
   2.1402405e-17
  -2.5871637e-04
  -4.9980166e-04
  -7.0682628e-04
  -8.6568186e-04
  -9.6554266e-04
  -9.9960331e-04
  -9.6554266e-04
  -8.6568186e-04
  -7.0682628e-04
  -4.9980166e-04
  -2.5871637e-04
   8.9800739e-17
   3.4652107e-04
   6.6942730e-04
   9.4671317e-04
   1.1594821e-03
   1.2932342e-03
   1.3388546e-03
   1.2932342e-03
   1.1594821e-03
   9.4671317e-04
   6.6942730e-04
   3.4652107e-04
   1.5975041e-18
  -3.4652107e-04
  -6.6942730e-04
  -9.4671317e-04
  -1.1594821e-03
  -1.2932342e-03
  -1.3388546e-03
  -1.2932342e-03
  -1.1594821e-03
  -9.4671317e-04
  -6.6942730e-04
  -3.4652107e-04
   5.1352219e-17
   8.2150311e-05
   1.5870221e-04
   2.2443882e-04
   2.7488030e-04
   3.0658913e-04
   3.1740443e-04
   3.0658913e-04
   2.7488030e-04
   2.2443882e-04
   1.5870221e-04
   8.2150311e-05
  -5.7084263e-18
  -8.2150311e-05
  -1.5870221e-04
  -2.2443882e-04
  -2.7488030e-04
  -3.0658913e-04
  -3.1740443e-04
  -3.0658913e-04
  -2.7488030e-04
  -2.2443882e-04
  -1.5870221e-04
  -8.2150311e-05
   1.2529311e-17
  -1.2606859e-04
  -2.4354581e-04
  -3.4442578e-04
  -4.2183371e-04
  -4.7049437e-04
  -4.8709162e-04
  -4.7049437e-04
  -4.2183371e-04
  -3.4442578e-04
  -2.4354581e-04
  -1.2606859e-04
  -1.5136902e-17
   1.2606859e-04
   2.4354581e-04
   3.4442578e-04
   4.2183371e-04
   4.7049437e-04
   4.8709162e-04
   4.7049437e-04
   4.2183371e-04
   3.4442578e-04
   2.4354581e-04
   1.2606859e-04
   6.7871352e-03
   6.7871352e-03
   6.7871352e-03
   6.7871352e-03
   6.7871352e-03
   6.7871352e-03
   6.7871352e-03
   6.7871352e-03
   6.7871352e-03
   6.7871352e-03
   6.7871352e-03
   6.7871352e-03
   6.7871352e-03
   6.7871352e-03
   6.7871352e-03
   6.7871352e-03
   6.7871352e-03
   6.7871352e-03
   6.7871352e-03
   6.7871352e-03
   6.7871352e-03
   6.7871352e-03
   6.7871352e-03
   6.7871352e-03
   3.7081008e-03
   3.7081008e-03
   3.7081008e-03
   3.7081008e-03
   3.7081008e-03
   3.7081008e-03
   3.7081008e-03
   3.7081008e-03
   3.7081008e-03
   3.7081008e-03
   3.7081008e-03
   3.7081008e-03
   3.7081008e-03
   3.7081008e-03
   3.7081008e-03
   3.7081008e-03
   3.7081008e-03
   3.7081008e-03
   3.7081008e-03
   3.7081008e-03
   3.7081008e-03
   3.7081008e-03
   3.7081008e-03
   3.7081008e-03
   1.4480235e-03
   1.4480235e-03
   1.4480235e-03
   1.4480235e-03
   1.4480235e-03
   1.4480235e-03
   1.4480235e-03
   1.4480235e-03
   1.4480235e-03
   1.4480235e-03
   1.4480235e-03
   1.4480235e-03
   1.4480235e-03
   1.4480235e-03
   1.4480235e-03
   1.4480235e-03
   1.4480235e-03
   1.4480235e-03
   1.4480235e-03
   1.4480235e-03
   1.4480235e-03
   1.4480235e-03
   1.4480235e-03
   1.4480235e-03
   7.6236449e-04
   7.6236449e-04
   7.6236449e-04
   7.6236449e-04
   7.6236449e-04
   7.6236449e-04
   7.6236449e-04
   7.6236449e-04
   7.6236449e-04
   7.6236449e-04
   7.6236449e-04
   7.6236449e-04
   7.6236449e-04
   7.6236449e-04
   7.6236449e-04
   7.6236449e-04
   7.6236449e-04
   7.6236449e-04
   7.6236449e-04
   7.6236449e-04
   7.6236449e-04
   7.6236449e-04
   7.6236449e-04
   7.6236449e-04
   5.1379036e-04
   5.1379036e-04
   5.1379036e-04
   5.1379036e-04
   5.1379036e-04
   5.1379036e-04
   5.1379036e-04
   5.1379036e-04
   5.1379036e-04
   5.1379036e-04
   5.1379036e-04
   5.1379036e-04
   5.1379036e-04
   5.1379036e-04
   5.1379036e-04
   5.1379036e-04
   5.1379036e-04
   5.1379036e-04
   5.1379036e-04
   5.1379036e-04
   5.1379036e-04
   5.1379036e-04
   5.1379036e-04
   5.1379036e-04
   2.5523063e-04
   2.5523063e-04
   2.5523063e-04
   2.5523063e-04
   2.5523063e-04
   2.5523063e-04
   2.5523063e-04
   2.5523063e-04
   2.5523063e-04
   2.5523063e-04
   2.5523063e-04
   2.5523063e-04
   2.5523063e-04
   2.5523063e-04
   2.5523063e-04
   2.5523063e-04
   2.5523063e-04
   2.5523063e-04
   2.5523063e-04
   2.5523063e-04
   2.5523063e-04
   2.5523063e-04
   2.5523063e-04
   2.5523063e-04
   5.2936171e-17
   5.3234327e-17
   4.5505998e-17
   3.4243848e-17
   1.9068406e-17
   3.4491182e-18
  -1.5836128e-17
  -3.2932641e-17
  -4.9026267e-17
  -6.2992146e-17
  -7.4003575e-17
  -7.7655981e-17
  -7.9858266e-17
  -7.7513679e-17
  -7.0093670e-17
  -6.1447158e-17
  -4.6532602e-17
  -3.0228912e-17
  -1.2841019e-17
   5.6785089e-18
   2.1809404e-17
   3.7743788e-17
   4.6529214e-17
   4.8741664e-17
  -2.5523063e-04
  -2.5523063e-04
  -2.5523063e-04
  -2.5523063e-04
  -2.5523063e-04
  -2.5523063e-04
  -2.5523063e-04
  -2.5523063e-04
  -2.5523063e-04
  -2.5523063e-04
  -2.5523063e-04
  -2.5523063e-04
  -2.5523063e-04
  -2.5523063e-04
  -2.5523063e-04
  -2.5523063e-04
  -2.5523063e-04
  -2.5523063e-04
  -2.5523063e-04
  -2.5523063e-04
  -2.5523063e-04
  -2.5523063e-04
  -2.5523063e-04
  -2.5523063e-04
  -5.1379036e-04
  -5.1379036e-04
  -5.1379036e-04
  -5.1379036e-04
  -5.1379036e-04
  -5.1379036e-04
  -5.1379036e-04
  -5.1379036e-04
  -5.1379036e-04
  -5.1379036e-04
  -5.1379036e-04
  -5.1379036e-04
  -5.1379036e-04
  -5.1379036e-04
  -5.1379036e-04
  -5.1379036e-04
  -5.1379036e-04
  -5.1379036e-04
  -5.1379036e-04
  -5.1379036e-04
  -5.1379036e-04
  -5.1379036e-04
  -5.1379036e-04
  -5.1379036e-04
  -7.6236449e-04
  -7.6236449e-04
  -7.6236449e-04
  -7.6236449e-04
  -7.6236449e-04
  -7.6236449e-04
  -7.6236449e-04
  -7.6236449e-04
  -7.6236449e-04
  -7.6236449e-04
  -7.6236449e-04
  -7.6236449e-04
  -7.6236449e-04
  -7.6236449e-04
  -7.6236449e-04
  -7.6236449e-04
  -7.6236449e-04
  -7.6236449e-04
  -7.6236449e-04
  -7.6236449e-04
  -7.6236449e-04
  -7.6236449e-04
  -7.6236449e-04
  -7.6236449e-04
  -1.4480235e-03
  -1.4480235e-03
  -1.4480235e-03
  -1.4480235e-03
  -1.4480235e-03
  -1.4480235e-03
  -1.4480235e-03
  -1.4480235e-03
  -1.4480235e-03
  -1.4480235e-03
  -1.4480235e-03
  -1.4480235e-03
  -1.4480235e-03
  -1.4480235e-03
  -1.4480235e-03
  -1.4480235e-03
  -1.4480235e-03
  -1.4480235e-03
  -1.4480235e-03
  -1.4480235e-03
  -1.4480235e-03
  -1.4480235e-03
  -1.4480235e-03
  -1.4480235e-03
  -3.7081008e-03
  -3.7081008e-03
  -3.7081008e-03
  -3.7081008e-03
  -3.7081008e-03
  -3.7081008e-03
  -3.7081008e-03
  -3.7081008e-03
  -3.7081008e-03
  -3.7081008e-03
  -3.7081008e-03
  -3.7081008e-03
  -3.7081008e-03
  -3.7081008e-03
  -3.7081008e-03
  -3.7081008e-03
  -3.7081008e-03
  -3.7081008e-03
  -3.7081008e-03
  -3.7081008e-03
  -3.7081008e-03
  -3.7081008e-03
  -3.7081008e-03
  -3.7081008e-03
  -6.7871352e-03
  -6.7871352e-03
  -6.7871352e-03
  -6.7871352e-03
  -6.7871352e-03
  -6.7871352e-03
  -6.7871352e-03
  -6.7871352e-03
  -6.7871352e-03
  -6.7871352e-03
  -6.7871352e-03
  -6.7871352e-03
  -6.7871352e-03
  -6.7871352e-03
  -6.7871352e-03
  -6.7871352e-03
  -6.7871352e-03
  -6.7871352e-03
  -6.7871352e-03
  -6.7871352e-03
  -6.7871352e-03
  -6.7871352e-03
  -6.7871352e-03
  -6.7871352e-03
