  -2.0092686e+00
  -2.0151413e+00
  -2.0323928e+00
  -2.0599387e+00
  -2.0960269e+00
  -2.1383227e+00
  -2.1840353e+00
  -2.2300828e+00
  -2.2732936e+00
  -2.3106317e+00
  -2.3394276e+00
  -2.3575941e+00
  -2.3638017e+00
  -2.3575941e+00
  -2.3394276e+00
  -2.3106317e+00
  -2.2732936e+00
  -2.2300828e+00
  -2.1840353e+00
  -2.1383227e+00
  -2.0960269e+00
  -2.0599387e+00
  -2.0323928e+00
  -2.0151413e+00
  -1.7833366e+00
  -1.7962774e+00
  -1.8343448e+00
  -1.8952917e+00
  -1.9754384e+00
  -2.0697964e+00
  -2.1722818e+00
  -2.2760369e+00
  -2.3738639e+00
  -2.4587494e+00
  -2.5244353e+00
  -2.5659721e+00
  -2.5801828e+00
  -2.5659721e+00
  -2.5244353e+00
  -2.4587494e+00
  -2.3738639e+00
  -2.2760369e+00
  -2.1722818e+00
  -2.0697964e+00
  -1.9754384e+00
  -1.8952917e+00
  -1.8343448e+00
  -1.7962774e+00
  -1.5663323e+00
  -1.5857949e+00
  -1.6430480e+00
  -1.7347126e+00
  -1.8552551e+00
  -1.9971725e+00
  -2.1513132e+00
  -2.3073626e+00
  -2.4544947e+00
  -2.5821616e+00
  -2.6809519e+00
  -2.7434220e+00
  -2.7647944e+00
  -2.7434220e+00
  -2.6809519e+00
  -2.5821616e+00
  -2.4544947e+00
  -2.3073626e+00
  -2.1513132e+00
  -1.9971725e+00
  -1.8552551e+00
  -1.7347126e+00
  -1.6430480e+00
  -1.5857949e+00
  -1.3693703e+00
  -1.3945308e+00
  -1.4684935e+00
  -1.5867517e+00
  -1.7419716e+00
  -1.9242972e+00
  -2.1218296e+00
  -2.3212984e+00
  -2.5089154e+00
  -2.6713661e+00
  -2.7968585e+00
  -2.8761195e+00
  -2.9032198e+00
  -2.8761195e+00
  -2.7968585e+00
  -2.6713661e+00
  -2.5089154e+00
  -2.3212984e+00
  -2.1218296e+00
  -1.9242972e+00
  -1.7419716e+00
  -1.5867517e+00
  -1.4684935e+00
  -1.3945308e+00
  -1.2034604e+00
  -1.2331301e+00
  -1.3202749e+00
  -1.4593842e+00
  -1.6415558e+00
  -1.8549468e+00
  -2.0854303e+00
  -2.3174487e+00
  -2.5350353e+00
  -2.7229426e+00
  -2.8677940e+00
  -2.9591470e+00
  -2.9903579e+00
  -2.9591470e+00
  -2.8677940e+00
  -2.7229426e+00
  -2.5350353e+00
  -2.3174487e+00
  -2.0854303e+00
  -1.8549468e+00
  -1.6415558e+00
  -1.4593842e+00
  -1.3202749e+00
  -1.2331301e+00
  -1.0781479e+00
  -1.1108419e+00
  -1.2067889e+00
  -1.3597001e+00
  -1.5594868e+00
  -1.7928580e+00
  -2.0441428e+00
  -2.2962990e+00
  -2.5320532e+00
  -2.7351012e+00
  -2.8912821e+00
  -2.9896288e+00
  -3.0232026e+00
  -2.9896288e+00
  -2.8912821e+00
  -2.7351012e+00
  -2.5320532e+00
  -2.2962990e+00
  -2.0441428e+00
  -1.7928580e+00
  -1.5594868e+00
  -1.3597001e+00
  -1.2067889e+00
  -1.1108419e+00
  -1.0007935e+00
  -1.0348401e+00
  -1.1346662e+00
  -1.2934807e+00
  -1.5004677e+00
  -1.7415195e+00
  -2.0002030e+00
  -2.2588840e+00
  -2.4999318e+00
  -2.7069199e+00
  -2.8657446e+00
  -2.9655846e+00
  -2.9996379e+00
  -2.9655846e+00
  -2.8657446e+00
  -2.7069199e+00
  -2.4999318e+00
  -2.2588840e+00
  -2.0002030e+00
  -1.7415195e+00
  -1.5004677e+00
  -1.2934807e+00
  -1.1346662e+00
  -1.0348401e+00
  -9.7721517e-01
  -1.0107829e+00
  -1.1091170e+00
  -1.2652890e+00
  -1.4683365e+00
  -1.7040948e+00
  -1.9562533e+00
  -2.2075358e+00
  -2.4409029e+00
  -2.6406901e+00
  -2.7936102e+00
  -2.8895698e+00
  -2.9222699e+00
  -2.8895698e+00
  -2.7936102e+00
  -2.6406901e+00
  -2.4409029e+00
  -2.2075358e+00
  -1.9562533e+00
  -1.7040948e+00
  -1.4683365e+00
  -1.2652890e+00
  -1.1091170e+00
  -1.0107829e+00
  -1.0100209e+00
  -1.0412277e+00
  -1.1325723e+00
  -1.2774185e+00
  -1.4653270e+00
  -1.6829178e+00
  -1.9149385e+00
  -2.1454197e+00
  -2.3588065e+00
  -2.5409770e+00
  -2.6800914e+00
  -2.7672446e+00
  -2.7969184e+00
  -2.7672446e+00
  -2.6800914e+00
  -2.5409770e+00
  -2.3588065e+00
  -2.1454197e+00
  -1.9149385e+00
  -1.6829178e+00
  -1.4653270e+00
  -1.2774185e+00
  -1.1325723e+00
  -1.0412277e+00
  -1.0971050e+00
  -1.1242038e+00
  -1.2034624e+00
  -1.3289548e+00
  -1.4914089e+00
  -1.6790303e+00
  -1.8785011e+00
  -2.0760315e+00
  -2.2583527e+00
  -2.4135691e+00
  -2.5318273e+00
  -2.6057925e+00
  -2.6309545e+00
  -2.6057925e+00
  -2.5318273e+00
  -2.4135691e+00
  -2.2583527e+00
  -2.0760315e+00
  -1.8785011e+00
  -1.6790303e+00
  -1.4914089e+00
  -1.3289548e+00
  -1.2034624e+00
  -1.1242038e+00
  -1.2354807e+00
  -1.2568535e+00
  -1.3193254e+00
  -1.4181192e+00
  -1.5457908e+00
  -1.6929269e+00
  -1.8489779e+00
  -2.0031171e+00
  -2.1450303e+00
  -2.2655682e+00
  -2.3572294e+00
  -2.4144807e+00
  -2.4339428e+00
  -2.4144807e+00
  -2.3572294e+00
  -2.2655682e+00
  -2.1450303e+00
  -2.0031171e+00
  -1.8489779e+00
  -1.6929269e+00
  -1.5457908e+00
  -1.4181192e+00
  -1.3193254e+00
  -1.2568535e+00
  -1.4200626e+00
  -1.4342740e+00
  -1.4758131e+00
  -1.5415023e+00
  -1.6263912e+00
  -1.7242208e+00
  -1.8279769e+00
  -1.9304613e+00
  -2.0248167e+00
  -2.1049599e+00
  -2.1659036e+00
  -2.2039688e+00
  -2.2169088e+00
  -2.2039688e+00
  -2.1659036e+00
  -2.1049599e+00
  -2.0248167e+00
  -1.9304613e+00
  -1.8279769e+00
  -1.7242208e+00
  -1.6263912e+00
  -1.5415023e+00
  -1.4758131e+00
  -1.4342740e+00
  -1.6364335e+00
  -1.6426414e+00
  -1.6608086e+00
  -1.6896054e+00
  -1.7269444e+00
  -1.7701559e+00
  -1.8162036e+00
  -1.8619160e+00
  -1.9042111e+00
  -1.9402984e+00
  -1.9678434e+00
  -1.9850942e+00
  -1.9909667e+00
  -1.9850942e+00
  -1.9678434e+00
  -1.9402984e+00
  -1.9042111e+00
  -1.8619160e+00
  -1.8162036e+00
  -1.7701559e+00
  -1.7269444e+00
  -1.6896054e+00
  -1.6608086e+00
  -1.6426414e+00
   3.0756593e-17
   4.5256086e-02
   8.7552935e-02
   1.2409950e-01
   1.5243864e-01
   1.7060560e-01
   1.7727091e-01
   1.7185546e-01
   1.5460346e-01
   1.2659923e-01
   8.9717766e-02
   4.6505955e-02
  -7.9928582e-17
  -4.6505955e-02
  -8.9717766e-02
  -1.2659923e-01
  -1.5460346e-01
  -1.7185546e-01
  -1.7727091e-01
  -1.7060560e-01
  -1.5243864e-01
  -1.2409950e-01
  -8.7552935e-02
  -4.5256086e-02
   1.5963659e-18
   1.0075337e-01
   1.9511430e-01
   2.7699885e-01
   3.4095335e-01
   3.8249221e-01
   3.9843786e-01
   3.8723027e-01
   3.4916005e-01
   2.8647534e-01
   2.0332136e-01
   1.0549180e-01
   1.4497545e-17
  -1.0549180e-01
  -2.0332136e-01
  -2.8647534e-01
  -3.4916005e-01
  -3.8723027e-01
  -3.9843786e-01
  -3.8249221e-01
  -3.4095335e-01
  -2.7699885e-01
  -1.9511430e-01
  -1.0075337e-01
   4.7078594e-17
   1.5153743e-01
   2.9346085e-01
   4.1661952e-01
   5.1280998e-01
   5.7528503e-01
   5.9926559e-01
   5.8240607e-01
   5.2514462e-01
   4.3086342e-01
   3.0579744e-01
   1.5866041e-01
   1.7896209e-16
  -1.5866041e-01
  -3.0579744e-01
  -4.3086342e-01
  -5.2514462e-01
  -5.8240607e-01
  -5.9926559e-01
  -5.7528503e-01
  -5.1280998e-01
  -4.1661952e-01
  -2.9346085e-01
  -1.5153743e-01
   1.7438326e-16
   1.9489239e-01
   3.7722861e-01
   5.3511144e-01
   6.5797212e-01
   7.3724158e-01
   7.6698822e-01
   7.4446377e-01
   6.7048297e-01
   5.4956057e-01
   3.8974463e-01
   2.0211976e-01
   4.2602912e-17
  -2.0211976e-01
  -3.8974463e-01
  -5.4956057e-01
  -6.7048297e-01
  -7.4446377e-01
  -7.6698822e-01
  -7.3724158e-01
  -6.5797212e-01
  -5.3511144e-01
  -3.7722861e-01
  -1.9489239e-01
   1.3265777e-16
   2.2839330e-01
   4.4180000e-01
   6.2609576e-01
   7.6886974e-01
   8.6023430e-01
   8.9354293e-01
   8.6595506e-01
   7.7878120e-01
   6.3754540e-01
   4.5172042e-01
   2.3412306e-01
  -7.6929388e-17
  -2.3412306e-01
  -4.5172042e-01
  -6.3754540e-01
  -7.7878120e-01
  -8.6595506e-01
  -8.9354293e-01
  -8.6023430e-01
  -7.6886974e-01
  -6.2609576e-01
  -4.4180000e-01
  -2.2839330e-01
   4.1220600e-17
   2.5010270e-01
   4.8349351e-01
   6.8450484e-01
   8.3951899e-01
   9.3787942e-01
   9.7264392e-01
   9.4112075e-01
   8.4513677e-01
   6.9099804e-01
   4.8912300e-01
   2.5335581e-01
   6.2975333e-17
  -2.5335581e-01
  -4.8912300e-01
  -6.9099804e-01
  -8.4513677e-01
  -9.4112075e-01
  -9.7264392e-01
  -9.3787942e-01
  -8.3951899e-01
  -6.8450484e-01
  -4.8349351e-01
  -2.5010270e-01
   5.7001863e-17
   2.5869564e-01
   4.9976856e-01
   7.0678906e-01
   8.6564213e-01
   9.6549657e-01
   9.9954682e-01
   9.6547583e-01
   8.6561012e-01
   7.0675895e-01
   4.9974921e-01
   2.5868765e-01
   1.1406032e-16
  -2.5868765e-01
  -4.9974921e-01
  -7.0675895e-01
  -8.6561012e-01
  -9.6547583e-01
  -9.9954682e-01
  -9.6549657e-01
  -8.6564213e-01
  -7.0678906e-01
  -4.9976856e-01
  -2.5869564e-01
  -1.0663814e-18
   2.5336351e-01
   4.8914139e-01
   6.9102646e-01
   8.4516688e-01
   9.4114023e-01
   9.7264392e-01
   9.3785994e-01
   8.3948889e-01
   6.8447643e-01
   4.8347511e-01
   2.5009500e-01
   1.2781273e-16
  -2.5009500e-01
  -4.8347511e-01
  -6.8447643e-01
  -8.3948889e-01
  -9.3785994e-01
  -9.7264392e-01
  -9.4114023e-01
  -8.4516688e-01
  -6.9102646e-01
  -4.8914139e-01
  -2.5336351e-01
  -1.5120615e-16
   2.3413024e-01
   4.5173667e-01
   6.3756964e-01
   7.7880642e-01
   8.6597124e-01
   8.9354293e-01
   8.6021812e-01
   7.6884452e-01
   6.2607152e-01
   4.4178374e-01
   2.2838612e-01
   2.8981004e-16
  -2.2838612e-01
  -4.4178374e-01
  -6.2607152e-01
  -7.6884452e-01
  -8.6021812e-01
  -8.9354293e-01
  -8.6597124e-01
  -7.7880642e-01
  -6.3756964e-01
  -4.5173667e-01
  -2.3413024e-01
  -6.5722219e-17
   2.0212661e-01
   3.8975864e-01
   5.4957988e-01
   6.7050216e-01
   7.4447580e-01
   7.6698822e-01
   7.3722955e-01
   6.5795294e-01
   5.3509213e-01
   3.7721460e-01
   1.9488554e-01
   2.5078155e-16
  -1.9488554e-01
  -3.7721460e-01
  -5.3509213e-01
  -6.5795294e-01
  -7.3722955e-01
  -7.6698822e-01
  -7.4447580e-01
  -6.7050216e-01
  -5.4957988e-01
  -3.8975864e-01
  -2.0212661e-01
   1.1007284e-16
   1.5866650e-01
   3.0580877e-01
   4.3087767e-01
   5.2515789e-01
   5.8241410e-01
   5.9926559e-01
   5.7527700e-01
   5.1279670e-01
   4.1660528e-01
   2.9344953e-01
   1.5153134e-01
   2.1327151e-17
  -1.5153134e-01
  -2.9344953e-01
  -4.1660528e-01
  -5.1279670e-01
  -5.7527700e-01
  -5.9926559e-01
  -5.8241410e-01
  -5.2515789e-01
  -4.3087767e-01
  -3.0580877e-01
  -1.5866650e-01
   1.2937727e-17
   1.0549565e-01
   2.0332817e-01
   2.8648341e-01
   3.4916722e-01
   3.8723449e-01
   3.9843786e-01
   3.8248799e-01
   3.4094617e-01
   2.7699078e-01
   1.9510749e-01
   1.0074952e-01
   6.2559477e-18
  -1.0074952e-01
  -1.9510749e-01
  -2.7699078e-01
  -3.4094617e-01
  -3.8248799e-01
  -3.9843786e-01
  -3.8723449e-01
  -3.4916722e-01
  -2.8648341e-01
  -2.0332817e-01
  -1.0549565e-01
  -3.2441653e-17
   4.6506933e-02
   8.9719465e-02
   1.2660119e-01
   1.5460517e-01
   1.7185645e-01
   1.7727091e-01
   1.7060461e-01
   1.5243693e-01
   1.2409753e-01
   8.7551236e-02
   4.5255108e-02
   1.1793790e-17
  -4.5255108e-02
  -8.7551236e-02
  -1.2409753e-01
  -1.5243693e-01
  -1.7060461e-01
  -1.7727091e-01
  -1.7185645e-01
  -1.5460517e-01
  -1.2660119e-01
  -8.9719465e-02
  -4.6506933e-02
  -1.9584245e+00
  -1.9586605e+00
  -1.9593523e+00
  -1.9604528e+00
  -1.9618868e+00
  -1.9635566e+00
  -1.9653483e+00
  -1.9671397e+00
  -1.9688089e+00
  -1.9702421e+00
  -1.9713418e+00
  -1.9720331e+00
  -1.9722689e+00
  -1.9720331e+00
  -1.9713418e+00
  -1.9702421e+00
  -1.9688089e+00
  -1.9671397e+00
  -1.9653483e+00
  -1.9635566e+00
  -1.9618868e+00
  -1.9604528e+00
  -1.9593523e+00
  -1.9586605e+00
  -1.8244439e+00
  -1.8247789e+00
  -1.8257610e+00
  -1.8273227e+00
  -1.8293570e+00
  -1.8317248e+00
  -1.8342647e+00
  -1.8368037e+00
  -1.8391689e+00
  -1.8411995e+00
  -1.8427573e+00
  -1.8437365e+00
  -1.8440705e+00
  -1.8437365e+00
  -1.8427573e+00
  -1.8411995e+00
  -1.8391689e+00
  -1.8368037e+00
  -1.8342647e+00
  -1.8317248e+00
  -1.8293570e+00
  -1.8273227e+00
  -1.8257610e+00
  -1.8247789e+00
  -1.5976108e+00
  -1.5978191e+00
  -1.5984291e+00
  -1.5993978e+00
  -1.6006578e+00
  -1.6021224e+00
  -1.6036918e+00
  -1.6052592e+00
  -1.6067187e+00
  -1.6079712e+00
  -1.6089320e+00
  -1.6095358e+00
  -1.6097417e+00
  -1.6095358e+00
  -1.6089320e+00
  -1.6079712e+00
  -1.6067187e+00
  -1.6052592e+00
  -1.6036918e+00
  -1.6021224e+00
  -1.6006578e+00
  -1.5993978e+00
  -1.5984291e+00
  -1.5978191e+00
  -1.2858711e+00
  -1.2858579e+00
  -1.2858180e+00
  -1.2857517e+00
  -1.2856613e+00
  -1.2855519e+00
  -1.2854312e+00
  -1.2853081e+00
  -1.2851920e+00
  -1.2850914e+00
  -1.2850139e+00
  -1.2849651e+00
  -1.2849484e+00
  -1.2849651e+00
  -1.2850139e+00
  -1.2850914e+00
  -1.2851920e+00
  -1.2853081e+00
  -1.2854312e+00
  -1.2855519e+00
  -1.2856613e+00
  -1.2857517e+00
  -1.2858180e+00
  -1.2858579e+00
  -9.0406096e-01
  -9.0383885e-01
  -9.0318636e-01
  -9.0214515e-01
  -9.0078384e-01
  -8.9919431e-01
  -8.9748523e-01
  -8.9577398e-01
  -8.9417810e-01
  -8.9280704e-01
  -8.9175471e-01
  -8.9109310e-01
  -8.9086743e-01
  -8.9109310e-01
  -8.9175471e-01
  -8.9280704e-01
  -8.9417810e-01
  -8.9577398e-01
  -8.9748523e-01
  -8.9919431e-01
  -9.0078384e-01
  -9.0214515e-01
  -9.0318636e-01
  -9.0383885e-01
  -4.7170228e-01
  -4.7134429e-01
  -4.7029381e-01
  -4.6862055e-01
  -4.6643704e-01
  -4.6389159e-01
  -4.6115796e-01
  -4.5842302e-01
  -4.5587375e-01
  -4.5368428e-01
  -4.5200411e-01
  -4.5094788e-01
  -4.5058761e-01
  -4.5094788e-01
  -4.5200411e-01
  -4.5368428e-01
  -4.5587375e-01
  -4.5842302e-01
  -4.6115796e-01
  -4.6389159e-01
  -4.6643704e-01
  -4.6862055e-01
  -4.7029381e-01
  -4.7134429e-01
  -1.1941146e-02
  -1.1534261e-02
  -1.0341335e-02
  -8.4436651e-03
  -5.9705728e-03
  -3.0905959e-03
  -1.3435518e-16
   3.0905959e-03
   5.9705728e-03
   8.4436651e-03
   1.0341335e-02
   1.1534261e-02
   1.1941146e-02
   1.1534261e-02
   1.0341335e-02
   8.4436651e-03
   5.9705728e-03
   3.0905959e-03
  -1.8333867e-16
  -3.0905959e-03
  -5.9705728e-03
  -8.4436651e-03
  -1.0341335e-02
  -1.1534261e-02
   4.5057595e-01
   4.5093782e-01
   4.5199787e-01
   4.5368197e-01
   4.5587387e-01
   4.5842369e-01
   4.6115796e-01
   4.6389092e-01
   4.6643691e-01
   4.6862286e-01
   4.7030005e-01
   4.7135435e-01
   4.7171394e-01
   4.7135435e-01
   4.7030005e-01
   4.6862286e-01
   4.6643691e-01
   4.6389092e-01
   4.6115796e-01
   4.5842369e-01
   4.5587387e-01
   4.5368197e-01
   4.5199787e-01
   4.5093782e-01
   8.9085124e-01
   8.9107924e-01
   8.9174641e-01
   8.9280448e-01
   8.9417898e-01
   8.9577538e-01
   8.9748523e-01
   8.9919291e-01
   9.0078296e-01
   9.0214772e-01
   9.0319466e-01
   9.0385271e-01
   9.0407715e-01
   9.0385271e-01
   9.0319466e-01
   9.0214772e-01
   9.0078296e-01
   8.9919291e-01
   8.9748523e-01
   8.9577538e-01
   8.9417898e-01
   8.9280448e-01
   8.9174641e-01
   8.9107924e-01
   1.2849369e+00
   1.2849555e+00
   1.2850090e+00
   1.2850911e+00
   1.2851942e+00
   1.2853101e+00
   1.2854312e+00
   1.2855499e+00
   1.2856591e+00
   1.2857520e+00
   1.2858230e+00
   1.2858675e+00
   1.2858826e+00
   1.2858675e+00
   1.2858230e+00
   1.2857520e+00
   1.2856591e+00
   1.2855499e+00
   1.2854312e+00
   1.2853101e+00
   1.2851942e+00
   1.2850911e+00
   1.2850090e+00
   1.2849555e+00
   1.6097412e+00
   1.6095361e+00
   1.6089343e+00
   1.6079753e+00
   1.6067230e+00
   1.6052620e+00
   1.6036918e+00
   1.6021197e+00
   1.6006535e+00
   1.5993937e+00
   1.5984267e+00
   1.5978187e+00
   1.5976113e+00
   1.5978187e+00
   1.5984267e+00
   1.5993937e+00
   1.6006535e+00
   1.6021197e+00
   1.6036918e+00
   1.6052620e+00
   1.6067230e+00
   1.6079753e+00
   1.6089343e+00
   1.6095361e+00
   1.8440794e+00
   1.8437454e+00
   1.8427659e+00
   1.8412071e+00
   1.8391748e+00
   1.8368069e+00
   1.8342647e+00
   1.8317216e+00
   1.8293511e+00
   1.8273150e+00
   1.8257524e+00
   1.8247701e+00
   1.8244350e+00
   1.8247701e+00
   1.8257524e+00
   1.8273150e+00
   1.8293511e+00
   1.8317216e+00
   1.8342647e+00
   1.8368069e+00
   1.8391748e+00
   1.8412071e+00
   1.8427659e+00
   1.8437454e+00
   1.9722768e+00
   1.9720408e+00
   1.9713488e+00
   1.9702479e+00
   1.9688130e+00
   1.9671418e+00
   1.9653483e+00
   1.9635545e+00
   1.9618827e+00
   1.9604471e+00
   1.9593454e+00
   1.9586528e+00
   1.9584165e+00
   1.9586528e+00
   1.9593454e+00
   1.9604471e+00
   1.9618827e+00
   1.9635545e+00
   1.9653483e+00
   1.9671418e+00
   1.9688130e+00
   1.9702479e+00
   1.9713488e+00
   1.9720408e+00
   1.9909667e+00
   1.9850942e+00
   1.9678434e+00
   1.9402984e+00
   1.9042111e+00
   1.8619160e+00
   1.8162036e+00
   1.7701559e+00
   1.7269444e+00
   1.6896054e+00
   1.6608086e+00
   1.6426414e+00
   1.6364335e+00
   1.6426414e+00
   1.6608086e+00
   1.6896054e+00
   1.7269444e+00
   1.7701559e+00
   1.8162036e+00
   1.8619160e+00
   1.9042111e+00
   1.9402984e+00
   1.9678434e+00
   1.9850942e+00
   2.2169088e+00
   2.2039688e+00
   2.1659036e+00
   2.1049599e+00
   2.0248167e+00
   1.9304613e+00
   1.8279769e+00
   1.7242208e+00
   1.6263912e+00
   1.5415023e+00
   1.4758131e+00
   1.4342740e+00
   1.4200626e+00
   1.4342740e+00
   1.4758131e+00
   1.5415023e+00
   1.6263912e+00
   1.7242208e+00
   1.8279769e+00
   1.9304613e+00
   2.0248167e+00
   2.1049599e+00
   2.1659036e+00
   2.2039688e+00
   2.4339428e+00
   2.4144807e+00
   2.3572294e+00
   2.2655682e+00
   2.1450303e+00
   2.0031171e+00
   1.8489779e+00
   1.6929269e+00
   1.5457908e+00
   1.4181192e+00
   1.3193254e+00
   1.2568535e+00
   1.2354807e+00
   1.2568535e+00
   1.3193254e+00
   1.4181192e+00
   1.5457908e+00
   1.6929269e+00
   1.8489779e+00
   2.0031171e+00
   2.1450303e+00
   2.2655682e+00
   2.3572294e+00
   2.4144807e+00
   2.6309545e+00
   2.6057925e+00
   2.5318273e+00
   2.4135691e+00
   2.2583527e+00
   2.0760315e+00
   1.8785011e+00
   1.6790303e+00
   1.4914089e+00
   1.3289548e+00
   1.2034624e+00
   1.1242038e+00
   1.0971050e+00
   1.1242038e+00
   1.2034624e+00
   1.3289548e+00
   1.4914089e+00
   1.6790303e+00
   1.8785011e+00
   2.0760315e+00
   2.2583527e+00
   2.4135691e+00
   2.5318273e+00
   2.6057925e+00
   2.7969184e+00
   2.7672446e+00
   2.6800914e+00
   2.5409770e+00
   2.3588065e+00
   2.1454197e+00
   1.9149385e+00
   1.6829178e+00
   1.4653270e+00
   1.2774185e+00
   1.1325723e+00
   1.0412277e+00
   1.0100209e+00
   1.0412277e+00
   1.1325723e+00
   1.2774185e+00
   1.4653270e+00
   1.6829178e+00
   1.9149385e+00
   2.1454197e+00
   2.3588065e+00
   2.5409770e+00
   2.6800914e+00
   2.7672446e+00
   2.9222699e+00
   2.8895698e+00
   2.7936102e+00
   2.6406901e+00
   2.4409029e+00
   2.2075358e+00
   1.9562533e+00
   1.7040948e+00
   1.4683365e+00
   1.2652890e+00
   1.1091170e+00
   1.0107829e+00
   9.7721517e-01
   1.0107829e+00
   1.1091170e+00
   1.2652890e+00
   1.4683365e+00
   1.7040948e+00
   1.9562533e+00
   2.2075358e+00
   2.4409029e+00
   2.6406901e+00
   2.7936102e+00
   2.8895698e+00
   2.9996379e+00
   2.9655846e+00
   2.8657446e+00
   2.7069199e+00
   2.4999318e+00
   2.2588840e+00
   2.0002030e+00
   1.7415195e+00
   1.5004677e+00
   1.2934807e+00
   1.1346662e+00
   1.0348401e+00
   1.0007935e+00
   1.0348401e+00
   1.1346662e+00
   1.2934807e+00
   1.5004677e+00
   1.7415195e+00
   2.0002030e+00
   2.2588840e+00
   2.4999318e+00
   2.7069199e+00
   2.8657446e+00
   2.9655846e+00
   3.0232026e+00
   2.9896288e+00
   2.8912821e+00
   2.7351012e+00
   2.5320532e+00
   2.2962990e+00
   2.0441428e+00
   1.7928580e+00
   1.5594868e+00
   1.3597001e+00
   1.2067889e+00
   1.1108419e+00
   1.0781479e+00
   1.1108419e+00
   1.2067889e+00
   1.3597001e+00
   1.5594868e+00
   1.7928580e+00
   2.0441428e+00
   2.2962990e+00
   2.5320532e+00
   2.7351012e+00
   2.8912821e+00
   2.9896288e+00
   2.9903579e+00
   2.9591470e+00
   2.8677940e+00
   2.7229426e+00
   2.5350353e+00
   2.3174487e+00
   2.0854303e+00
   1.8549468e+00
   1.6415558e+00
   1.4593842e+00
   1.3202749e+00
   1.2331301e+00
   1.2034604e+00
   1.2331301e+00
   1.3202749e+00
   1.4593842e+00
   1.6415558e+00
   1.8549468e+00
   2.0854303e+00
   2.3174487e+00
   2.5350353e+00
   2.7229426e+00
   2.8677940e+00
   2.9591470e+00
   2.9032198e+00
   2.8761195e+00
   2.7968585e+00
   2.6713661e+00
   2.5089154e+00
   2.3212984e+00
   2.1218296e+00
   1.9242972e+00
   1.7419716e+00
   1.5867517e+00
   1.4684935e+00
   1.3945308e+00
   1.3693703e+00
   1.3945308e+00
   1.4684935e+00
   1.5867517e+00
   1.7419716e+00
   1.9242972e+00
   2.1218296e+00
   2.3212984e+00
   2.5089154e+00
   2.6713661e+00
   2.7968585e+00
   2.8761195e+00
   2.7647944e+00
   2.7434220e+00
   2.6809519e+00
   2.5821616e+00
   2.4544947e+00
   2.3073626e+00
   2.1513132e+00
   1.9971725e+00
   1.8552551e+00
   1.7347126e+00
   1.6430480e+00
   1.5857949e+00
   1.5663323e+00
   1.5857949e+00
   1.6430480e+00
   1.7347126e+00
   1.8552551e+00
   1.9971725e+00
   2.1513132e+00
   2.3073626e+00
   2.4544947e+00
   2.5821616e+00
   2.6809519e+00
   2.7434220e+00
   2.5801828e+00
   2.5659721e+00
   2.5244353e+00
   2.4587494e+00
   2.3738639e+00
   2.2760369e+00
   2.1722818e+00
   2.0697964e+00
   1.9754384e+00
   1.8952917e+00
   1.8343448e+00
   1.7962774e+00
   1.7833366e+00
   1.7962774e+00
   1.8343448e+00
   1.8952917e+00
   1.9754384e+00
   2.0697964e+00
   2.1722818e+00
   2.2760369e+00
   2.3738639e+00
   2.4587494e+00
   2.5244353e+00
   2.5659721e+00
   2.3638017e+00
   2.3575941e+00
   2.3394276e+00
   2.3106317e+00
   2.2732936e+00
   2.2300828e+00
   2.1840353e+00
   2.1383227e+00
   2.0960269e+00
   2.0599387e+00
   2.0323928e+00
   2.0151413e+00
   2.0092686e+00
   2.0151413e+00
   2.0323928e+00
   2.0599387e+00
   2.0960269e+00
   2.1383227e+00
   2.1840353e+00
   2.2300828e+00
   2.2732936e+00
   2.3106317e+00
   2.3394276e+00
   2.3575941e+00
   1.1252849e-16
   4.5255108e-02
   8.7551236e-02
   1.2409753e-01
   1.5243693e-01
   1.7060461e-01
   1.7727091e-01
   1.7185645e-01
   1.5460517e-01
   1.2660119e-01
   8.9719465e-02
   4.6506933e-02
   8.8531157e-17
  -4.6506933e-02
  -8.9719465e-02
  -1.2660119e-01
  -1.5460517e-01
  -1.7185645e-01
  -1.7727091e-01
  -1.7060461e-01
  -1.5243693e-01
  -1.2409753e-01
  -8.7551236e-02
  -4.5255108e-02
   1.4452465e-16
   1.0074952e-01
   1.9510749e-01
   2.7699078e-01
   3.4094617e-01
   3.8248799e-01
   3.9843786e-01
   3.8723449e-01
   3.4916722e-01
   2.8648341e-01
   2.0332817e-01
   1.0549565e-01
   1.4575405e-16
  -1.0549565e-01
  -2.0332817e-01
  -2.8648341e-01
  -3.4916722e-01
  -3.8723449e-01
  -3.9843786e-01
  -3.8248799e-01
  -3.4094617e-01
  -2.7699078e-01
  -1.9510749e-01
  -1.0074952e-01
   1.4095952e-16
   1.5153134e-01
   2.9344953e-01
   4.1660528e-01
   5.1279670e-01
   5.7527700e-01
   5.9926559e-01
   5.8241410e-01
   5.2515789e-01
   4.3087767e-01
   3.0580877e-01
   1.5866650e-01
   1.6128409e-16
  -1.5866650e-01
  -3.0580877e-01
  -4.3087767e-01
  -5.2515789e-01
  -5.8241410e-01
  -5.9926559e-01
  -5.7527700e-01
  -5.1279670e-01
  -4.1660528e-01
  -2.9344953e-01
  -1.5153134e-01
   1.7752608e-16
   1.9488554e-01
   3.7721460e-01
   5.3509213e-01
   6.5795294e-01
   7.3722955e-01
   7.6698822e-01
   7.4447580e-01
   6.7050216e-01
   5.4957988e-01
   3.8975864e-01
   2.0212661e-01
   2.1129390e-16
  -2.0212661e-01
  -3.8975864e-01
  -5.4957988e-01
  -6.7050216e-01
  -7.4447580e-01
  -7.6698822e-01
  -7.3722955e-01
  -6.5795294e-01
  -5.3509213e-01
  -3.7721460e-01
  -1.9488554e-01
   3.9306933e-16
   2.2838612e-01
   4.4178374e-01
   6.2607152e-01
   7.6884452e-01
   8.6021812e-01
   8.9354293e-01
   8.6597124e-01
   7.7880642e-01
   6.3756964e-01
   4.5173667e-01
   2.3413024e-01
   2.8500352e-16
  -2.3413024e-01
  -4.5173667e-01
  -6.3756964e-01
  -7.7880642e-01
  -8.6597124e-01
  -8.9354293e-01
  -8.6021812e-01
  -7.6884452e-01
  -6.2607152e-01
  -4.4178374e-01
  -2.2838612e-01
   3.7130904e-16
   2.5009500e-01
   4.8347511e-01
   6.8447643e-01
   8.3948889e-01
   9.3785994e-01
   9.7264392e-01
   9.4114023e-01
   8.4516688e-01
   6.9102646e-01
   4.8914139e-01
   2.5336351e-01
   2.5852692e-16
  -2.5336351e-01
  -4.8914139e-01
  -6.9102646e-01
  -8.4516688e-01
  -9.4114023e-01
  -9.7264392e-01
  -9.3785994e-01
  -8.3948889e-01
  -6.8447643e-01
  -4.8347511e-01
  -2.5009500e-01
   2.2555491e-16
   2.5868765e-01
   4.9974921e-01
   7.0675895e-01
   8.6561012e-01
   9.6547583e-01
   9.9954682e-01
   9.6549657e-01
   8.6564213e-01
   7.0678906e-01
   4.9976856e-01
   2.5869564e-01
   2.6176061e-16
  -2.5869564e-01
  -4.9976856e-01
  -7.0678906e-01
  -8.6564213e-01
  -9.6549657e-01
  -9.9954682e-01
  -9.6547583e-01
  -8.6561012e-01
  -7.0675895e-01
  -4.9974921e-01
  -2.5868765e-01
   7.0473631e-17
   2.5335581e-01
   4.8912300e-01
   6.9099804e-01
   8.4513677e-01
   9.4112075e-01
   9.7264392e-01
   9.3787942e-01
   8.3951899e-01
   6.8450484e-01
   4.8349351e-01
   2.5010270e-01
   2.9805845e-16
  -2.5010270e-01
  -4.8349351e-01
  -6.8450484e-01
  -8.3951899e-01
  -9.3787942e-01
  -9.7264392e-01
  -9.4112075e-01
  -8.4513677e-01
  -6.9099804e-01
  -4.8912300e-01
  -2.5335581e-01
   5.6352434e-17
   2.3412306e-01
   4.5172042e-01
   6.3754540e-01
   7.7878120e-01
   8.6595506e-01
   8.9354293e-01
   8.6023430e-01
   7.6886974e-01
   6.2609576e-01
   4.4180000e-01
   2.2839330e-01
   2.8493997e-16
  -2.2839330e-01
  -4.4180000e-01
  -6.2609576e-01
  -7.6886974e-01
  -8.6023430e-01
  -8.9354293e-01
  -8.6595506e-01
  -7.7878120e-01
  -6.3754540e-01
  -4.5172042e-01
  -2.3412306e-01
   1.9852445e-16
   2.0211976e-01
   3.8974463e-01
   5.4956057e-01
   6.7048297e-01
   7.4446377e-01
   7.6698822e-01
   7.3724158e-01
   6.5797212e-01
   5.3511144e-01
   3.7722861e-01
   1.9489239e-01
   2.4106257e-16
  -1.9489239e-01
  -3.7722861e-01
  -5.3511144e-01
  -6.5797212e-01
  -7.3724158e-01
  -7.6698822e-01
  -7.4446377e-01
  -6.7048297e-01
  -5.4956057e-01
  -3.8974463e-01
  -2.0211976e-01
   2.1318160e-16
   1.5866041e-01
   3.0579744e-01
   4.3086342e-01
   5.2514462e-01
   5.8240607e-01
   5.9926559e-01
   5.7528503e-01
   5.1280998e-01
   4.1661952e-01
   2.9346085e-01
   1.5153743e-01
   1.6297828e-16
  -1.5153743e-01
  -2.9346085e-01
  -4.1661952e-01
  -5.1280998e-01
  -5.7528503e-01
  -5.9926559e-01
  -5.8240607e-01
  -5.2514462e-01
  -4.3086342e-01
  -3.0579744e-01
  -1.5866041e-01
   1.5946660e-16
   1.0549180e-01
   2.0332136e-01
   2.8647534e-01
   3.4916005e-01
   3.8723027e-01
   3.9843786e-01
   3.8249221e-01
   3.4095335e-01
   2.7699885e-01
   1.9511430e-01
   1.0075337e-01
   1.0954327e-16
  -1.0075337e-01
  -1.9511430e-01
  -2.7699885e-01
  -3.4095335e-01
  -3.8249221e-01
  -3.9843786e-01
  -3.8723027e-01
  -3.4916005e-01
  -2.8647534e-01
  -2.0332136e-01
  -1.0549180e-01
   3.7221943e-17
   4.6505955e-02
   8.9717766e-02
   1.2659923e-01
   1.5460346e-01
   1.7185546e-01
   1.7727091e-01
   1.7060560e-01
   1.5243864e-01
   1.2409950e-01
   8.7552935e-02
   4.5256086e-02
   1.0440287e-16
  -4.5256086e-02
  -8.7552935e-02
  -1.2409950e-01
  -1.5243864e-01
  -1.7060560e-01
  -1.7727091e-01
  -1.7185546e-01
  -1.5460346e-01
  -1.2659923e-01
  -8.9717766e-02
  -4.6505955e-02
  -1.9584165e+00
  -1.9586528e+00
  -1.9593454e+00
  -1.9604471e+00
  -1.9618827e+00
  -1.9635545e+00
  -1.9653483e+00
  -1.9671418e+00
  -1.9688130e+00
  -1.9702479e+00
  -1.9713488e+00
  -1.9720408e+00
  -1.9722768e+00
  -1.9720408e+00
  -1.9713488e+00
  -1.9702479e+00
  -1.9688130e+00
  -1.9671418e+00
  -1.9653483e+00
  -1.9635545e+00
  -1.9618827e+00
  -1.9604471e+00
  -1.9593454e+00
  -1.9586528e+00
  -1.8244350e+00
  -1.8247701e+00
  -1.8257524e+00
  -1.8273150e+00
  -1.8293511e+00
  -1.8317216e+00
  -1.8342647e+00
  -1.8368069e+00
  -1.8391748e+00
  -1.8412071e+00
  -1.8427659e+00
  -1.8437454e+00
  -1.8440794e+00
  -1.8437454e+00
  -1.8427659e+00
  -1.8412071e+00
  -1.8391748e+00
  -1.8368069e+00
  -1.8342647e+00
  -1.8317216e+00
  -1.8293511e+00
  -1.8273150e+00
  -1.8257524e+00
  -1.8247701e+00
  -1.5976113e+00
  -1.5978187e+00
  -1.5984267e+00
  -1.5993937e+00
  -1.6006535e+00
  -1.6021197e+00
  -1.6036918e+00
  -1.6052620e+00
  -1.6067230e+00
  -1.6079753e+00
  -1.6089343e+00
  -1.6095361e+00
  -1.6097412e+00
  -1.6095361e+00
  -1.6089343e+00
  -1.6079753e+00
  -1.6067230e+00
  -1.6052620e+00
  -1.6036918e+00
  -1.6021197e+00
  -1.6006535e+00
  -1.5993937e+00
  -1.5984267e+00
  -1.5978187e+00
  -1.2858826e+00
  -1.2858675e+00
  -1.2858230e+00
  -1.2857520e+00
  -1.2856591e+00
  -1.2855499e+00
  -1.2854312e+00
  -1.2853101e+00
  -1.2851942e+00
  -1.2850911e+00
  -1.2850090e+00
  -1.2849555e+00
  -1.2849369e+00
  -1.2849555e+00
  -1.2850090e+00
  -1.2850911e+00
  -1.2851942e+00
  -1.2853101e+00
  -1.2854312e+00
  -1.2855499e+00
  -1.2856591e+00
  -1.2857520e+00
  -1.2858230e+00
  -1.2858675e+00
  -9.0407715e-01
  -9.0385271e-01
  -9.0319466e-01
  -9.0214772e-01
  -9.0078296e-01
  -8.9919291e-01
  -8.9748523e-01
  -8.9577538e-01
  -8.9417898e-01
  -8.9280448e-01
  -8.9174641e-01
  -8.9107924e-01
  -8.9085124e-01
  -8.9107924e-01
  -8.9174641e-01
  -8.9280448e-01
  -8.9417898e-01
  -8.9577538e-01
  -8.9748523e-01
  -8.9919291e-01
  -9.0078296e-01
  -9.0214772e-01
  -9.0319466e-01
  -9.0385271e-01
  -4.7171394e-01
  -4.7135435e-01
  -4.7030005e-01
  -4.6862286e-01
  -4.6643691e-01
  -4.6389092e-01
  -4.6115796e-01
  -4.5842369e-01
  -4.5587387e-01
  -4.5368197e-01
  -4.5199787e-01
  -4.5093782e-01
  -4.5057595e-01
  -4.5093782e-01
  -4.5199787e-01
  -4.5368197e-01
  -4.5587387e-01
  -4.5842369e-01
  -4.6115796e-01
  -4.6389092e-01
  -4.6643691e-01
  -4.6862286e-01
  -4.7030005e-01
  -4.7135435e-01
  -1.1941146e-02
  -1.1534261e-02
  -1.0341335e-02
  -8.4436651e-03
  -5.9705728e-03
  -3.0905959e-03
  -5.2551447e-16
   3.0905959e-03
   5.9705728e-03
   8.4436651e-03
   1.0341335e-02
   1.1534261e-02
   1.1941146e-02
   1.1534261e-02
   1.0341335e-02
   8.4436651e-03
   5.9705728e-03
   3.0905959e-03
  -5.0174032e-16
  -3.0905959e-03
  -5.9705728e-03
  -8.4436651e-03
  -1.0341335e-02
  -1.1534261e-02
   4.5058761e-01
   4.5094788e-01
   4.5200411e-01
   4.5368428e-01
   4.5587375e-01
   4.5842302e-01
   4.6115796e-01
   4.6389159e-01
   4.6643704e-01
   4.6862055e-01
   4.7029381e-01
   4.7134429e-01
   4.7170228e-01
   4.7134429e-01
   4.7029381e-01
   4.6862055e-01
   4.6643704e-01
   4.6389159e-01
   4.6115796e-01
   4.5842302e-01
   4.5587375e-01
   4.5368428e-01
   4.5200411e-01
   4.5094788e-01
   8.9086743e-01
   8.9109310e-01
   8.9175471e-01
   8.9280704e-01
   8.9417810e-01
   8.9577398e-01
   8.9748523e-01
   8.9919431e-01
   9.0078384e-01
   9.0214515e-01
   9.0318636e-01
   9.0383885e-01
   9.0406096e-01
   9.0383885e-01
   9.0318636e-01
   9.0214515e-01
   9.0078384e-01
   8.9919431e-01
   8.9748523e-01
   8.9577398e-01
   8.9417810e-01
   8.9280704e-01
   8.9175471e-01
   8.9109310e-01
   1.2849484e+00
   1.2849651e+00
   1.2850139e+00
   1.2850914e+00
   1.2851920e+00
   1.2853081e+00
   1.2854312e+00
   1.2855519e+00
   1.2856613e+00
   1.2857517e+00
   1.2858180e+00
   1.2858579e+00
   1.2858711e+00
   1.2858579e+00
   1.2858180e+00
   1.2857517e+00
   1.2856613e+00
   1.2855519e+00
   1.2854312e+00
   1.2853081e+00
   1.2851920e+00
   1.2850914e+00
   1.2850139e+00
   1.2849651e+00
   1.6097417e+00
   1.6095358e+00
   1.6089320e+00
   1.6079712e+00
   1.6067187e+00
   1.6052592e+00
   1.6036918e+00
   1.6021224e+00
   1.6006578e+00
   1.5993978e+00
   1.5984291e+00
   1.5978191e+00
   1.5976108e+00
   1.5978191e+00
   1.5984291e+00
   1.5993978e+00
   1.6006578e+00
   1.6021224e+00
   1.6036918e+00
   1.6052592e+00
   1.6067187e+00
   1.6079712e+00
   1.6089320e+00
   1.6095358e+00
   1.8440705e+00
   1.8437365e+00
   1.8427573e+00
   1.8411995e+00
   1.8391689e+00
   1.8368037e+00
   1.8342647e+00
   1.8317248e+00
   1.8293570e+00
   1.8273227e+00
   1.8257610e+00
   1.8247789e+00
   1.8244439e+00
   1.8247789e+00
   1.8257610e+00
   1.8273227e+00
   1.8293570e+00
   1.8317248e+00
   1.8342647e+00
   1.8368037e+00
   1.8391689e+00
   1.8411995e+00
   1.8427573e+00
   1.8437365e+00
   1.9722689e+00
   1.9720331e+00
   1.9713418e+00
   1.9702421e+00
   1.9688089e+00
   1.9671397e+00
   1.9653483e+00
   1.9635566e+00
   1.9618868e+00
   1.9604528e+00
   1.9593523e+00
   1.9586605e+00
   1.9584245e+00
   1.9586605e+00
   1.9593523e+00
   1.9604528e+00
   1.9618868e+00
   1.9635566e+00
   1.9653483e+00
   1.9671397e+00
   1.9688089e+00
   1.9702421e+00
   1.9713418e+00
   1.9720331e+00
