  -1.5796772e-01
  -1.5795439e-01
  -1.5791530e-01
  -1.5785312e-01
  -1.5777208e-01
  -1.5767771e-01
  -1.5757643e-01
  -1.5747516e-01
  -1.5738079e-01
  -1.5729975e-01
  -1.5723756e-01
  -1.5719847e-01
  -1.5718514e-01
  -1.5719847e-01
  -1.5723756e-01
  -1.5729975e-01
  -1.5738079e-01
  -1.5747516e-01
  -1.5757643e-01
  -1.5767771e-01
  -1.5777208e-01
  -1.5785312e-01
  -1.5791530e-01
  -1.5795439e-01
  -1.3631160e-01
  -1.3629831e-01
  -1.3625935e-01
  -1.3619736e-01
  -1.3611658e-01
  -1.3602251e-01
  -1.3592156e-01
  -1.3582061e-01
  -1.3572654e-01
  -1.3564576e-01
  -1.3558378e-01
  -1.3554481e-01
  -1.3553152e-01
  -1.3554481e-01
  -1.3558378e-01
  -1.3564576e-01
  -1.3572654e-01
  -1.3582061e-01
  -1.3592156e-01
  -1.3602251e-01
  -1.3611658e-01
  -1.3619736e-01
  -1.3625935e-01
  -1.3629831e-01
  -1.0108732e-01
  -1.0117321e-01
  -1.0142504e-01
  -1.0182564e-01
  -1.0234771e-01
  -1.0295568e-01
  -1.0360811e-01
  -1.0426053e-01
  -1.0486850e-01
  -1.0539057e-01
  -1.0579117e-01
  -1.0604300e-01
  -1.0612889e-01
  -1.0604300e-01
  -1.0579117e-01
  -1.0539057e-01
  -1.0486850e-01
  -1.0426053e-01
  -1.0360811e-01
  -1.0295568e-01
  -1.0234771e-01
  -1.0182564e-01
  -1.0142504e-01
  -1.0117321e-01
  -7.0741010e-02
  -7.0683504e-02
  -7.0514904e-02
  -7.0246701e-02
  -6.9897171e-02
  -6.9490135e-02
  -6.9053332e-02
  -6.8616528e-02
  -6.8209492e-02
  -6.7859963e-02
  -6.7591759e-02
  -6.7423159e-02
  -6.7365653e-02
  -6.7423159e-02
  -6.7591759e-02
  -6.7859963e-02
  -6.8209492e-02
  -6.8616528e-02
  -6.9053332e-02
  -6.9490135e-02
  -6.9897171e-02
  -7.0246701e-02
  -7.0514904e-02
  -7.0683504e-02
  -4.4688940e-02
  -4.4503267e-02
  -4.3958902e-02
  -4.3092942e-02
  -4.1964401e-02
  -4.0650187e-02
  -3.9239862e-02
  -3.7829537e-02
  -3.6515323e-02
  -3.5386782e-02
  -3.4520822e-02
  -3.3976457e-02
  -3.3790784e-02
  -3.3976457e-02
  -3.4520822e-02
  -3.5386782e-02
  -3.6515323e-02
  -3.7829537e-02
  -3.9239862e-02
  -4.0650187e-02
  -4.1964401e-02
  -4.3092942e-02
  -4.3958902e-02
  -4.4503267e-02
  -1.2483130e-02
  -1.2634840e-02
  -1.3079631e-02
  -1.3787192e-02
  -1.4709303e-02
  -1.5783125e-02
  -1.6935477e-02
  -1.8087829e-02
  -1.9161651e-02
  -2.0083762e-02
  -2.0791323e-02
  -2.1236115e-02
  -2.1387825e-02
  -2.1236115e-02
  -2.0791323e-02
  -2.0083762e-02
  -1.9161651e-02
  -1.8087829e-02
  -1.6935477e-02
  -1.5783125e-02
  -1.4709303e-02
  -1.3787192e-02
  -1.3079631e-02
  -1.2634840e-02
   1.0846561e-02
   1.0476974e-02
   9.3933978e-03
   7.6696772e-03
   5.4232807e-03
   2.8072967e-03
   6.9001495e-17
  -2.8072967e-03
  -5.4232807e-03
  -7.6696772e-03
  -9.3933978e-03
  -1.0476974e-02
  -1.0846561e-02
  -1.0476974e-02
  -9.3933978e-03
  -7.6696772e-03
  -5.4232807e-03
  -2.8072967e-03
   3.5594126e-16
   2.8072967e-03
   5.4232807e-03
   7.6696772e-03
   9.3933978e-03
   1.0476974e-02
   2.1387825e-02
   2.1236115e-02
   2.0791323e-02
   2.0083762e-02
   1.9161651e-02
   1.8087829e-02
   1.6935477e-02
   1.5783125e-02
   1.4709303e-02
   1.3787192e-02
   1.3079631e-02
   1.2634840e-02
   1.2483130e-02
   1.2634840e-02
   1.3079631e-02
   1.3787192e-02
   1.4709303e-02
   1.5783125e-02
   1.6935477e-02
   1.8087829e-02
   1.9161651e-02
   2.0083762e-02
   2.0791323e-02
   2.1236115e-02
   3.3790784e-02
   3.3976457e-02
   3.4520822e-02
   3.5386782e-02
   3.6515323e-02
   3.7829537e-02
   3.9239862e-02
   4.0650187e-02
   4.1964401e-02
   4.3092942e-02
   4.3958902e-02
   4.4503267e-02
   4.4688940e-02
   4.4503267e-02
   4.3958902e-02
   4.3092942e-02
   4.1964401e-02
   4.0650187e-02
   3.9239862e-02
   3.7829537e-02
   3.6515323e-02
   3.5386782e-02
   3.4520822e-02
   3.3976457e-02
   6.7365653e-02
   6.7423159e-02
   6.7591759e-02
   6.7859963e-02
   6.8209492e-02
   6.8616528e-02
   6.9053332e-02
   6.9490135e-02
   6.9897171e-02
   7.0246701e-02
   7.0514904e-02
   7.0683504e-02
   7.0741010e-02
   7.0683504e-02
   7.0514904e-02
   7.0246701e-02
   6.9897171e-02
   6.9490135e-02
   6.9053332e-02
   6.8616528e-02
   6.8209492e-02
   6.7859963e-02
   6.7591759e-02
   6.7423159e-02
   1.0612889e-01
   1.0604300e-01
   1.0579117e-01
   1.0539057e-01
   1.0486850e-01
   1.0426053e-01
   1.0360811e-01
   1.0295568e-01
   1.0234771e-01
   1.0182564e-01
   1.0142504e-01
   1.0117321e-01
   1.0108732e-01
   1.0117321e-01
   1.0142504e-01
   1.0182564e-01
   1.0234771e-01
   1.0295568e-01
   1.0360811e-01
   1.0426053e-01
   1.0486850e-01
   1.0539057e-01
   1.0579117e-01
   1.0604300e-01
   1.3553152e-01
   1.3554481e-01
   1.3558378e-01
   1.3564576e-01
   1.3572654e-01
   1.3582061e-01
   1.3592156e-01
   1.3602251e-01
   1.3611658e-01
   1.3619736e-01
   1.3625935e-01
   1.3629831e-01
   1.3631160e-01
   1.3629831e-01
   1.3625935e-01
   1.3619736e-01
   1.3611658e-01
   1.3602251e-01
   1.3592156e-01
   1.3582061e-01
   1.3572654e-01
   1.3564576e-01
   1.3558378e-01
   1.3554481e-01
   1.5718514e-01
   1.5719847e-01
   1.5723756e-01
   1.5729975e-01
   1.5738079e-01
   1.5747516e-01
   1.5757643e-01
   1.5767771e-01
   1.5777208e-01
   1.5785312e-01
   1.5791530e-01
   1.5795439e-01
   1.5796772e-01
   1.5795439e-01
   1.5791530e-01
   1.5785312e-01
   1.5777208e-01
   1.5767771e-01
   1.5757643e-01
   1.5747516e-01
   1.5738079e-01
   1.5729975e-01
   1.5723756e-01
   1.5719847e-01
  -6.4851092e-18
  -1.0127382e-04
  -1.9564600e-04
  -2.7668522e-04
  -3.3886881e-04
  -3.7795905e-04
  -3.9129200e-04
  -3.7795905e-04
  -3.3886881e-04
  -2.7668522e-04
  -1.9564600e-04
  -1.0127382e-04
  -1.0568748e-17
   1.0127382e-04
   1.9564600e-04
   2.7668522e-04
   3.3886881e-04
   3.7795905e-04
   3.9129200e-04
   3.7795905e-04
   3.3886881e-04
   2.7668522e-04
   1.9564600e-04
   1.0127382e-04
   1.0838934e-17
  -1.0094956e-04
  -1.9501957e-04
  -2.7579933e-04
  -3.3778381e-04
  -3.7674888e-04
  -3.9003915e-04
  -3.7674888e-04
  -3.3778381e-04
  -2.7579933e-04
  -1.9501957e-04
  -1.0094956e-04
   2.2468078e-18
   1.0094956e-04
   1.9501957e-04
   2.7579933e-04
   3.3778381e-04
   3.7674888e-04
   3.9003915e-04
   3.7674888e-04
   3.3778381e-04
   2.7579933e-04
   1.9501957e-04
   1.0094956e-04
   1.7406805e-17
   6.5242743e-04
   1.2603930e-03
   1.7824649e-03
   2.1830647e-03
   2.4348923e-03
   2.5207860e-03
   2.4348923e-03
   2.1830647e-03
   1.7824649e-03
   1.2603930e-03
   6.5242743e-04
   3.3542266e-17
  -6.5242743e-04
  -1.2603930e-03
  -1.7824649e-03
  -2.1830647e-03
  -2.4348923e-03
  -2.5207860e-03
  -2.4348923e-03
  -2.1830647e-03
  -1.7824649e-03
  -1.2603930e-03
  -6.5242743e-04
   8.2892305e-17
  -4.3680339e-04
  -8.4383936e-04
  -1.1933691e-03
  -1.4615726e-03
  -1.6301725e-03
  -1.6876787e-03
  -1.6301725e-03
  -1.4615726e-03
  -1.1933691e-03
  -8.4383936e-04
  -4.3680339e-04
   3.6796468e-17
   4.3680339e-04
   8.4383936e-04
   1.1933691e-03
   1.4615726e-03
   1.6301725e-03
   1.6876787e-03
   1.6301725e-03
   1.4615726e-03
   1.1933691e-03
   8.4383936e-04
   4.3680339e-04
   1.2335583e-16
  -1.4103252e-03
  -2.7245391e-03
  -3.8530802e-03
  -4.7190402e-03
  -5.2634054e-03
  -5.4490782e-03
  -5.2634054e-03
  -4.7190402e-03
  -3.8530802e-03
  -2.7245391e-03
  -1.4103252e-03
   4.4450449e-17
   1.4103252e-03
   2.7245391e-03
   3.8530802e-03
   4.7190402e-03
   5.2634054e-03
   5.4490782e-03
   5.2634054e-03
   4.7190402e-03
   3.8530802e-03
   2.7245391e-03
   1.4103252e-03
   1.0439837e-16
   1.1523524e-03
   2.2261738e-03
   3.1482852e-03
   3.8558461e-03
   4.3006375e-03
   4.4523476e-03
   4.3006375e-03
   3.8558461e-03
   3.1482852e-03
   2.2261738e-03
   1.1523524e-03
   6.1775589e-17
  -1.1523524e-03
  -2.2261738e-03
  -3.1482852e-03
  -3.8558461e-03
  -4.3006375e-03
  -4.4523476e-03
  -4.3006375e-03
  -3.8558461e-03
  -3.1482852e-03
  -2.2261738e-03
  -1.1523524e-03
   9.0118628e-17
   2.8072967e-03
   5.4232807e-03
   7.6696772e-03
   9.3933978e-03
   1.0476974e-02
   1.0846561e-02
   1.0476974e-02
   9.3933978e-03
   7.6696772e-03
   5.4232807e-03
   2.8072967e-03
   4.6798676e-17
  -2.8072967e-03
  -5.4232807e-03
  -7.6696772e-03
  -9.3933978e-03
  -1.0476974e-02
  -1.0846561e-02
  -1.0476974e-02
  -9.3933978e-03
  -7.6696772e-03
  -5.4232807e-03
  -2.8072967e-03
   8.7063142e-17
   1.1523524e-03
   2.2261738e-03
   3.1482852e-03
   3.8558461e-03
   4.3006375e-03
   4.4523476e-03
   4.3006375e-03
   3.8558461e-03
   3.1482852e-03
   2.2261738e-03
   1.1523524e-03
   7.3227176e-17
  -1.1523524e-03
  -2.2261738e-03
  -3.1482852e-03
  -3.8558461e-03
  -4.3006375e-03
  -4.4523476e-03
  -4.3006375e-03
  -3.8558461e-03
  -3.1482852e-03
  -2.2261738e-03
  -1.1523524e-03
   9.2551531e-17
  -1.4103252e-03
  -2.7245391e-03
  -3.8530802e-03
  -4.7190402e-03
  -5.2634054e-03
  -5.4490782e-03
  -5.2634054e-03
  -4.7190402e-03
  -3.8530802e-03
  -2.7245391e-03
  -1.4103252e-03
   6.2724709e-17
   1.4103252e-03
   2.7245391e-03
   3.8530802e-03
   4.7190402e-03
   5.2634054e-03
   5.4490782e-03
   5.2634054e-03
   4.7190402e-03
   3.8530802e-03
   2.7245391e-03
   1.4103252e-03
   8.0231808e-17
  -4.3680339e-04
  -8.4383936e-04
  -1.1933691e-03
  -1.4615726e-03
  -1.6301725e-03
  -1.6876787e-03
  -1.6301725e-03
  -1.4615726e-03
  -1.1933691e-03
  -8.4383936e-04
  -4.3680339e-04
   3.2937088e-17
   4.3680339e-04
   8.4383936e-04
   1.1933691e-03
   1.4615726e-03
   1.6301725e-03
   1.6876787e-03
   1.6301725e-03
   1.4615726e-03
   1.1933691e-03
   8.4383936e-04
   4.3680339e-04
   4.7456927e-17
   6.5242743e-04
   1.2603930e-03
   1.7824649e-03
   2.1830647e-03
   2.4348923e-03
   2.5207860e-03
   2.4348923e-03
   2.1830647e-03
   1.7824649e-03
   1.2603930e-03
   6.5242743e-04
   3.2402610e-17
  -6.5242743e-04
  -1.2603930e-03
  -1.7824649e-03
  -2.1830647e-03
  -2.4348923e-03
  -2.5207860e-03
  -2.4348923e-03
  -2.1830647e-03
  -1.7824649e-03
  -1.2603930e-03
  -6.5242743e-04
   2.0278075e-17
  -1.0094956e-04
  -1.9501957e-04
  -2.7579933e-04
  -3.3778381e-04
  -3.7674888e-04
  -3.9003915e-04
  -3.7674888e-04
  -3.3778381e-04
  -2.7579933e-04
  -1.9501957e-04
  -1.0094956e-04
   1.0068575e-17
   1.0094956e-04
   1.9501957e-04
   2.7579933e-04
   3.3778381e-04
   3.7674888e-04
   3.9003915e-04
   3.7674888e-04
   3.3778381e-04
   2.7579933e-04
   1.9501957e-04
   1.0094956e-04
   2.3555986e-18
  -1.0127382e-04
  -1.9564600e-04
  -2.7668522e-04
  -3.3886881e-04
  -3.7795905e-04
  -3.9129200e-04
  -3.7795905e-04
  -3.3886881e-04
  -2.7668522e-04
  -1.9564600e-04
  -1.0127382e-04
  -6.8195417e-18
   1.0127382e-04
   1.9564600e-04
   2.7668522e-04
   3.3886881e-04
   3.7795905e-04
   3.9129200e-04
   3.7795905e-04
   3.3886881e-04
   2.7668522e-04
   1.9564600e-04
   1.0127382e-04
   7.8535329e-04
   7.8535329e-04
   7.8535329e-04
   7.8535329e-04
   7.8535329e-04
   7.8535329e-04
   7.8535329e-04
   7.8535329e-04
   7.8535329e-04
   7.8535329e-04
   7.8535329e-04
   7.8535329e-04
   7.8535329e-04
   7.8535329e-04
   7.8535329e-04
   7.8535329e-04
   7.8535329e-04
   7.8535329e-04
   7.8535329e-04
   7.8535329e-04
   7.8535329e-04
   7.8535329e-04
   7.8535329e-04
   7.8535329e-04
   1.3708904e-03
   1.3708904e-03
   1.3708904e-03
   1.3708904e-03
   1.3708904e-03
   1.3708904e-03
   1.3708904e-03
   1.3708904e-03
   1.3708904e-03
   1.3708904e-03
   1.3708904e-03
   1.3708904e-03
   1.3708904e-03
   1.3708904e-03
   1.3708904e-03
   1.3708904e-03
   1.3708904e-03
   1.3708904e-03
   1.3708904e-03
   1.3708904e-03
   1.3708904e-03
   1.3708904e-03
   1.3708904e-03
   1.3708904e-03
  -9.6111277e-04
  -9.6111277e-04
  -9.6111277e-04
  -9.6111277e-04
  -9.6111277e-04
  -9.6111277e-04
  -9.6111277e-04
  -9.6111277e-04
  -9.6111277e-04
  -9.6111277e-04
  -9.6111277e-04
  -9.6111277e-04
  -9.6111277e-04
  -9.6111277e-04
  -9.6111277e-04
  -9.6111277e-04
  -9.6111277e-04
  -9.6111277e-04
  -9.6111277e-04
  -9.6111277e-04
  -9.6111277e-04
  -9.6111277e-04
  -9.6111277e-04
  -9.6111277e-04
  -1.2885043e-03
  -1.2885043e-03
  -1.2885043e-03
  -1.2885043e-03
  -1.2885043e-03
  -1.2885043e-03
  -1.2885043e-03
  -1.2885043e-03
  -1.2885043e-03
  -1.2885043e-03
  -1.2885043e-03
  -1.2885043e-03
  -1.2885043e-03
  -1.2885043e-03
  -1.2885043e-03
  -1.2885043e-03
  -1.2885043e-03
  -1.2885043e-03
  -1.2885043e-03
  -1.2885043e-03
  -1.2885043e-03
  -1.2885043e-03
  -1.2885043e-03
  -1.2885043e-03
  -1.1954127e-03
  -1.1954127e-03
  -1.1954127e-03
  -1.1954127e-03
  -1.1954127e-03
  -1.1954127e-03
  -1.1954127e-03
  -1.1954127e-03
  -1.1954127e-03
  -1.1954127e-03
  -1.1954127e-03
  -1.1954127e-03
  -1.1954127e-03
  -1.1954127e-03
  -1.1954127e-03
  -1.1954127e-03
  -1.1954127e-03
  -1.1954127e-03
  -1.1954127e-03
  -1.1954127e-03
  -1.1954127e-03
  -1.1954127e-03
  -1.1954127e-03
  -1.1954127e-03
   1.0773362e-03
   1.0773362e-03
   1.0773362e-03
   1.0773362e-03
   1.0773362e-03
   1.0773362e-03
   1.0773362e-03
   1.0773362e-03
   1.0773362e-03
   1.0773362e-03
   1.0773362e-03
   1.0773362e-03
   1.0773362e-03
   1.0773362e-03
   1.0773362e-03
   1.0773362e-03
   1.0773362e-03
   1.0773362e-03
   1.0773362e-03
   1.0773362e-03
   1.0773362e-03
   1.0773362e-03
   1.0773362e-03
   1.0773362e-03
  -8.0017508e-17
  -5.1616494e-17
  -4.8643408e-17
  -7.4261073e-17
  -6.2540678e-17
  -3.9537804e-17
  -4.4182086e-17
  -2.3857530e-17
  -9.6612578e-18
  -3.9575073e-17
  -6.0667464e-17
  -4.2270756e-17
  -4.7343213e-17
  -5.6508533e-17
  -5.0789790e-17
  -1.6560341e-17
  -1.9505475e-17
  -4.9083018e-17
  -5.1438617e-17
  -3.4492876e-17
  -4.4318458e-17
  -4.0708403e-17
  -5.9133064e-17
  -8.8365018e-17
  -1.0773362e-03
  -1.0773362e-03
  -1.0773362e-03
  -1.0773362e-03
  -1.0773362e-03
  -1.0773362e-03
  -1.0773362e-03
  -1.0773362e-03
  -1.0773362e-03
  -1.0773362e-03
  -1.0773362e-03
  -1.0773362e-03
  -1.0773362e-03
  -1.0773362e-03
  -1.0773362e-03
  -1.0773362e-03
  -1.0773362e-03
  -1.0773362e-03
  -1.0773362e-03
  -1.0773362e-03
  -1.0773362e-03
  -1.0773362e-03
  -1.0773362e-03
  -1.0773362e-03
   1.1954127e-03
   1.1954127e-03
   1.1954127e-03
   1.1954127e-03
   1.1954127e-03
   1.1954127e-03
   1.1954127e-03
   1.1954127e-03
   1.1954127e-03
   1.1954127e-03
   1.1954127e-03
   1.1954127e-03
   1.1954127e-03
   1.1954127e-03
   1.1954127e-03
   1.1954127e-03
   1.1954127e-03
   1.1954127e-03
   1.1954127e-03
   1.1954127e-03
   1.1954127e-03
   1.1954127e-03
   1.1954127e-03
   1.1954127e-03
   1.2885043e-03
   1.2885043e-03
   1.2885043e-03
   1.2885043e-03
   1.2885043e-03
   1.2885043e-03
   1.2885043e-03
   1.2885043e-03
   1.2885043e-03
   1.2885043e-03
   1.2885043e-03
   1.2885043e-03
   1.2885043e-03
   1.2885043e-03
   1.2885043e-03
   1.2885043e-03
   1.2885043e-03
   1.2885043e-03
   1.2885043e-03
   1.2885043e-03
   1.2885043e-03
   1.2885043e-03
   1.2885043e-03
   1.2885043e-03
   9.6111277e-04
   9.6111277e-04
   9.6111277e-04
   9.6111277e-04
   9.6111277e-04
   9.6111277e-04
   9.6111277e-04
   9.6111277e-04
   9.6111277e-04
   9.6111277e-04
   9.6111277e-04
   9.6111277e-04
   9.6111277e-04
   9.6111277e-04
   9.6111277e-04
   9.6111277e-04
   9.6111277e-04
   9.6111277e-04
   9.6111277e-04
   9.6111277e-04
   9.6111277e-04
   9.6111277e-04
   9.6111277e-04
   9.6111277e-04
  -1.3708904e-03
  -1.3708904e-03
  -1.3708904e-03
  -1.3708904e-03
  -1.3708904e-03
  -1.3708904e-03
  -1.3708904e-03
  -1.3708904e-03
  -1.3708904e-03
  -1.3708904e-03
  -1.3708904e-03
  -1.3708904e-03
  -1.3708904e-03
  -1.3708904e-03
  -1.3708904e-03
  -1.3708904e-03
  -1.3708904e-03
  -1.3708904e-03
  -1.3708904e-03
  -1.3708904e-03
  -1.3708904e-03
  -1.3708904e-03
  -1.3708904e-03
  -1.3708904e-03
  -7.8535329e-04
  -7.8535329e-04
  -7.8535329e-04
  -7.8535329e-04
  -7.8535329e-04
  -7.8535329e-04
  -7.8535329e-04
  -7.8535329e-04
  -7.8535329e-04
  -7.8535329e-04
  -7.8535329e-04
  -7.8535329e-04
  -7.8535329e-04
  -7.8535329e-04
  -7.8535329e-04
  -7.8535329e-04
  -7.8535329e-04
  -7.8535329e-04
  -7.8535329e-04
  -7.8535329e-04
  -7.8535329e-04
  -7.8535329e-04
  -7.8535329e-04
  -7.8535329e-04
