  -2.0080653e+00
  -2.0139509e+00
  -2.0312378e+00
  -2.0588323e+00
  -2.0949696e+00
  -2.1373024e+00
  -2.1830305e+00
  -2.2290684e+00
  -2.2722478e+00
  -2.3095415e+00
  -2.3382924e+00
  -2.3564258e+00
  -2.3626214e+00
  -2.3564258e+00
  -2.3382924e+00
  -2.3095415e+00
  -2.2722478e+00
  -2.2290684e+00
  -2.1830305e+00
  -2.1373024e+00
  -2.0949696e+00
  -2.0588323e+00
  -2.0312378e+00
  -2.0139509e+00
  -1.7821319e+00
  -1.7951001e+00
  -1.8332421e+00
  -1.8942897e+00
  -1.9745350e+00
  -2.0689611e+00
  -2.1714637e+00
  -2.2751782e+00
  -2.3729154e+00
  -2.4576838e+00
  -2.5232547e+00
  -2.5647082e+00
  -2.5788884e+00
  -2.5647082e+00
  -2.5232547e+00
  -2.4576838e+00
  -2.3729154e+00
  -2.2751782e+00
  -2.1714637e+00
  -2.0689611e+00
  -1.9745350e+00
  -1.8942897e+00
  -1.8332421e+00
  -1.7951001e+00
  -1.5657425e+00
  -1.5852121e+00
  -1.6424839e+00
  -1.7341727e+00
  -1.8547360e+00
  -1.9966627e+00
  -2.1507958e+00
  -2.3068193e+00
  -2.4539108e+00
  -2.5815303e+00
  -2.6802762e+00
  -2.7427149e+00
  -2.7640760e+00
  -2.7427149e+00
  -2.6802762e+00
  -2.5815303e+00
  -2.4539108e+00
  -2.3068193e+00
  -2.1507958e+00
  -1.9966627e+00
  -1.8547360e+00
  -1.7341727e+00
  -1.6424839e+00
  -1.5852121e+00
  -1.3691934e+00
  -1.3943473e+00
  -1.4682919e+00
  -1.5865251e+00
  -1.7417199e+00
  -1.9240274e+00
  -2.1215538e+00
  -2.3210305e+00
  -2.5086674e+00
  -2.6711449e+00
  -2.7966638e+00
  -2.8759442e+00
  -2.9030516e+00
  -2.8759442e+00
  -2.7966638e+00
  -2.6711449e+00
  -2.5086674e+00
  -2.3210305e+00
  -2.1215538e+00
  -1.9240274e+00
  -1.7417199e+00
  -1.5865251e+00
  -1.4682919e+00
  -1.3943473e+00
  -1.2032630e+00
  -1.2329346e+00
  -1.3200848e+00
  -1.4592016e+00
  -1.6413819e+00
  -1.8547820e+00
  -2.0852741e+00
  -2.3173001e+00
  -2.5348928e+00
  -2.7228046e+00
  -2.8676589e+00
  -2.9590134e+00
  -2.9902249e+00
  -2.9590134e+00
  -2.8676589e+00
  -2.7228046e+00
  -2.5348928e+00
  -2.3173001e+00
  -2.0852741e+00
  -1.8547820e+00
  -1.6413819e+00
  -1.4592016e+00
  -1.3200848e+00
  -1.2329346e+00
  -1.0780159e+00
  -1.1107136e+00
  -1.2066706e+00
  -1.3595949e+00
  -1.5593942e+00
  -1.7927747e+00
  -2.0440629e+00
  -2.2962160e+00
  -2.5319612e+00
  -2.7349970e+00
  -2.8911655e+00
  -2.9895032e+00
  -3.0230736e+00
  -2.9895032e+00
  -2.8911655e+00
  -2.7349970e+00
  -2.5319612e+00
  -2.2962160e+00
  -2.0440629e+00
  -1.7927747e+00
  -1.5593942e+00
  -1.3595949e+00
  -1.2066706e+00
  -1.1107136e+00
  -1.0008090e+00
  -1.0348555e+00
  -1.1346806e+00
  -1.2934930e+00
  -1.5004765e+00
  -1.7415242e+00
  -2.0002032e+00
  -2.2588799e+00
  -2.4999236e+00
  -2.7069081e+00
  -2.8657301e+00
  -2.9655684e+00
  -2.9996211e+00
  -2.9655684e+00
  -2.8657301e+00
  -2.7069081e+00
  -2.4999236e+00
  -2.2588799e+00
  -2.0002032e+00
  -1.7415242e+00
  -1.5004765e+00
  -1.2934930e+00
  -1.1346806e+00
  -1.0348555e+00
  -9.7734314e-01
  -1.0109079e+00
  -1.1092338e+00
  -1.2653938e+00
  -1.4684291e+00
  -1.7041783e+00
  -1.9563336e+00
  -2.2076196e+00
  -2.4409961e+00
  -2.6407960e+00
  -2.7937286e+00
  -2.8896975e+00
  -2.9224009e+00
  -2.8896975e+00
  -2.7937286e+00
  -2.6407960e+00
  -2.4409961e+00
  -2.2076196e+00
  -1.9563336e+00
  -1.7041783e+00
  -1.4684291e+00
  -1.2653938e+00
  -1.1092338e+00
  -1.0109079e+00
  -1.0101531e+00
  -1.0413608e+00
  -1.1327076e+00
  -1.2775572e+00
  -1.4654702e+00
  -1.6830670e+00
  -1.9150952e+00
  -2.1455851e+00
  -2.3589811e+00
  -2.5411602e+00
  -2.6802817e+00
  -2.7674396e+00
  -2.7971150e+00
  -2.7674396e+00
  -2.6802817e+00
  -2.5411602e+00
  -2.3589811e+00
  -2.1455851e+00
  -1.9150952e+00
  -1.6830670e+00
  -1.4654702e+00
  -1.2775572e+00
  -1.1327076e+00
  -1.0413608e+00
  -1.0972725e+00
  -1.1243787e+00
  -1.2036572e+00
  -1.3291765e+00
  -1.4916576e+00
  -1.6792989e+00
  -1.8787776e+00
  -2.0763020e+00
  -2.2586050e+00
  -2.4137963e+00
  -2.5320291e+00
  -2.6059756e+00
  -2.6311307e+00
  -2.6059756e+00
  -2.5320291e+00
  -2.4137963e+00
  -2.2586050e+00
  -2.0763020e+00
  -1.8787776e+00
  -1.6792989e+00
  -1.4916576e+00
  -1.3291765e+00
  -1.2036572e+00
  -1.1243787e+00
  -1.2361997e+00
  -1.2575613e+00
  -1.3200020e+00
  -1.4187516e+00
  -1.5463757e+00
  -1.6934713e+00
  -1.8494963e+00
  -2.0036279e+00
  -2.1455505e+00
  -2.2661091e+00
  -2.3577942e+00
  -2.4150641e+00
  -2.4345332e+00
  -2.4150641e+00
  -2.3577942e+00
  -2.2661091e+00
  -2.1455505e+00
  -2.0036279e+00
  -1.8494963e+00
  -1.6934713e+00
  -1.5463757e+00
  -1.4187516e+00
  -1.3200020e+00
  -1.2575613e+00
  -1.4213588e+00
  -1.4355398e+00
  -1.4769954e+00
  -1.5425695e+00
  -1.6273411e+00
  -1.7250808e+00
  -1.8287963e+00
  -1.9312980e+00
  -2.0257216e+00
  -2.1059635e+00
  -2.1670081e+00
  -2.2051479e+00
  -2.2181153e+00
  -2.2051479e+00
  -2.1670081e+00
  -2.1059635e+00
  -2.0257216e+00
  -1.9312980e+00
  -1.8287963e+00
  -1.7250808e+00
  -1.6273411e+00
  -1.5425695e+00
  -1.4769954e+00
  -1.4355398e+00
  -1.6376157e+00
  -1.6438115e+00
  -1.6619455e+00
  -1.6906973e+00
  -1.7279918e+00
  -1.7711719e+00
  -1.8172100e+00
  -1.8629379e+00
  -1.9052701e+00
  -1.9414065e+00
  -1.9690002e+00
  -1.9862864e+00
  -1.9921718e+00
  -1.9862864e+00
  -1.9690002e+00
  -1.9414065e+00
  -1.9052701e+00
  -1.8629379e+00
  -1.8172100e+00
  -1.7711719e+00
  -1.7279918e+00
  -1.6906973e+00
  -1.6619455e+00
  -1.6438115e+00
   6.9864459e-17
   4.5305756e-02
   8.7639546e-02
   1.2420097e-01
   1.5252937e-01
   1.7066323e-01
   1.7728217e-01
   1.7181960e-01
   1.5453226e-01
   1.2651371e-01
   8.9642445e-02
   4.6462132e-02
  -4.0325977e-17
  -4.6462132e-02
  -8.9642445e-02
  -1.2651371e-01
  -1.5453226e-01
  -1.7181960e-01
  -1.7728217e-01
  -1.7066323e-01
  -1.5252937e-01
  -1.2420097e-01
  -8.7639546e-02
  -4.5305756e-02
   2.9618390e-17
   1.0084949e-01
   1.9527840e-01
   2.7718241e-01
   3.4110075e-01
   3.8255611e-01
   3.9839240e-01
   3.8707856e-01
   3.4893398e-01
   2.8622762e-01
   2.0311195e-01
   1.0537226e-01
   2.3103019e-17
  -1.0537226e-01
  -2.0311195e-01
  -2.8622762e-01
  -3.4893398e-01
  -3.8707856e-01
  -3.9839240e-01
  -3.8255611e-01
  -3.4110075e-01
  -2.7718241e-01
  -1.9527840e-01
  -1.0084949e-01
   1.9215572e-17
   1.5155470e-01
   2.9348731e-01
   4.1664150e-01
   5.1281238e-01
   5.7525599e-01
   5.9920033e-01
   5.8230905e-01
   5.2502923e-01
   4.3074930e-01
   3.0570593e-01
   1.5860953e-01
   1.8096821e-16
  -1.5860953e-01
  -3.0570593e-01
  -4.3074930e-01
  -5.2502923e-01
  -5.8230905e-01
  -5.9920033e-01
  -5.7525599e-01
  -5.1281238e-01
  -4.1664150e-01
  -2.9348731e-01
  -1.5155470e-01
   1.6340726e-16
   1.9486731e-01
   3.7718518e-01
   5.3506152e-01
   6.5792962e-01
   7.3721853e-01
   7.6699144e-01
   7.4449299e-01
   6.7053095e-01
   5.4961500e-01
   3.8979139e-01
   2.0214665e-01
   4.3047759e-17
  -2.0214665e-01
  -3.8979139e-01
  -5.4961500e-01
  -6.7053095e-01
  -7.4449299e-01
  -7.6699144e-01
  -7.3721853e-01
  -6.5792962e-01
  -5.3506152e-01
  -3.7718518e-01
  -1.9486731e-01
   1.2772661e-16
   2.2840343e-01
   4.4181893e-01
   6.2612141e-01
   7.6889973e-01
   8.6026604e-01
   8.9357387e-01
   8.6598303e-01
   7.7880462e-01
   6.3756334e-01
   4.5173245e-01
   2.3412908e-01
  -8.9157848e-17
  -2.3412908e-01
  -4.5173245e-01
  -6.3756334e-01
  -7.7880462e-01
  -8.6598303e-01
  -8.9357387e-01
  -8.6026604e-01
  -7.6889973e-01
  -6.2612141e-01
  -4.4181893e-01
  -2.2840343e-01
   2.0925372e-17
   2.5011524e-01
   4.8351501e-01
   6.8452948e-01
   8.3954031e-01
   9.3789183e-01
   9.7264412e-01
   9.4110867e-01
   8.4511561e-01
   6.9097350e-01
   4.8910170e-01
   2.5334350e-01
   6.0293652e-17
  -2.5334350e-01
  -4.8910170e-01
  -6.9097350e-01
  -8.4511561e-01
  -9.4110867e-01
  -9.7264412e-01
  -9.3789183e-01
  -8.3954031e-01
  -6.8452948e-01
  -4.8351501e-01
  -2.5011524e-01
   4.2012227e-17
   2.5869115e-01
   4.9975965e-01
   7.0677630e-01
   8.6562659e-01
   9.6547948e-01
   9.9952937e-01
   9.6545914e-01
   8.6559524e-01
   7.0674683e-01
   4.9974064e-01
   2.5868321e-01
   9.7683369e-17
  -2.5868321e-01
  -4.9974064e-01
  -7.0674683e-01
  -8.6559524e-01
  -9.6545914e-01
  -9.9952937e-01
  -9.6547948e-01
  -8.6562659e-01
  -7.0677630e-01
  -4.9975965e-01
  -2.5869115e-01
   4.7431489e-18
   2.5335110e-01
   4.8911968e-01
   6.9100119e-01
   8.4514498e-01
   9.4112769e-01
   9.7264412e-01
   9.3787281e-01
   8.3951094e-01
   6.8450178e-01
   4.8349702e-01
   2.5010764e-01
   1.2836701e-16
  -2.5010764e-01
  -4.8349702e-01
  -6.8450178e-01
  -8.3951094e-01
  -9.3787281e-01
  -9.7264412e-01
  -9.4112769e-01
  -8.4514498e-01
  -6.9100119e-01
  -4.8911968e-01
  -2.5335110e-01
  -1.2357087e-16
   2.3413617e-01
   4.5174834e-01
   6.3758691e-01
   7.7882914e-01
   8.6599879e-01
   8.9357387e-01
   8.6025028e-01
   7.6887521e-01
   6.2609785e-01
   4.4180304e-01
   2.2839633e-01
   2.6105477e-16
  -2.2839633e-01
  -4.4180304e-01
  -6.2609785e-01
  -7.6887521e-01
  -8.6025028e-01
  -8.9357387e-01
  -8.6599879e-01
  -7.7882914e-01
  -6.3758691e-01
  -4.5174834e-01
  -2.3413617e-01
  -6.0321589e-17
   2.0215350e-01
   3.8980522e-01
   5.4963390e-01
   6.7054966e-01
   7.4450472e-01
   7.6699144e-01
   7.3720680e-01
   6.5791090e-01
   5.3504262e-01
   3.7717134e-01
   1.9486047e-01
   2.2588500e-16
  -1.9486047e-01
  -3.7717134e-01
  -5.3504262e-01
  -6.5791090e-01
  -7.3720680e-01
  -7.6699144e-01
  -7.4450472e-01
  -6.7054966e-01
  -5.4963390e-01
  -3.8980522e-01
  -2.0215350e-01
   8.3701163e-17
   1.5861552e-01
   3.0571702e-01
   4.3076315e-01
   5.2504209e-01
   5.8231682e-01
   5.9920033e-01
   5.7524822e-01
   5.1279953e-01
   4.1662765e-01
   2.9347623e-01
   1.5154870e-01
   3.1665227e-17
  -1.5154870e-01
  -2.9347623e-01
  -4.1662765e-01
  -5.1279953e-01
  -5.7524822e-01
  -5.9920033e-01
  -5.8231682e-01
  -5.2504209e-01
  -4.3076315e-01
  -3.0571702e-01
  -1.5861552e-01
  -1.5595559e-17
   1.0537591e-01
   2.0311840e-01
   2.8623526e-01
   3.4894075e-01
   3.8708254e-01
   3.9839240e-01
   3.8255214e-01
   3.4109397e-01
   2.7717476e-01
   1.9527194e-01
   1.0084583e-01
   2.5236877e-17
  -1.0084583e-01
  -1.9527194e-01
  -2.7717476e-01
  -3.4109397e-01
  -3.8255214e-01
  -3.9839240e-01
  -3.8708254e-01
  -3.4894075e-01
  -2.8623526e-01
  -2.0311840e-01
  -1.0537591e-01
  -3.2776310e-17
   4.6463034e-02
   8.9644011e-02
   1.2651553e-01
   1.5453384e-01
   1.7182051e-01
   1.7728217e-01
   1.7066232e-01
   1.5252779e-01
   1.2419916e-01
   8.7637980e-02
   4.5304854e-02
   5.6066845e-17
  -4.5304854e-02
  -8.7637980e-02
  -1.2419916e-01
  -1.5252779e-01
  -1.7066232e-01
  -1.7728217e-01
  -1.7182051e-01
  -1.5453384e-01
  -1.2651553e-01
  -8.9644011e-02
  -4.6463034e-02
  -1.9594908e+00
  -1.9596969e+00
  -1.9603012e+00
  -1.9612624e+00
  -1.9625150e+00
  -1.9639734e+00
  -1.9655383e+00
  -1.9671030e+00
  -1.9685609e+00
  -1.9698127e+00
  -1.9707732e+00
  -1.9713769e+00
  -1.9715829e+00
  -1.9713769e+00
  -1.9707732e+00
  -1.9698127e+00
  -1.9685609e+00
  -1.9671030e+00
  -1.9655383e+00
  -1.9639734e+00
  -1.9625150e+00
  -1.9612624e+00
  -1.9603012e+00
  -1.9596969e+00
  -1.8255097e+00
  -1.8258094e+00
  -1.8266879e+00
  -1.8280847e+00
  -1.8299043e+00
  -1.8320222e+00
  -1.8342939e+00
  -1.8365646e+00
  -1.8386800e+00
  -1.8404960e+00
  -1.8418893e+00
  -1.8427651e+00
  -1.8430637e+00
  -1.8427651e+00
  -1.8418893e+00
  -1.8404960e+00
  -1.8386800e+00
  -1.8365646e+00
  -1.8342939e+00
  -1.8320222e+00
  -1.8299043e+00
  -1.8280847e+00
  -1.8266879e+00
  -1.8258094e+00
  -1.5980254e+00
  -1.5982182e+00
  -1.5987828e+00
  -1.5996795e+00
  -1.6008459e+00
  -1.6022015e+00
  -1.6036539e+00
  -1.6051046e+00
  -1.6064551e+00
  -1.6076142e+00
  -1.6085032e+00
  -1.6090619e+00
  -1.6092524e+00
  -1.6090619e+00
  -1.6085032e+00
  -1.6076142e+00
  -1.6064551e+00
  -1.6051046e+00
  -1.6036539e+00
  -1.6022015e+00
  -1.6008459e+00
  -1.5996795e+00
  -1.5987828e+00
  -1.5982182e+00
  -1.2859329e+00
  -1.2859170e+00
  -1.2858694e+00
  -1.2857910e+00
  -1.2856851e+00
  -1.2855577e+00
  -1.2854177e+00
  -1.2852753e+00
  -1.2851412e+00
  -1.2850252e+00
  -1.2849359e+00
  -1.2848795e+00
  -1.2848603e+00
  -1.2848795e+00
  -1.2849359e+00
  -1.2850252e+00
  -1.2851412e+00
  -1.2852753e+00
  -1.2854177e+00
  -1.2855577e+00
  -1.2856851e+00
  -1.2857910e+00
  -1.2858694e+00
  -1.2859170e+00
  -9.0407754e-01
  -9.0385492e-01
  -9.0320105e-01
  -9.0215780e-01
  -9.0079399e-01
  -8.9920163e-01
  -8.9748955e-01
  -8.9577529e-01
  -8.9417659e-01
  -8.9280309e-01
  -8.9174889e-01
  -8.9108611e-01
  -8.9086003e-01
  -8.9108611e-01
  -8.9174889e-01
  -8.9280309e-01
  -8.9417659e-01
  -8.9577529e-01
  -8.9748955e-01
  -8.9920163e-01
  -9.0079399e-01
  -9.0215780e-01
  -9.0320105e-01
  -9.0385492e-01
  -4.7171028e-01
  -4.7135211e-01
  -4.7030116e-01
  -4.6862723e-01
  -4.6644294e-01
  -4.6389663e-01
  -4.6116208e-01
  -4.5842622e-01
  -4.5587607e-01
  -4.5368586e-01
  -4.5200511e-01
  -4.5094851e-01
  -4.5058812e-01
  -4.5094851e-01
  -4.5200511e-01
  -4.5368586e-01
  -4.5587607e-01
  -4.5842622e-01
  -4.6116208e-01
  -4.6389663e-01
  -4.6644294e-01
  -4.6862723e-01
  -4.7030116e-01
  -4.7135211e-01
  -1.1935695e-02
  -1.1528996e-02
  -1.0336615e-02
  -8.4398108e-03
  -5.9678474e-03
  -3.0891851e-03
  -1.6684652e-16
   3.0891851e-03
   5.9678474e-03
   8.4398108e-03
   1.0336615e-02
   1.1528996e-02
   1.1935695e-02
   1.1528996e-02
   1.0336615e-02
   8.4398108e-03
   5.9678474e-03
   3.0891851e-03
  -2.1736733e-16
  -3.0891851e-03
  -5.9678474e-03
  -8.4398108e-03
  -1.0336615e-02
  -1.1528996e-02
   4.5057658e-01
   4.5093852e-01
   4.5199883e-01
   4.5368345e-01
   4.5587609e-01
   4.5842682e-01
   4.6116208e-01
   4.6389602e-01
   4.6644293e-01
   4.6862965e-01
   4.7030744e-01
   4.7136210e-01
   4.7172183e-01
   4.7136210e-01
   4.7030744e-01
   4.6862965e-01
   4.6644293e-01
   4.6389602e-01
   4.6116208e-01
   4.5842682e-01
   4.5587609e-01
   4.5368345e-01
   4.5199883e-01
   4.5093852e-01
   8.9084409e-01
   8.9107240e-01
   8.9174055e-01
   8.9280034e-01
   8.9417727e-01
   8.9577657e-01
   8.9748955e-01
   8.9920036e-01
   9.0079331e-01
   9.0216055e-01
   9.0320939e-01
   9.0386863e-01
   9.0409348e-01
   9.0386863e-01
   9.0320939e-01
   9.0216055e-01
   9.0079331e-01
   8.9920036e-01
   8.9748955e-01
   8.9577657e-01
   8.9417727e-01
   8.9280034e-01
   8.9174055e-01
   8.9107240e-01
   1.2848491e+00
   1.2848701e+00
   1.2849308e+00
   1.2850246e+00
   1.2851431e+00
   1.2852771e+00
   1.2854177e+00
   1.2855558e+00
   1.2856831e+00
   1.2857916e+00
   1.2858745e+00
   1.2859265e+00
   1.2859442e+00
   1.2859265e+00
   1.2858745e+00
   1.2857916e+00
   1.2856831e+00
   1.2855558e+00
   1.2854177e+00
   1.2852771e+00
   1.2851431e+00
   1.2850246e+00
   1.2849308e+00
   1.2848701e+00
   1.6092514e+00
   1.6090617e+00
   1.6085049e+00
   1.6076176e+00
   1.6064589e+00
   1.6051070e+00
   1.6036539e+00
   1.6021991e+00
   1.6008421e+00
   1.5996762e+00
   1.5987811e+00
   1.5982183e+00
   1.5980264e+00
   1.5982183e+00
   1.5987811e+00
   1.5996762e+00
   1.6008421e+00
   1.6021991e+00
   1.6036539e+00
   1.6051070e+00
   1.6064589e+00
   1.6076176e+00
   1.6085049e+00
   1.6090617e+00
   1.8430711e+00
   1.8427724e+00
   1.8418965e+00
   1.8405025e+00
   1.8386850e+00
   1.8365674e+00
   1.8342939e+00
   1.8320194e+00
   1.8298993e+00
   1.8280783e+00
   1.8266807e+00
   1.8258020e+00
   1.8255023e+00
   1.8258020e+00
   1.8266807e+00
   1.8280783e+00
   1.8298993e+00
   1.8320194e+00
   1.8342939e+00
   1.8365674e+00
   1.8386850e+00
   1.8405025e+00
   1.8418965e+00
   1.8427724e+00
   1.9715895e+00
   1.9713834e+00
   1.9707790e+00
   1.9698175e+00
   1.9685643e+00
   1.9671048e+00
   1.9655383e+00
   1.9639716e+00
   1.9625115e+00
   1.9612576e+00
   1.9602954e+00
   1.9596905e+00
   1.9594841e+00
   1.9596905e+00
   1.9602954e+00
   1.9612576e+00
   1.9625115e+00
   1.9639716e+00
   1.9655383e+00
   1.9671048e+00
   1.9685643e+00
   1.9698175e+00
   1.9707790e+00
   1.9713834e+00
   1.9921718e+00
   1.9862864e+00
   1.9690002e+00
   1.9414065e+00
   1.9052701e+00
   1.8629379e+00
   1.8172100e+00
   1.7711719e+00
   1.7279918e+00
   1.6906973e+00
   1.6619455e+00
   1.6438115e+00
   1.6376157e+00
   1.6438115e+00
   1.6619455e+00
   1.6906973e+00
   1.7279918e+00
   1.7711719e+00
   1.8172100e+00
   1.8629379e+00
   1.9052701e+00
   1.9414065e+00
   1.9690002e+00
   1.9862864e+00
   2.2181153e+00
   2.2051479e+00
   2.1670081e+00
   2.1059635e+00
   2.0257216e+00
   1.9312980e+00
   1.8287963e+00
   1.7250808e+00
   1.6273411e+00
   1.5425695e+00
   1.4769954e+00
   1.4355398e+00
   1.4213588e+00
   1.4355398e+00
   1.4769954e+00
   1.5425695e+00
   1.6273411e+00
   1.7250808e+00
   1.8287963e+00
   1.9312980e+00
   2.0257216e+00
   2.1059635e+00
   2.1670081e+00
   2.2051479e+00
   2.4345332e+00
   2.4150641e+00
   2.3577942e+00
   2.2661091e+00
   2.1455505e+00
   2.0036279e+00
   1.8494963e+00
   1.6934713e+00
   1.5463757e+00
   1.4187516e+00
   1.3200020e+00
   1.2575613e+00
   1.2361997e+00
   1.2575613e+00
   1.3200020e+00
   1.4187516e+00
   1.5463757e+00
   1.6934713e+00
   1.8494963e+00
   2.0036279e+00
   2.1455505e+00
   2.2661091e+00
   2.3577942e+00
   2.4150641e+00
   2.6311307e+00
   2.6059756e+00
   2.5320291e+00
   2.4137963e+00
   2.2586050e+00
   2.0763020e+00
   1.8787776e+00
   1.6792989e+00
   1.4916576e+00
   1.3291765e+00
   1.2036572e+00
   1.1243787e+00
   1.0972725e+00
   1.1243787e+00
   1.2036572e+00
   1.3291765e+00
   1.4916576e+00
   1.6792989e+00
   1.8787776e+00
   2.0763020e+00
   2.2586050e+00
   2.4137963e+00
   2.5320291e+00
   2.6059756e+00
   2.7971150e+00
   2.7674396e+00
   2.6802817e+00
   2.5411602e+00
   2.3589811e+00
   2.1455851e+00
   1.9150952e+00
   1.6830670e+00
   1.4654702e+00
   1.2775572e+00
   1.1327076e+00
   1.0413608e+00
   1.0101531e+00
   1.0413608e+00
   1.1327076e+00
   1.2775572e+00
   1.4654702e+00
   1.6830670e+00
   1.9150952e+00
   2.1455851e+00
   2.3589811e+00
   2.5411602e+00
   2.6802817e+00
   2.7674396e+00
   2.9224009e+00
   2.8896975e+00
   2.7937286e+00
   2.6407960e+00
   2.4409961e+00
   2.2076196e+00
   1.9563336e+00
   1.7041783e+00
   1.4684291e+00
   1.2653938e+00
   1.1092338e+00
   1.0109079e+00
   9.7734314e-01
   1.0109079e+00
   1.1092338e+00
   1.2653938e+00
   1.4684291e+00
   1.7041783e+00
   1.9563336e+00
   2.2076196e+00
   2.4409961e+00
   2.6407960e+00
   2.7937286e+00
   2.8896975e+00
   2.9996211e+00
   2.9655684e+00
   2.8657301e+00
   2.7069081e+00
   2.4999236e+00
   2.2588799e+00
   2.0002032e+00
   1.7415242e+00
   1.5004765e+00
   1.2934930e+00
   1.1346806e+00
   1.0348555e+00
   1.0008090e+00
   1.0348555e+00
   1.1346806e+00
   1.2934930e+00
   1.5004765e+00
   1.7415242e+00
   2.0002032e+00
   2.2588799e+00
   2.4999236e+00
   2.7069081e+00
   2.8657301e+00
   2.9655684e+00
   3.0230736e+00
   2.9895032e+00
   2.8911655e+00
   2.7349970e+00
   2.5319612e+00
   2.2962160e+00
   2.0440629e+00
   1.7927747e+00
   1.5593942e+00
   1.3595949e+00
   1.2066706e+00
   1.1107136e+00
   1.0780159e+00
   1.1107136e+00
   1.2066706e+00
   1.3595949e+00
   1.5593942e+00
   1.7927747e+00
   2.0440629e+00
   2.2962160e+00
   2.5319612e+00
   2.7349970e+00
   2.8911655e+00
   2.9895032e+00
   2.9902249e+00
   2.9590134e+00
   2.8676589e+00
   2.7228046e+00
   2.5348928e+00
   2.3173001e+00
   2.0852741e+00
   1.8547820e+00
   1.6413819e+00
   1.4592016e+00
   1.3200848e+00
   1.2329346e+00
   1.2032630e+00
   1.2329346e+00
   1.3200848e+00
   1.4592016e+00
   1.6413819e+00
   1.8547820e+00
   2.0852741e+00
   2.3173001e+00
   2.5348928e+00
   2.7228046e+00
   2.8676589e+00
   2.9590134e+00
   2.9030516e+00
   2.8759442e+00
   2.7966638e+00
   2.6711449e+00
   2.5086674e+00
   2.3210305e+00
   2.1215538e+00
   1.9240274e+00
   1.7417199e+00
   1.5865251e+00
   1.4682919e+00
   1.3943473e+00
   1.3691934e+00
   1.3943473e+00
   1.4682919e+00
   1.5865251e+00
   1.7417199e+00
   1.9240274e+00
   2.1215538e+00
   2.3210305e+00
   2.5086674e+00
   2.6711449e+00
   2.7966638e+00
   2.8759442e+00
   2.7640760e+00
   2.7427149e+00
   2.6802762e+00
   2.5815303e+00
   2.4539108e+00
   2.3068193e+00
   2.1507958e+00
   1.9966627e+00
   1.8547360e+00
   1.7341727e+00
   1.6424839e+00
   1.5852121e+00
   1.5657425e+00
   1.5852121e+00
   1.6424839e+00
   1.7341727e+00
   1.8547360e+00
   1.9966627e+00
   2.1507958e+00
   2.3068193e+00
   2.4539108e+00
   2.5815303e+00
   2.6802762e+00
   2.7427149e+00
   2.5788884e+00
   2.5647082e+00
   2.5232547e+00
   2.4576838e+00
   2.3729154e+00
   2.2751782e+00
   2.1714637e+00
   2.0689611e+00
   1.9745350e+00
   1.8942897e+00
   1.8332421e+00
   1.7951001e+00
   1.7821319e+00
   1.7951001e+00
   1.8332421e+00
   1.8942897e+00
   1.9745350e+00
   2.0689611e+00
   2.1714637e+00
   2.2751782e+00
   2.3729154e+00
   2.4576838e+00
   2.5232547e+00
   2.5647082e+00
   2.3626214e+00
   2.3564258e+00
   2.3382924e+00
   2.3095415e+00
   2.2722478e+00
   2.2290684e+00
   2.1830305e+00
   2.1373024e+00
   2.0949696e+00
   2.0588323e+00
   2.0312378e+00
   2.0139509e+00
   2.0080653e+00
   2.0139509e+00
   2.0312378e+00
   2.0588323e+00
   2.0949696e+00
   2.1373024e+00
   2.1830305e+00
   2.2290684e+00
   2.2722478e+00
   2.3095415e+00
   2.3382924e+00
   2.3564258e+00
   1.1318550e-16
   4.5304854e-02
   8.7637980e-02
   1.2419916e-01
   1.5252779e-01
   1.7066232e-01
   1.7728217e-01
   1.7182051e-01
   1.5453384e-01
   1.2651553e-01
   8.9644011e-02
   4.6463034e-02
   8.9988786e-17
  -4.6463034e-02
  -8.9644011e-02
  -1.2651553e-01
  -1.5453384e-01
  -1.7182051e-01
  -1.7728217e-01
  -1.7066232e-01
  -1.5252779e-01
  -1.2419916e-01
  -8.7637980e-02
  -4.5304854e-02
   1.4816446e-16
   1.0084583e-01
   1.9527194e-01
   2.7717476e-01
   3.4109397e-01
   3.8255214e-01
   3.9839240e-01
   3.8708254e-01
   3.4894075e-01
   2.8623526e-01
   2.0311840e-01
   1.0537591e-01
   1.4566270e-16
  -1.0537591e-01
  -2.0311840e-01
  -2.8623526e-01
  -3.4894075e-01
  -3.8708254e-01
  -3.9839240e-01
  -3.8255214e-01
  -3.4109397e-01
  -2.7717476e-01
  -1.9527194e-01
  -1.0084583e-01
   1.4034354e-16
   1.5154870e-01
   2.9347623e-01
   4.1662765e-01
   5.1279953e-01
   5.7524822e-01
   5.9920033e-01
   5.8231682e-01
   5.2504209e-01
   4.3076315e-01
   3.0571702e-01
   1.5861552e-01
   1.5787162e-16
  -1.5861552e-01
  -3.0571702e-01
  -4.3076315e-01
  -5.2504209e-01
  -5.8231682e-01
  -5.9920033e-01
  -5.7524822e-01
  -5.1279953e-01
  -4.1662765e-01
  -2.9347623e-01
  -1.5154870e-01
   1.3904873e-16
   1.9486047e-01
   3.7717134e-01
   5.3504262e-01
   6.5791090e-01
   7.3720680e-01
   7.6699144e-01
   7.4450472e-01
   6.7054966e-01
   5.4963390e-01
   3.8980522e-01
   2.0215350e-01
   1.9538029e-16
  -2.0215350e-01
  -3.8980522e-01
  -5.4963390e-01
  -6.7054966e-01
  -7.4450472e-01
  -7.6699144e-01
  -7.3720680e-01
  -6.5791090e-01
  -5.3504262e-01
  -3.7717134e-01
  -1.9486047e-01
   3.2204092e-16
   2.2839633e-01
   4.4180304e-01
   6.2609785e-01
   7.6887521e-01
   8.6025028e-01
   8.9357387e-01
   8.6599879e-01
   7.7882914e-01
   6.3758691e-01
   4.5174834e-01
   2.3413617e-01
   2.6870969e-16
  -2.3413617e-01
  -4.5174834e-01
  -6.3758691e-01
  -7.7882914e-01
  -8.6599879e-01
  -8.9357387e-01
  -8.6025028e-01
  -7.6887521e-01
  -6.2609785e-01
  -4.4180304e-01
  -2.2839633e-01
   3.1326231e-16
   2.5010764e-01
   4.8349702e-01
   6.8450178e-01
   8.3951094e-01
   9.3787281e-01
   9.7264412e-01
   9.4112769e-01
   8.4514498e-01
   6.9100119e-01
   4.8911968e-01
   2.5335110e-01
   2.5027230e-16
  -2.5335110e-01
  -4.8911968e-01
  -6.9100119e-01
  -8.4514498e-01
  -9.4112769e-01
  -9.7264412e-01
  -9.3787281e-01
  -8.3951094e-01
  -6.8450178e-01
  -4.8349702e-01
  -2.5010764e-01
   2.2154107e-16
   2.5868321e-01
   4.9974064e-01
   7.0674683e-01
   8.6559524e-01
   9.6545914e-01
   9.9952937e-01
   9.6547948e-01
   8.6562659e-01
   7.0677630e-01
   4.9975965e-01
   2.5869115e-01
   2.5116522e-16
  -2.5869115e-01
  -4.9975965e-01
  -7.0677630e-01
  -8.6562659e-01
  -9.6547948e-01
  -9.9952937e-01
  -9.6545914e-01
  -8.6559524e-01
  -7.0674683e-01
  -4.9974064e-01
  -2.5868321e-01
   1.0174875e-16
   2.5334350e-01
   4.8910170e-01
   6.9097350e-01
   8.4511561e-01
   9.4110867e-01
   9.7264412e-01
   9.3789183e-01
   8.3954031e-01
   6.8452948e-01
   4.8351501e-01
   2.5011524e-01
   2.7943514e-16
  -2.5011524e-01
  -4.8351501e-01
  -6.8452948e-01
  -8.3954031e-01
  -9.3789183e-01
  -9.7264412e-01
  -9.4110867e-01
  -8.4511561e-01
  -6.9097350e-01
  -4.8910170e-01
  -2.5334350e-01
   8.1275364e-17
   2.3412908e-01
   4.5173245e-01
   6.3756334e-01
   7.7880462e-01
   8.6598303e-01
   8.9357387e-01
   8.6026604e-01
   7.6889973e-01
   6.2612141e-01
   4.4181893e-01
   2.2840343e-01
   2.7543965e-16
  -2.2840343e-01
  -4.4181893e-01
  -6.2612141e-01
  -7.6889973e-01
  -8.6026604e-01
  -8.9357387e-01
  -8.6598303e-01
  -7.7880462e-01
  -6.3756334e-01
  -4.5173245e-01
  -2.3412908e-01
   2.0006607e-16
   2.0214665e-01
   3.8979139e-01
   5.4961500e-01
   6.7053095e-01
   7.4449299e-01
   7.6699144e-01
   7.3721853e-01
   6.5792962e-01
   5.3506152e-01
   3.7718518e-01
   1.9486731e-01
   2.5208569e-16
  -1.9486731e-01
  -3.7718518e-01
  -5.3506152e-01
  -6.5792962e-01
  -7.3721853e-01
  -7.6699144e-01
  -7.4449299e-01
  -6.7053095e-01
  -5.4961500e-01
  -3.8979139e-01
  -2.0214665e-01
   2.1694172e-16
   1.5860953e-01
   3.0570593e-01
   4.3074930e-01
   5.2502923e-01
   5.8230905e-01
   5.9920033e-01
   5.7525599e-01
   5.1281238e-01
   4.1664150e-01
   2.9348731e-01
   1.5155470e-01
   1.9274977e-16
  -1.5155470e-01
  -2.9348731e-01
  -4.1664150e-01
  -5.1281238e-01
  -5.7525599e-01
  -5.9920033e-01
  -5.8230905e-01
  -5.2502923e-01
  -4.3074930e-01
  -3.0570593e-01
  -1.5860953e-01
   1.8258363e-16
   1.0537226e-01
   2.0311195e-01
   2.8622762e-01
   3.4893398e-01
   3.8707856e-01
   3.9839240e-01
   3.8255611e-01
   3.4110075e-01
   2.7718241e-01
   1.9527840e-01
   1.0084949e-01
   1.5004488e-16
  -1.0084949e-01
  -1.9527840e-01
  -2.7718241e-01
  -3.4110075e-01
  -3.8255611e-01
  -3.9839240e-01
  -3.8707856e-01
  -3.4893398e-01
  -2.8622762e-01
  -2.0311195e-01
  -1.0537226e-01
   7.4085016e-17
   4.6462132e-02
   8.9642445e-02
   1.2651371e-01
   1.5453226e-01
   1.7181960e-01
   1.7728217e-01
   1.7066323e-01
   1.5252937e-01
   1.2420097e-01
   8.7639546e-02
   4.5305756e-02
   1.5131844e-16
  -4.5305756e-02
  -8.7639546e-02
  -1.2420097e-01
  -1.5252937e-01
  -1.7066323e-01
  -1.7728217e-01
  -1.7181960e-01
  -1.5453226e-01
  -1.2651371e-01
  -8.9642445e-02
  -4.6462132e-02
  -1.9594841e+00
  -1.9596905e+00
  -1.9602954e+00
  -1.9612576e+00
  -1.9625115e+00
  -1.9639716e+00
  -1.9655383e+00
  -1.9671048e+00
  -1.9685643e+00
  -1.9698175e+00
  -1.9707790e+00
  -1.9713834e+00
  -1.9715895e+00
  -1.9713834e+00
  -1.9707790e+00
  -1.9698175e+00
  -1.9685643e+00
  -1.9671048e+00
  -1.9655383e+00
  -1.9639716e+00
  -1.9625115e+00
  -1.9612576e+00
  -1.9602954e+00
  -1.9596905e+00
  -1.8255023e+00
  -1.8258020e+00
  -1.8266807e+00
  -1.8280783e+00
  -1.8298993e+00
  -1.8320194e+00
  -1.8342939e+00
  -1.8365674e+00
  -1.8386850e+00
  -1.8405025e+00
  -1.8418965e+00
  -1.8427724e+00
  -1.8430711e+00
  -1.8427724e+00
  -1.8418965e+00
  -1.8405025e+00
  -1.8386850e+00
  -1.8365674e+00
  -1.8342939e+00
  -1.8320194e+00
  -1.8298993e+00
  -1.8280783e+00
  -1.8266807e+00
  -1.8258020e+00
  -1.5980264e+00
  -1.5982183e+00
  -1.5987811e+00
  -1.5996762e+00
  -1.6008421e+00
  -1.6021991e+00
  -1.6036539e+00
  -1.6051070e+00
  -1.6064589e+00
  -1.6076176e+00
  -1.6085049e+00
  -1.6090617e+00
  -1.6092514e+00
  -1.6090617e+00
  -1.6085049e+00
  -1.6076176e+00
  -1.6064589e+00
  -1.6051070e+00
  -1.6036539e+00
  -1.6021991e+00
  -1.6008421e+00
  -1.5996762e+00
  -1.5987811e+00
  -1.5982183e+00
  -1.2859442e+00
  -1.2859265e+00
  -1.2858745e+00
  -1.2857916e+00
  -1.2856831e+00
  -1.2855558e+00
  -1.2854177e+00
  -1.2852771e+00
  -1.2851431e+00
  -1.2850246e+00
  -1.2849308e+00
  -1.2848701e+00
  -1.2848491e+00
  -1.2848701e+00
  -1.2849308e+00
  -1.2850246e+00
  -1.2851431e+00
  -1.2852771e+00
  -1.2854177e+00
  -1.2855558e+00
  -1.2856831e+00
  -1.2857916e+00
  -1.2858745e+00
  -1.2859265e+00
  -9.0409348e-01
  -9.0386863e-01
  -9.0320939e-01
  -9.0216055e-01
  -9.0079331e-01
  -8.9920036e-01
  -8.9748955e-01
  -8.9577657e-01
  -8.9417727e-01
  -8.9280034e-01
  -8.9174055e-01
  -8.9107240e-01
  -8.9084409e-01
  -8.9107240e-01
  -8.9174055e-01
  -8.9280034e-01
  -8.9417727e-01
  -8.9577657e-01
  -8.9748955e-01
  -8.9920036e-01
  -9.0079331e-01
  -9.0216055e-01
  -9.0320939e-01
  -9.0386863e-01
  -4.7172183e-01
  -4.7136210e-01
  -4.7030744e-01
  -4.6862965e-01
  -4.6644293e-01
  -4.6389602e-01
  -4.6116208e-01
  -4.5842682e-01
  -4.5587609e-01
  -4.5368345e-01
  -4.5199883e-01
  -4.5093852e-01
  -4.5057658e-01
  -4.5093852e-01
  -4.5199883e-01
  -4.5368345e-01
  -4.5587609e-01
  -4.5842682e-01
  -4.6116208e-01
  -4.6389602e-01
  -4.6644293e-01
  -4.6862965e-01
  -4.7030744e-01
  -4.7136210e-01
  -1.1935695e-02
  -1.1528996e-02
  -1.0336615e-02
  -8.4398108e-03
  -5.9678474e-03
  -3.0891851e-03
  -5.0758665e-16
   3.0891851e-03
   5.9678474e-03
   8.4398108e-03
   1.0336615e-02
   1.1528996e-02
   1.1935695e-02
   1.1528996e-02
   1.0336615e-02
   8.4398108e-03
   5.9678474e-03
   3.0891851e-03
  -4.8365206e-16
  -3.0891851e-03
  -5.9678474e-03
  -8.4398108e-03
  -1.0336615e-02
  -1.1528996e-02
   4.5058812e-01
   4.5094851e-01
   4.5200511e-01
   4.5368586e-01
   4.5587607e-01
   4.5842622e-01
   4.6116208e-01
   4.6389663e-01
   4.6644294e-01
   4.6862723e-01
   4.7030116e-01
   4.7135211e-01
   4.7171028e-01
   4.7135211e-01
   4.7030116e-01
   4.6862723e-01
   4.6644294e-01
   4.6389663e-01
   4.6116208e-01
   4.5842622e-01
   4.5587607e-01
   4.5368586e-01
   4.5200511e-01
   4.5094851e-01
   8.9086003e-01
   8.9108611e-01
   8.9174889e-01
   8.9280309e-01
   8.9417659e-01
   8.9577529e-01
   8.9748955e-01
   8.9920163e-01
   9.0079399e-01
   9.0215780e-01
   9.0320105e-01
   9.0385492e-01
   9.0407754e-01
   9.0385492e-01
   9.0320105e-01
   9.0215780e-01
   9.0079399e-01
   8.9920163e-01
   8.9748955e-01
   8.9577529e-01
   8.9417659e-01
   8.9280309e-01
   8.9174889e-01
   8.9108611e-01
   1.2848603e+00
   1.2848795e+00
   1.2849359e+00
   1.2850252e+00
   1.2851412e+00
   1.2852753e+00
   1.2854177e+00
   1.2855577e+00
   1.2856851e+00
   1.2857910e+00
   1.2858694e+00
   1.2859170e+00
   1.2859329e+00
   1.2859170e+00
   1.2858694e+00
   1.2857910e+00
   1.2856851e+00
   1.2855577e+00
   1.2854177e+00
   1.2852753e+00
   1.2851412e+00
   1.2850252e+00
   1.2849359e+00
   1.2848795e+00
   1.6092524e+00
   1.6090619e+00
   1.6085032e+00
   1.6076142e+00
   1.6064551e+00
   1.6051046e+00
   1.6036539e+00
   1.6022015e+00
   1.6008459e+00
   1.5996795e+00
   1.5987828e+00
   1.5982182e+00
   1.5980254e+00
   1.5982182e+00
   1.5987828e+00
   1.5996795e+00
   1.6008459e+00
   1.6022015e+00
   1.6036539e+00
   1.6051046e+00
   1.6064551e+00
   1.6076142e+00
   1.6085032e+00
   1.6090619e+00
   1.8430637e+00
   1.8427651e+00
   1.8418893e+00
   1.8404960e+00
   1.8386800e+00
   1.8365646e+00
   1.8342939e+00
   1.8320222e+00
   1.8299043e+00
   1.8280847e+00
   1.8266879e+00
   1.8258094e+00
   1.8255097e+00
   1.8258094e+00
   1.8266879e+00
   1.8280847e+00
   1.8299043e+00
   1.8320222e+00
   1.8342939e+00
   1.8365646e+00
   1.8386800e+00
   1.8404960e+00
   1.8418893e+00
   1.8427651e+00
   1.9715829e+00
   1.9713769e+00
   1.9707732e+00
   1.9698127e+00
   1.9685609e+00
   1.9671030e+00
   1.9655383e+00
   1.9639734e+00
   1.9625150e+00
   1.9612624e+00
   1.9603012e+00
   1.9596969e+00
   1.9594908e+00
   1.9596969e+00
   1.9603012e+00
   1.9612624e+00
   1.9625150e+00
   1.9639734e+00
   1.9655383e+00
   1.9671030e+00
   1.9685609e+00
   1.9698127e+00
   1.9707732e+00
   1.9713769e+00
