0.000000000000000000e+00 1.115866573076570940e+00 2.061146885586107974e+00
0.000000000000000000e+00 1.115866573076570940e+00 5.461146885586107975e+00
0.000000000000000000e+00 1.115866573076570940e+00 8.861146885586107975e+00
0.000000000000000000e+00 1.115866573076570940e+00 1.226114688558610797e+01
0.000000000000000000e+00 1.115866573076570940e+00 1.566114688558610797e+01
0.000000000000000000e+00 2.815866573076570940e+00 9.047090060121463667e-01
0.000000000000000000e+00 2.815866573076570940e+00 4.304709006012146367e+00
0.000000000000000000e+00 2.815866573076570940e+00 7.704709006012146367e+00
0.000000000000000000e+00 2.815866573076570940e+00 1.110470900601214637e+01
0.000000000000000000e+00 2.815866573076570940e+00 1.450470900601214637e+01
0.000000000000000000e+00 4.515866573076570940e+00 8.746177556688131352e-01
0.000000000000000000e+00 4.515866573076570940e+00 4.274617755668813135e+00
0.000000000000000000e+00 4.515866573076570940e+00 7.674617755668813135e+00
0.000000000000000000e+00 4.515866573076570940e+00 1.107461775566881314e+01
0.000000000000000000e+00 4.515866573076570940e+00 1.447461775566881313e+01
0.000000000000000000e+00 6.215866573076570940e+00 2.930576494644001587e+00
0.000000000000000000e+00 6.215866573076570940e+00 6.330576494644001587e+00
0.000000000000000000e+00 6.215866573076570940e+00 9.730576494644001587e+00
0.000000000000000000e+00 6.215866573076570940e+00 1.313057649464400159e+01
0.000000000000000000e+00 6.215866573076570940e+00 1.653057649464400159e+01
0.000000000000000000e+00 7.915866573076570940e+00 2.231940672017578661e+00
0.000000000000000000e+00 7.915866573076570940e+00 5.631940672017578661e+00
0.000000000000000000e+00 7.915866573076570940e+00 9.031940672017578661e+00
0.000000000000000000e+00 7.915866573076570940e+00 1.243194067201757866e+01
0.000000000000000000e+00 7.915866573076570940e+00 1.583194067201757866e+01
0.000000000000000000e+00 9.615866573076570940e+00 1.620673238319040498e+00
0.000000000000000000e+00 9.615866573076570940e+00 5.020673238319040498e+00
0.000000000000000000e+00 9.615866573076570940e+00 8.420673238319040498e+00
0.000000000000000000e+00 9.615866573076570940e+00 1.182067323831904050e+01
0.000000000000000000e+00 9.615866573076570940e+00 1.522067323831904050e+01
0.000000000000000000e+00 1.131586657307657094e+01 5.648854029969176305e-01
0.000000000000000000e+00 1.131586657307657094e+01 3.964885402996917631e+00
0.000000000000000000e+00 1.131586657307657094e+01 7.364885402996917631e+00
0.000000000000000000e+00 1.131586657307657094e+01 1.076488540299691763e+01
0.000000000000000000e+00 1.131586657307657094e+01 1.416488540299691763e+01
0.000000000000000000e+00 1.301586657307657094e+01 2.669197668385876034e+00
0.000000000000000000e+00 1.301586657307657094e+01 6.069197668385876034e+00
0.000000000000000000e+00 1.301586657307657094e+01 9.469197668385876033e+00
0.000000000000000000e+00 1.301586657307657094e+01 1.286919766838587603e+01
0.000000000000000000e+00 1.301586657307657094e+01 1.626919766838587603e+01
0.000000000000000000e+00 1.471586657307657094e+01 4.778283028656880398e-01
0.000000000000000000e+00 1.471586657307657094e+01 3.877828302865688040e+00
0.000000000000000000e+00 1.471586657307657094e+01 7.277828302865688040e+00
0.000000000000000000e+00 1.471586657307657094e+01 1.067782830286568804e+01
0.000000000000000000e+00 1.471586657307657094e+01 1.407782830286568804e+01
0.000000000000000000e+00 1.641586657307657094e+01 3.789422284615619373e-01
0.000000000000000000e+00 1.641586657307657094e+01 3.778942228461561937e+00
0.000000000000000000e+00 1.641586657307657094e+01 7.178942228461561937e+00
0.000000000000000000e+00 1.641586657307657094e+01 1.057894222846156194e+01
0.000000000000000000e+00 1.641586657307657094e+01 1.397894222846156194e+01
1.700000000000000000e+00 2.761650440992461928e-01 3.243629261146885586e-01
1.700000000000000000e+00 2.761650440992461928e-01 3.724362926114688559e+00
1.700000000000000000e+00 2.761650440992461928e-01 7.124362926114688559e+00
1.700000000000000000e+00 2.761650440992461928e-01 1.052436292611468856e+01
1.700000000000000000e+00 2.761650440992461928e-01 1.392436292611468856e+01
1.700000000000000000e+00 1.976165044099246193e+00 5.780632953886532182e-01
1.700000000000000000e+00 1.976165044099246193e+00 3.978063295388653218e+00
1.700000000000000000e+00 1.976165044099246193e+00 7.378063295388653218e+00
1.700000000000000000e+00 1.976165044099246193e+00 1.077806329538865322e+01
1.700000000000000000e+00 1.976165044099246193e+00 1.417806329538865322e+01
1.700000000000000000e+00 3.676165044099246193e+00 1.378075502792443617e+00
1.700000000000000000e+00 3.676165044099246193e+00 4.778075502792443617e+00
1.700000000000000000e+00 3.676165044099246193e+00 8.178075502792443617e+00
1.700000000000000000e+00 3.676165044099246193e+00 1.157807550279244362e+01
1.700000000000000000e+00 3.676165044099246193e+00 1.497807550279244362e+01
1.700000000000000000e+00 5.376165044099246193e+00 3.187701040681173132e+00
1.700000000000000000e+00 5.376165044099246193e+00 6.587701040681173131e+00
1.700000000000000000e+00 5.376165044099246193e+00 9.987701040681173132e+00
1.700000000000000000e+00 5.376165044099246193e+00 1.338770104068117313e+01
1.700000000000000000e+00 5.376165044099246193e+00 1.678770104068117313e+01
1.700000000000000000e+00 7.076165044099246193e+00 1.242561113315225684e+00
1.700000000000000000e+00 7.076165044099246193e+00 4.642561113315225684e+00
1.700000000000000000e+00 7.076165044099246193e+00 8.042561113315225684e+00
1.700000000000000000e+00 7.076165044099246193e+00 1.144256111331522568e+01
1.700000000000000000e+00 7.076165044099246193e+00 1.484256111331522568e+01
1.700000000000000000e+00 8.776165044099246193e+00 1.848017822809533982e+00
1.700000000000000000e+00 8.776165044099246193e+00 5.248017822809533982e+00
1.700000000000000000e+00 8.776165044099246193e+00 8.648017822809533983e+00
1.700000000000000000e+00 8.776165044099246193e+00 1.204801782280953398e+01
1.700000000000000000e+00 8.776165044099246193e+00 1.544801782280953398e+01
1.700000000000000000e+00 1.047616504409924619e+01 2.987023529770805994e+00
1.700000000000000000e+00 1.047616504409924619e+01 6.387023529770805994e+00
1.700000000000000000e+00 1.047616504409924619e+01 9.787023529770805994e+00
1.700000000000000000e+00 1.047616504409924619e+01 1.318702352977080599e+01
1.700000000000000000e+00 1.047616504409924619e+01 1.658702352977080599e+01
1.700000000000000000e+00 1.217616504409924619e+01 2.047450178533280435e+00
1.700000000000000000e+00 1.217616504409924619e+01 5.447450178533280435e+00
1.700000000000000000e+00 1.217616504409924619e+01 8.847450178533280435e+00
1.700000000000000000e+00 1.217616504409924619e+01 1.224745017853328043e+01
1.700000000000000000e+00 1.217616504409924619e+01 1.564745017853328043e+01
1.700000000000000000e+00 1.387616504409924619e+01 2.893948179570909756e-01
1.700000000000000000e+00 1.387616504409924619e+01 3.689394817957090976e+00
1.700000000000000000e+00 1.387616504409924619e+01 7.089394817957090976e+00
1.700000000000000000e+00 1.387616504409924619e+01 1.048939481795709098e+01
1.700000000000000000e+00 1.387616504409924619e+01 1.388939481795709098e+01
1.700000000000000000e+00 1.557616504409924619e+01 2.393084505752739036e+00
1.700000000000000000e+00 1.557616504409924619e+01 5.793084505752739036e+00
1.700000000000000000e+00 1.557616504409924619e+01 9.193084505752739036e+00
1.700000000000000000e+00 1.557616504409924619e+01 1.259308450575273904e+01
1.700000000000000000e+00 1.557616504409924619e+01 1.599308450575273904e+01
3.400000000000000000e+00 8.438520462660603656e-01 2.686629840998565630e+00
3.400000000000000000e+00 8.438520462660603656e-01 6.086629840998565630e+00
3.400000000000000000e+00 8.438520462660603656e-01 9.486629840998565630e+00
3.400000000000000000e+00 8.438520462660603656e-01 1.288662984099856563e+01
3.400000000000000000e+00 8.438520462660603656e-01 1.628662984099856563e+01
3.400000000000000000e+00 2.543852046266060366e+00 3.083834345530564287e-01
3.400000000000000000e+00 2.543852046266060366e+00 3.708383434553056429e+00
3.400000000000000000e+00 2.543852046266060366e+00 7.108383434553056429e+00
3.400000000000000000e+00 2.543852046266060366e+00 1.050838343455305643e+01
3.400000000000000000e+00 2.543852046266060366e+00 1.390838343455305643e+01
3.400000000000000000e+00 4.243852046266060365e+00 1.124167607654042177e+00
3.400000000000000000e+00 4.243852046266060365e+00 4.524167607654042177e+00
3.400000000000000000e+00 4.243852046266060365e+00 7.924167607654042177e+00
3.400000000000000000e+00 4.243852046266060365e+00 1.132416760765404218e+01
3.400000000000000000e+00 4.243852046266060365e+00 1.472416760765404218e+01
3.400000000000000000e+00 5.943852046266060366e+00 2.977166051210058901e+00
3.400000000000000000e+00 5.943852046266060366e+00 6.377166051210058901e+00
3.400000000000000000e+00 5.943852046266060366e+00 9.777166051210058901e+00
3.400000000000000000e+00 5.943852046266060366e+00 1.317716605121005890e+01
3.400000000000000000e+00 5.943852046266060366e+00 1.657716605121005890e+01
3.400000000000000000e+00 7.643852046266060365e+00 1.423212378307443464e+00
3.400000000000000000e+00 7.643852046266060365e+00 4.823212378307443465e+00
3.400000000000000000e+00 7.643852046266060365e+00 8.223212378307443464e+00
3.400000000000000000e+00 7.643852046266060365e+00 1.162321237830744346e+01
3.400000000000000000e+00 7.643852046266060365e+00 1.502321237830744346e+01
3.400000000000000000e+00 9.343852046266060365e+00 2.869460127567369610e+00
3.400000000000000000e+00 9.343852046266060365e+00 6.269460127567369609e+00
3.400000000000000000e+00 9.343852046266060365e+00 9.669460127567369610e+00
3.400000000000000000e+00 9.343852046266060365e+00 1.306946012756736961e+01
3.400000000000000000e+00 9.343852046266060365e+00 1.646946012756736961e+01
3.400000000000000000e+00 1.104385204626606037e+01 9.170567949461348307e-01
3.400000000000000000e+00 1.104385204626606037e+01 4.317056794946134831e+00
3.400000000000000000e+00 1.104385204626606037e+01 7.717056794946134831e+00
3.400000000000000000e+00 1.104385204626606037e+01 1.111705679494613483e+01
3.400000000000000000e+00 1.104385204626606037e+01 1.451705679494613483e+01
3.400000000000000000e+00 1.274385204626606037e+01 2.633918271431623279e+00
3.400000000000000000e+00 1.274385204626606037e+01 6.033918271431623279e+00
3.400000000000000000e+00 1.274385204626606037e+01 9.433918271431623279e+00
3.400000000000000000e+00 1.274385204626606037e+01 1.283391827143162328e+01
3.400000000000000000e+00 1.274385204626606037e+01 1.623391827143162328e+01
3.400000000000000000e+00 1.444385204626606037e+01 1.027564317758720664e+00
3.400000000000000000e+00 1.444385204626606037e+01 4.427564317758720664e+00
3.400000000000000000e+00 1.444385204626606037e+01 7.827564317758720664e+00
3.400000000000000000e+00 1.444385204626606037e+01 1.122756431775872066e+01
3.400000000000000000e+00 1.444385204626606037e+01 1.462756431775872066e+01
3.400000000000000000e+00 1.614385204626606037e+01 2.009784234138004700e+00
3.400000000000000000e+00 1.614385204626606037e+01 5.409784234138004700e+00
3.400000000000000000e+00 1.614385204626606037e+01 8.809784234138004700e+00
3.400000000000000000e+00 1.614385204626606037e+01 1.220978423413800470e+01
3.400000000000000000e+00 1.614385204626606037e+01 1.560978423413800470e+01
5.100000000000000000e+00 1.933622241889706107e-01 1.156437879573961608e+00
5.100000000000000000e+00 1.933622241889706107e-01 4.556437879573961608e+00
5.100000000000000000e+00 1.933622241889706107e-01 7.956437879573961608e+00
5.100000000000000000e+00 1.933622241889706107e-01 1.135643787957396161e+01
5.100000000000000000e+00 1.933622241889706107e-01 1.475643787957396161e+01
5.100000000000000000e+00 1.893362224188970611e+00 1.460359508041627247e+00
5.100000000000000000e+00 1.893362224188970611e+00 4.860359508041627247e+00
5.100000000000000000e+00 1.893362224188970611e+00 8.260359508041627247e+00
5.100000000000000000e+00 1.893362224188970611e+00 1.166035950804162725e+01
5.100000000000000000e+00 1.893362224188970611e+00 1.506035950804162725e+01
5.100000000000000000e+00 3.593362224188970611e+00 3.628589739677114170e-01
5.100000000000000000e+00 3.593362224188970611e+00 3.762858973967711417e+00
5.100000000000000000e+00 3.593362224188970611e+00 7.162858973967711417e+00
5.100000000000000000e+00 3.593362224188970611e+00 1.056285897396771142e+01
5.100000000000000000e+00 3.593362224188970611e+00 1.396285897396771142e+01
5.100000000000000000e+00 5.293362224188970611e+00 1.447700430310983611e+00
5.100000000000000000e+00 5.293362224188970611e+00 4.847700430310983612e+00
5.100000000000000000e+00 5.293362224188970611e+00 8.247700430310983611e+00
5.100000000000000000e+00 5.293362224188970611e+00 1.164770043031098361e+01
5.100000000000000000e+00 5.293362224188970611e+00 1.504770043031098361e+01
5.100000000000000000e+00 6.993362224188970611e+00 2.210876796777245399e+00
5.100000000000000000e+00 6.993362224188970611e+00 5.610876796777245399e+00
5.100000000000000000e+00 6.993362224188970611e+00 9.010876796777245399e+00
5.100000000000000000e+00 6.993362224188970611e+00 1.241087679677724540e+01
5.100000000000000000e+00 6.993362224188970611e+00 1.581087679677724540e+01
5.100000000000000000e+00 8.693362224188970611e+00 2.761754203924680319e+00
5.100000000000000000e+00 8.693362224188970611e+00 6.161754203924680318e+00
5.100000000000000000e+00 8.693362224188970611e+00 9.561754203924680319e+00
5.100000000000000000e+00 8.693362224188970611e+00 1.296175420392468032e+01
5.100000000000000000e+00 8.693362224188970611e+00 1.636175420392468032e+01
5.100000000000000000e+00 1.039336222418897061e+01 2.565019684438612018e+00
5.100000000000000000e+00 1.039336222418897061e+01 5.965019684438612018e+00
5.100000000000000000e+00 1.039336222418897061e+01 9.365019684438612018e+00
5.100000000000000000e+00 1.039336222418897061e+01 1.276501968443861202e+01
5.100000000000000000e+00 1.039336222418897061e+01 1.616501968443861202e+01
5.100000000000000000e+00 1.209336222418897061e+01 8.614398632770775475e-01
5.100000000000000000e+00 1.209336222418897061e+01 4.261439863277077548e+00
5.100000000000000000e+00 1.209336222418897061e+01 7.661439863277077547e+00
5.100000000000000000e+00 1.209336222418897061e+01 1.106143986327707755e+01
5.100000000000000000e+00 1.209336222418897061e+01 1.446143986327707755e+01
5.100000000000000000e+00 1.379336222418897061e+01 1.819379253517258217e+00
5.100000000000000000e+00 1.379336222418897061e+01 5.219379253517258217e+00
5.100000000000000000e+00 1.379336222418897061e+01 8.619379253517258217e+00
5.100000000000000000e+00 1.379336222418897061e+01 1.201937925351725822e+01
5.100000000000000000e+00 1.379336222418897061e+01 1.541937925351725822e+01
5.100000000000000000e+00 1.549336222418897061e+01 1.429645680104983673e+00
5.100000000000000000e+00 1.549336222418897061e+01 4.829645680104983673e+00
5.100000000000000000e+00 1.549336222418897061e+01 8.229645680104983672e+00
5.100000000000000000e+00 1.549336222418897061e+01 1.162964568010498367e+01
5.100000000000000000e+00 1.549336222418897061e+01 1.502964568010498367e+01
6.800000000000000000e+00 6.720725119785149693e-01 7.247840815454573198e-01
6.800000000000000000e+00 6.720725119785149693e-01 4.124784081545457320e+00
6.800000000000000000e+00 6.720725119785149693e-01 7.524784081545457320e+00
6.800000000000000000e+00 6.720725119785149693e-01 1.092478408154545732e+01
6.800000000000000000e+00 6.720725119785149693e-01 1.432478408154545732e+01
6.800000000000000000e+00 2.372072511978514969e+00 2.711740470595416120e+00
6.800000000000000000e+00 2.372072511978514969e+00 6.111740470595416120e+00
6.800000000000000000e+00 2.372072511978514969e+00 9.511740470595416119e+00
6.800000000000000000e+00 2.372072511978514969e+00 1.291174047059541612e+01
6.800000000000000000e+00 2.372072511978514969e+00 1.631174047059541612e+01
6.800000000000000000e+00 4.072072511978514969e+00 1.677742851039155248e+00
6.800000000000000000e+00 4.072072511978514969e+00 5.077742851039155248e+00
6.800000000000000000e+00 4.072072511978514969e+00 8.477742851039155247e+00
6.800000000000000000e+00 4.072072511978514969e+00 1.187774285103915525e+01
6.800000000000000000e+00 4.072072511978514969e+00 1.527774285103915525e+01
6.800000000000000000e+00 5.772072511978514970e+00 1.791051973021637623e+00
6.800000000000000000e+00 5.772072511978514970e+00 5.191051973021637623e+00
6.800000000000000000e+00 5.772072511978514970e+00 8.591051973021637624e+00
6.800000000000000000e+00 5.772072511978514970e+00 1.199105197302163762e+01
6.800000000000000000e+00 5.772072511978514970e+00 1.539105197302163762e+01
6.800000000000000000e+00 7.472072511978514969e+00 2.810211493270668660e+00
6.800000000000000000e+00 7.472072511978514969e+00 6.210211493270668660e+00
6.800000000000000000e+00 7.472072511978514969e+00 9.610211493270668661e+00
6.800000000000000000e+00 7.472072511978514969e+00 1.301021149327066866e+01
6.800000000000000000e+00 7.472072511978514969e+00 1.641021149327066866e+01
6.800000000000000000e+00 9.172072511978514970e+00 2.532334360789819025e+00
6.800000000000000000e+00 9.172072511978514970e+00 5.932334360789819025e+00
6.800000000000000000e+00 9.172072511978514970e+00 9.332334360789819025e+00
6.800000000000000000e+00 9.172072511978514970e+00 1.273233436078981903e+01
6.800000000000000000e+00 9.172072511978514970e+00 1.613233436078981903e+01
6.800000000000000000e+00 1.087207251197851497e+01 1.100094607379375591e+00
6.800000000000000000e+00 1.087207251197851497e+01 4.500094607379375591e+00
6.800000000000000000e+00 1.087207251197851497e+01 7.900094607379375591e+00
6.800000000000000000e+00 1.087207251197851497e+01 1.130009460737937559e+01
6.800000000000000000e+00 1.087207251197851497e+01 1.470009460737937559e+01
6.800000000000000000e+00 1.257207251197851497e+01 1.019989623706778161e-01
6.800000000000000000e+00 1.257207251197851497e+01 3.501998962370677816e+00
6.800000000000000000e+00 1.257207251197851497e+01 6.901998962370677816e+00
6.800000000000000000e+00 1.257207251197851497e+01 1.030199896237067782e+01
6.800000000000000000e+00 1.257207251197851497e+01 1.370199896237067782e+01
6.800000000000000000e+00 1.427207251197851497e+01 3.394085512863551744e+00
6.800000000000000000e+00 1.427207251197851497e+01 6.794085512863551744e+00
6.800000000000000000e+00 1.427207251197851497e+01 1.019408551286355174e+01
6.800000000000000000e+00 1.427207251197851497e+01 1.359408551286355174e+01
6.800000000000000000e+00 1.427207251197851497e+01 1.699408551286355174e+01
6.800000000000000000e+00 1.597207251197851497e+01 1.241004669331949827e-01
6.800000000000000000e+00 1.597207251197851497e+01 3.524100466933194983e+00
6.800000000000000000e+00 1.597207251197851497e+01 6.924100466933194983e+00
6.800000000000000000e+00 1.597207251197851497e+01 1.032410046693319498e+01
6.800000000000000000e+00 1.597207251197851497e+01 1.372410046693319498e+01
8.500000000000000000e+00 1.415897091586046937e+00 2.479000213629566332e+00
8.500000000000000000e+00 1.415897091586046937e+00 5.879000213629566332e+00
8.500000000000000000e+00 1.415897091586046937e+00 9.279000213629566332e+00
8.500000000000000000e+00 1.415897091586046937e+00 1.267900021362956633e+01
8.500000000000000000e+00 1.415897091586046937e+00 1.607900021362956633e+01
8.500000000000000000e+00 3.115897091586046937e+00 2.171135593737601856e+00
8.500000000000000000e+00 3.115897091586046937e+00 5.571135593737601855e+00
8.500000000000000000e+00 3.115897091586046937e+00 8.971135593737601856e+00
8.500000000000000000e+00 3.115897091586046937e+00 1.237113559373760186e+01
8.500000000000000000e+00 3.115897091586046937e+00 1.577113559373760186e+01
8.500000000000000000e+00 4.815897091586046938e+00 3.224018066957609790e+00
8.500000000000000000e+00 4.815897091586046938e+00 6.624018066957609790e+00
8.500000000000000000e+00 4.815897091586046938e+00 1.002401806695760979e+01
8.500000000000000000e+00 4.815897091586046938e+00 1.342401806695760979e+01
8.500000000000000000e+00 4.815897091586046938e+00 1.682401806695760979e+01
8.500000000000000000e+00 6.515897091586046937e+00 1.869600512710959197e+00
8.500000000000000000e+00 6.515897091586046937e+00 5.269600512710959197e+00
8.500000000000000000e+00 6.515897091586046937e+00 8.669600512710959197e+00
8.500000000000000000e+00 6.515897091586046937e+00 1.206960051271095920e+01
8.500000000000000000e+00 6.515897091586046937e+00 1.546960051271095920e+01
8.500000000000000000e+00 8.215897091586046938e+00 2.988372447889645070e+00
8.500000000000000000e+00 8.215897091586046938e+00 6.388372447889645070e+00
8.500000000000000000e+00 8.215897091586046938e+00 9.788372447889645070e+00
8.500000000000000000e+00 8.215897091586046938e+00 1.318837244788964507e+01
8.500000000000000000e+00 8.215897091586046938e+00 1.658837244788964507e+01
8.500000000000000000e+00 9.915897091586046938e+00 3.377690969573046052e+00
8.500000000000000000e+00 9.915897091586046938e+00 6.777690969573046053e+00
8.500000000000000000e+00 9.915897091586046938e+00 1.017769096957304605e+01
8.500000000000000000e+00 9.915897091586046938e+00 1.357769096957304605e+01
8.500000000000000000e+00 9.915897091586046938e+00 1.697769096957304605e+01
8.500000000000000000e+00 1.161589709158604694e+01 2.655500961333048494e+00
8.500000000000000000e+00 1.161589709158604694e+01 6.055500961333048494e+00
8.500000000000000000e+00 1.161589709158604694e+01 9.455500961333048494e+00
8.500000000000000000e+00 1.161589709158604694e+01 1.285550096133304849e+01
8.500000000000000000e+00 1.161589709158604694e+01 1.625550096133304849e+01
8.500000000000000000e+00 1.331589709158604694e+01 1.615692617572557756e+00
8.500000000000000000e+00 1.331589709158604694e+01 5.015692617572557756e+00
8.500000000000000000e+00 1.331589709158604694e+01 8.415692617572557756e+00
8.500000000000000000e+00 1.331589709158604694e+01 1.181569261757255776e+01
8.500000000000000000e+00 1.331589709158604694e+01 1.521569261757255776e+01
8.500000000000000000e+00 1.501589709158604694e+01 2.344627216406750694e+00
8.500000000000000000e+00 1.501589709158604694e+01 5.744627216406750694e+00
8.500000000000000000e+00 1.501589709158604694e+01 9.144627216406750694e+00
8.500000000000000000e+00 1.501589709158604694e+01 1.254462721640675069e+01
8.500000000000000000e+00 1.501589709158604694e+01 1.594462721640675069e+01
8.500000000000000000e+00 1.671589709158604694e+01 2.929642628254036073e+00
8.500000000000000000e+00 1.671589709158604694e+01 6.329642628254036073e+00
8.500000000000000000e+00 1.671589709158604694e+01 9.729642628254036073e+00
8.500000000000000000e+00 1.671589709158604694e+01 1.312964262825403607e+01
8.500000000000000000e+00 1.671589709158604694e+01 1.652964262825403607e+01
1.020000000000000000e+01 1.138798181096835231e+00 1.361784722434156316e+00
1.020000000000000000e+01 1.138798181096835231e+00 4.761784722434156316e+00
1.020000000000000000e+01 1.138798181096835231e+00 8.161784722434156316e+00
1.020000000000000000e+01 1.138798181096835231e+00 1.156178472243415632e+01
1.020000000000000000e+01 1.138798181096835231e+00 1.496178472243415632e+01
1.020000000000000000e+01 2.838798181096835230e+00 3.273097933896908475e+00
1.020000000000000000e+01 2.838798181096835230e+00 6.673097933896908475e+00
1.020000000000000000e+01 2.838798181096835230e+00 1.007309793389690847e+01
1.020000000000000000e+01 2.838798181096835230e+00 1.347309793389690847e+01
1.020000000000000000e+01 2.838798181096835230e+00 1.687309793389690847e+01
1.020000000000000000e+01 4.538798181096835231e+00 2.248335215308084353e+00
1.020000000000000000e+01 4.538798181096835231e+00 5.648335215308084353e+00
1.020000000000000000e+01 4.538798181096835231e+00 9.048335215308084353e+00
1.020000000000000000e+01 4.538798181096835231e+00 1.244833521530808435e+01
1.020000000000000000e+01 4.538798181096835231e+00 1.584833521530808435e+01
1.020000000000000000e+01 6.238798181096835230e+00 5.510849330118717002e-01
1.020000000000000000e+01 6.238798181096835230e+00 3.951084933011871700e+00
1.020000000000000000e+01 6.238798181096835230e+00 7.351084933011871700e+00
1.020000000000000000e+01 6.238798181096835230e+00 1.075108493301187170e+01
1.020000000000000000e+01 6.238798181096835230e+00 1.415108493301187170e+01
1.020000000000000000e+01 7.938798181096835231e+00 4.668294320505386517e-01
1.020000000000000000e+01 7.938798181096835231e+00 3.866829432050538652e+00
1.020000000000000000e+01 7.938798181096835231e+00 7.266829432050538651e+00
1.020000000000000000e+01 7.938798181096835231e+00 1.066682943205053865e+01
1.020000000000000000e+01 7.938798181096835231e+00 1.406682943205053865e+01
1.020000000000000000e+01 9.638798181096835230e+00 1.228760643330179754e+00
1.020000000000000000e+01 9.638798181096835230e+00 4.628760643330179754e+00
1.020000000000000000e+01 9.638798181096835230e+00 8.028760643330179754e+00
1.020000000000000000e+01 9.638798181096835230e+00 1.142876064333017975e+01
1.020000000000000000e+01 9.638798181096835230e+00 1.482876064333017975e+01
1.020000000000000000e+01 1.133879818109683523e+01 2.376171147801141390e-02
1.020000000000000000e+01 1.133879818109683523e+01 3.423761711478011414e+00
1.020000000000000000e+01 1.133879818109683523e+01 6.823761711478011414e+00
1.020000000000000000e+01 1.133879818109683523e+01 1.022376171147801141e+01
1.020000000000000000e+01 1.133879818109683523e+01 1.362376171147801141e+01
1.020000000000000000e+01 1.303879818109683523e+01 1.102999969481490524e+00
1.020000000000000000e+01 1.303879818109683523e+01 4.502999969481490524e+00
1.020000000000000000e+01 1.303879818109683523e+01 7.902999969481490524e+00
1.020000000000000000e+01 1.303879818109683523e+01 1.130299996948149052e+01
1.020000000000000000e+01 1.303879818109683523e+01 1.470299996948149052e+01
1.020000000000000000e+01 1.473879818109683523e+01 2.052430799279763176e-01
1.020000000000000000e+01 1.473879818109683523e+01 3.605243079927976318e+00
1.020000000000000000e+01 1.473879818109683523e+01 7.005243079927976318e+00
1.020000000000000000e+01 1.473879818109683523e+01 1.040524307992797632e+01
1.020000000000000000e+01 1.473879818109683523e+01 1.380524307992797632e+01
1.020000000000000000e+01 1.643879818109683523e+01 2.997088534195989868e+00
1.020000000000000000e+01 1.643879818109683523e+01 6.397088534195989868e+00
1.020000000000000000e+01 1.643879818109683523e+01 9.797088534195989868e+00
1.020000000000000000e+01 1.643879818109683523e+01 1.319708853419598987e+01
1.020000000000000000e+01 1.643879818109683523e+01 1.659708853419598987e+01
1.190000000000000000e+01 1.204168828394421216e+00 5.493209631641590625e-01
1.190000000000000000e+01 1.204168828394421216e+00 3.949320963164159063e+00
1.190000000000000000e+01 1.204168828394421216e+00 7.349320963164159063e+00
1.190000000000000000e+01 1.204168828394421216e+00 1.074932096316415906e+01
1.190000000000000000e+01 1.204168828394421216e+00 1.414932096316415906e+01
1.190000000000000000e+01 2.904168828394421217e+00 3.006427198095645009e+00
1.190000000000000000e+01 2.904168828394421217e+00 6.406427198095645009e+00
1.190000000000000000e+01 2.904168828394421217e+00 9.806427198095645009e+00
1.190000000000000000e+01 2.904168828394421217e+00 1.320642719809564501e+01
1.190000000000000000e+01 2.904168828394421217e+00 1.660642719809564501e+01
1.190000000000000000e+01 4.604168828394421216e+00 1.568999298074282052e+00
1.190000000000000000e+01 4.604168828394421216e+00 4.968999298074282052e+00
1.190000000000000000e+01 4.604168828394421216e+00 8.368999298074282052e+00
1.190000000000000000e+01 4.604168828394421216e+00 1.176899929807428205e+01
1.190000000000000000e+01 4.604168828394421216e+00 1.516899929807428205e+01
1.190000000000000000e+01 6.304168828394421217e+00 2.417676320688497572e-02
1.190000000000000000e+01 6.304168828394421217e+00 3.424176763206884976e+00
1.190000000000000000e+01 6.304168828394421217e+00 6.824176763206884976e+00
1.190000000000000000e+01 6.304168828394421217e+00 1.022417676320688498e+01
1.190000000000000000e+01 6.304168828394421217e+00 1.362417676320688498e+01
1.190000000000000000e+01 8.004168828394421216e+00 1.305856501968443861e+00
1.190000000000000000e+01 8.004168828394421216e+00 4.705856501968443861e+00
1.190000000000000000e+01 8.004168828394421216e+00 8.105856501968443861e+00
1.190000000000000000e+01 8.004168828394421216e+00 1.150585650196844386e+01
1.190000000000000000e+01 8.004168828394421216e+00 1.490585650196844386e+01
1.190000000000000000e+01 9.704168828394421216e+00 2.591998046815393536e+00
1.190000000000000000e+01 9.704168828394421216e+00 5.991998046815393536e+00
1.190000000000000000e+01 9.704168828394421216e+00 9.391998046815393536e+00
1.190000000000000000e+01 9.704168828394421216e+00 1.279199804681539354e+01
1.190000000000000000e+01 9.704168828394421216e+00 1.619199804681539354e+01
1.190000000000000000e+01 1.140416882839442122e+01 1.839094210638752403e+00
1.190000000000000000e+01 1.140416882839442122e+01 5.239094210638752403e+00
1.190000000000000000e+01 1.140416882839442122e+01 8.639094210638752404e+00
1.190000000000000000e+01 1.140416882839442122e+01 1.203909421063875240e+01
1.190000000000000000e+01 1.140416882839442122e+01 1.543909421063875240e+01
1.190000000000000000e+01 1.310416882839442122e+01 1.163493758964812159e+00
1.190000000000000000e+01 1.310416882839442122e+01 4.563493758964812159e+00
1.190000000000000000e+01 1.310416882839442122e+01 7.963493758964812159e+00
1.190000000000000000e+01 1.310416882839442122e+01 1.136349375896481216e+01
1.190000000000000000e+01 1.310416882839442122e+01 1.476349375896481216e+01
1.190000000000000000e+01 1.480416882839442122e+01 2.963261818292794580e+00
1.190000000000000000e+01 1.480416882839442122e+01 6.363261818292794580e+00
1.190000000000000000e+01 1.480416882839442122e+01 9.763261818292794580e+00
1.190000000000000000e+01 1.480416882839442122e+01 1.316326181829279458e+01
1.190000000000000000e+01 1.480416882839442122e+01 1.656326181829279458e+01
1.190000000000000000e+01 1.650416882839442122e+01 5.960142826624347667e-01
1.190000000000000000e+01 1.650416882839442122e+01 3.996014282662434767e+00
1.190000000000000000e+01 1.650416882839442122e+01 7.396014282662434767e+00
1.190000000000000000e+01 1.650416882839442122e+01 1.079601428266243477e+01
1.190000000000000000e+01 1.650416882839442122e+01 1.419601428266243477e+01
1.360000000000000000e+01 4.503311258278145695e-01 1.914944914090395825e+00
1.360000000000000000e+01 4.503311258278145695e-01 5.314944914090395825e+00
1.360000000000000000e+01 4.503311258278145695e-01 8.714944914090395825e+00
1.360000000000000000e+01 4.503311258278145695e-01 1.211494491409039582e+01
1.360000000000000000e+01 4.503311258278145695e-01 1.551494491409039582e+01
1.360000000000000000e+01 2.150331125827814570e+00 2.638068788720358898e+00
1.360000000000000000e+01 2.150331125827814570e+00 6.038068788720358898e+00
1.360000000000000000e+01 2.150331125827814570e+00 9.438068788720358897e+00
1.360000000000000000e+01 2.150331125827814570e+00 1.283806878872035890e+01
1.360000000000000000e+01 2.150331125827814570e+00 1.623806878872035890e+01
1.360000000000000000e+01 3.850331125827814569e+00 9.048127689443647571e-02
1.360000000000000000e+01 3.850331125827814569e+00 3.490481276894436476e+00
1.360000000000000000e+01 3.850331125827814569e+00 6.890481276894436476e+00
1.360000000000000000e+01 3.850331125827814569e+00 1.029048127689443648e+01
1.360000000000000000e+01 3.850331125827814569e+00 1.369048127689443648e+01
1.360000000000000000e+01 5.550331125827814569e+00 2.635474715414899136e+00
1.360000000000000000e+01 5.550331125827814569e+00 6.035474715414899136e+00
1.360000000000000000e+01 5.550331125827814569e+00 9.435474715414899136e+00
1.360000000000000000e+01 5.550331125827814569e+00 1.283547471541489914e+01
1.360000000000000000e+01 5.550331125827814569e+00 1.623547471541489914e+01
1.360000000000000000e+01 7.250331125827814569e+00 2.382293160802026429e+00
1.360000000000000000e+01 7.250331125827814569e+00 5.782293160802026429e+00
1.360000000000000000e+01 7.250331125827814569e+00 9.182293160802026429e+00
1.360000000000000000e+01 7.250331125827814569e+00 1.258229316080202643e+01
1.360000000000000000e+01 7.250331125827814569e+00 1.598229316080202643e+01
1.360000000000000000e+01 8.950331125827814569e+00 1.500411999877925962e+00
1.360000000000000000e+01 8.950331125827814569e+00 4.900411999877925962e+00
1.360000000000000000e+01 8.950331125827814569e+00 8.300411999877925962e+00
1.360000000000000000e+01 8.950331125827814569e+00 1.170041199987792596e+01
1.360000000000000000e+01 8.950331125827814569e+00 1.510041199987792596e+01
1.360000000000000000e+01 1.065033112582781457e+01 1.538908047730948820e+00
1.360000000000000000e+01 1.065033112582781457e+01 4.938908047730948821e+00
1.360000000000000000e+01 1.065033112582781457e+01 8.338908047730948820e+00
1.360000000000000000e+01 1.065033112582781457e+01 1.173890804773094882e+01
1.360000000000000000e+01 1.065033112582781457e+01 1.513890804773094882e+01
1.360000000000000000e+01 1.235033112582781457e+01 1.433692434461500900e+00
1.360000000000000000e+01 1.235033112582781457e+01 4.833692434461500900e+00
1.360000000000000000e+01 1.235033112582781457e+01 8.233692434461500900e+00
1.360000000000000000e+01 1.235033112582781457e+01 1.163369243446150090e+01
1.360000000000000000e+01 1.235033112582781457e+01 1.503369243446150090e+01
1.360000000000000000e+01 1.405033112582781457e+01 1.343107394634846034e+00
1.360000000000000000e+01 1.405033112582781457e+01 4.743107394634846034e+00
1.360000000000000000e+01 1.405033112582781457e+01 8.143107394634846034e+00
1.360000000000000000e+01 1.405033112582781457e+01 1.154310739463484603e+01
1.360000000000000000e+01 1.405033112582781457e+01 1.494310739463484603e+01
1.360000000000000000e+01 1.575033112582781457e+01 3.388793603320413831e+00
1.360000000000000000e+01 1.575033112582781457e+01 6.788793603320413831e+00
1.360000000000000000e+01 1.575033112582781457e+01 1.018879360332041383e+01
1.360000000000000000e+01 1.575033112582781457e+01 1.358879360332041383e+01
1.360000000000000000e+01 1.575033112582781457e+01 1.698879360332041383e+01
1.530000000000000000e+01 2.506393627735221412e-01 5.527451399273659474e-01
1.530000000000000000e+01 2.506393627735221412e-01 3.952745139927365947e+00
1.530000000000000000e+01 2.506393627735221412e-01 7.352745139927365948e+00
1.530000000000000000e+01 2.506393627735221412e-01 1.075274513992736595e+01
1.530000000000000000e+01 2.506393627735221412e-01 1.415274513992736595e+01
1.530000000000000000e+01 1.950639362773522141e+00 1.954063539536729026e+00
1.530000000000000000e+01 1.950639362773522141e+00 5.354063539536729026e+00
1.530000000000000000e+01 1.950639362773522141e+00 8.754063539536729026e+00
1.530000000000000000e+01 1.950639362773522141e+00 1.215406353953672903e+01
1.530000000000000000e+01 1.950639362773522141e+00 1.555406353953672903e+01
1.530000000000000000e+01 3.650639362773522141e+00 3.345109408856471450e+00
1.530000000000000000e+01 3.650639362773522141e+00 6.745109408856471450e+00
1.530000000000000000e+01 3.650639362773522141e+00 1.014510940885647145e+01
1.530000000000000000e+01 3.650639362773522141e+00 1.354510940885647145e+01
1.530000000000000000e+01 3.650639362773522141e+00 1.694510940885647145e+01
1.530000000000000000e+01 5.350639362773522141e+00 2.781884212775048066e-01
1.530000000000000000e+01 5.350639362773522141e+00 3.678188421277504807e+00
1.530000000000000000e+01 5.350639362773522141e+00 7.078188421277504807e+00
1.530000000000000000e+01 5.350639362773522141e+00 1.047818842127750481e+01
1.530000000000000000e+01 5.350639362773522141e+00 1.387818842127750481e+01
1.530000000000000000e+01 7.050639362773522141e+00 2.412384411145359661e+00
1.530000000000000000e+01 7.050639362773522141e+00 5.812384411145359661e+00
1.530000000000000000e+01 7.050639362773522141e+00 9.212384411145359660e+00
1.530000000000000000e+01 7.050639362773522141e+00 1.261238441114535966e+01
1.530000000000000000e+01 7.050639362773522141e+00 1.601238441114535966e+01
1.530000000000000000e+01 8.750639362773522141e+00 3.241138950773644215e+00
1.530000000000000000e+01 8.750639362773522141e+00 6.641138950773644215e+00
1.530000000000000000e+01 8.750639362773522141e+00 1.004113895077364422e+01
1.530000000000000000e+01 8.750639362773522141e+00 1.344113895077364421e+01
1.530000000000000000e+01 8.750639362773522141e+00 1.684113895077364421e+01
1.530000000000000000e+01 1.045063936277352214e+01 1.048420667134617145e+00
1.530000000000000000e+01 1.045063936277352214e+01 4.448420667134617145e+00
1.530000000000000000e+01 1.045063936277352214e+01 7.848420667134617145e+00
1.530000000000000000e+01 1.045063936277352214e+01 1.124842066713461715e+01
1.530000000000000000e+01 1.045063936277352214e+01 1.464842066713461715e+01
1.530000000000000000e+01 1.215063936277352214e+01 2.532023071993163854e+00
1.530000000000000000e+01 1.215063936277352214e+01 5.932023071993163854e+00
1.530000000000000000e+01 1.215063936277352214e+01 9.332023071993163854e+00
1.530000000000000000e+01 1.215063936277352214e+01 1.273202307199316385e+01
1.530000000000000000e+01 1.215063936277352214e+01 1.613202307199316385e+01
1.530000000000000000e+01 1.385063936277352214e+01 3.056233405560472426e+00
1.530000000000000000e+01 1.385063936277352214e+01 6.456233405560472427e+00
1.530000000000000000e+01 1.385063936277352214e+01 9.856233405560472427e+00
1.530000000000000000e+01 1.385063936277352214e+01 1.325623340556047243e+01
1.530000000000000000e+01 1.385063936277352214e+01 1.665623340556047243e+01
1.530000000000000000e+01 1.555063936277352214e+01 1.109225745414593951e+00
1.530000000000000000e+01 1.555063936277352214e+01 4.509225745414593951e+00
1.530000000000000000e+01 1.555063936277352214e+01 7.909225745414593951e+00
1.530000000000000000e+01 1.555063936277352214e+01 1.130922574541459395e+01
1.530000000000000000e+01 1.555063936277352214e+01 1.470922574541459395e+01
