  -0.0000000000000000e+00
  -0.0000000000000000e+00
  -0.0000000000000000e+00
  -0.0000000000000000e+00
  -0.0000000000000000e+00
  -0.0000000000000000e+00
  -0.0000000000000000e+00
  -0.0000000000000000e+00
  -0.0000000000000000e+00
  -0.0000000000000000e+00
  -0.0000000000000000e+00
  -0.0000000000000000e+00
  -0.0000000000000000e+00
  -2.1696905817923168e-01
  -4.8684675886272777e-01
  -7.3226282623420968e-01
  -9.3865914430150732e-01
  -1.0946603940956483e+00
  -1.1917774317844274e+00
  -1.2247448713915892e+00
  -1.1917774317844272e+00
  -1.0946603940956481e+00
  -9.3865914430150776e-01
  -7.3226282623421002e-01
  -4.8684675886272777e-01
  -2.1696905817923240e-01
   8.2702629227939584e-01
   1.7301771012136808e+00
   2.2733089160165485e+00
   2.3352040045258855e+00
   1.9014305293076728e+00
   1.0637343181116214e+00
   7.6279954948248138e-16
  -1.0637343181116228e+00
  -1.9014305293076741e+00
  -2.3352040045258851e+00
  -2.2733089160165489e+00
  -1.7301771012136808e+00
  -8.2702629227939861e-01
  -1.9105439902254939e+00
  -3.5807009602900410e+00
  -3.7124177844325166e+00
  -2.2863710935375829e+00
  -1.4368719525605457e-02
   2.0055522579706135e+00
   2.8062430400804552e+00
   2.0055522579706109e+00
  -1.4368719525611143e-02
  -2.2863710935375785e+00
  -3.7124177844325144e+00
  -3.5807009602900410e+00
  -1.9105439902254995e+00
   3.4954427811745381e+00
   5.5979659188417745e+00
   3.8065889792444856e+00
  -2.9166000058225483e-01
  -3.3843324077496648e+00
  -3.1257219875935349e+00
  -2.5585074687735642e-15
   3.1257219875935363e+00
   3.3843324077496604e+00
   2.9166000058226432e-01
  -3.8065889792444838e+00
  -5.5979659188417745e+00
  -3.4954427811745497e+00
  -5.5635368456658449e+00
  -7.1665337774500504e+00
  -1.7727565310571145e+00
   4.0486686001366206e+00
   3.7981157805618539e+00
  -1.3507714257392216e+00
  -4.3972647748344640e+00
  -1.3507714257392123e+00
   3.7981157805618615e+00
   4.0486686001366277e+00
  -1.7727565310571018e+00
  -7.1665337774500504e+00
  -5.5635368456658618e+00
   8.0543845963565772e+00
   7.6540030797005176e+00
  -2.0913963106604045e+00
  -5.7992350875073368e+00
   8.0694782204355986e-01
   5.2524933219003591e+00
   5.3811507559370549e-15
  -5.2524933219003600e+00
  -8.0694782204354154e-01
   5.7992350875073324e+00
   2.0913963106604174e+00
  -7.6540030797005176e+00
  -8.0543845963565968e+00
  -1.0869449257907997e+01
  -6.5823502357952215e+00
   6.3168052114906041e+00
   3.1539820849640492e+00
  -6.0167512331094661e+00
  -9.7698593774173026e-01
   5.9907154727127558e+00
  -9.7698593774174491e-01
  -6.0167512331094590e+00
   3.1539820849640217e+00
   6.3168052114906112e+00
  -6.5823502357952215e+00
  -1.0869449257908020e+01
   1.3877355746652118e+01
   3.7755474744155793e+00
  -8.8176272384152199e+00
   2.9573532152343813e+00
   5.1012654601367338e+00
  -6.3508882419668797e+00
  -9.2303719704744460e-15
   6.3508882419668691e+00
  -5.1012654601367604e+00
  -2.9573532152344129e+00
   8.8176272384152110e+00
  -3.7755474744155793e+00
  -1.3877355746652137e+01
  -1.6920414840863042e+01
   5.5127149134977438e-01
   7.8804812021267239e+00
  -8.2610210592669553e+00
   2.4783027234286701e+00
   4.5250544161146911e+00
  -7.5851187927157291e+00
   4.5250544161147106e+00
   2.4783027234286314e+00
  -8.2610210592669642e+00
   7.8804812021267008e+00
   5.5127149134977438e-01
  -1.6920414840863064e+01
   1.9822327260122442e+01
  -5.7852363078133164e+00
  -3.1306616276775627e+00
   8.1252600618065109e+00
  -8.7666229892970708e+00
   5.5283928016228776e+00
   1.4106104201810681e-14
  -5.5283928016228510e+00
   8.7666229892970637e+00
  -8.1252600618064790e+00
   3.1306616276775290e+00
   5.7852363078133164e+00
  -1.9822327260122428e+01
  -2.2396841589539125e+01
   1.0999497240596114e+01
  -4.0223286347864233e+00
  -1.4724846778464682e+00
   5.6415482323536779e+00
  -8.2765504294059564e+00
   9.1799896060660320e+00
  -8.2765504294059742e+00
   5.6415482323537294e+00
  -1.4724846778464076e+00
  -4.0223286347864589e+00
   1.0999497240596114e+01
  -2.2396841589539111e+01
   2.4457054646299841e+01
  -1.5116183368165178e+01
   1.0754894042852436e+01
  -7.6094500739963706e+00
   4.9191027247228840e+00
  -2.4223464182190875e+00
  -2.0008327939393255e-14
   2.4223464182190448e+00
  -4.9191027247228218e+00
   7.6094500739964239e+00
  -1.0754894042852460e+01
   1.5116183368165178e+01
  -2.4457054646299781e+01
   8.5232752736046768e-01
   7.9466352419903385e-01
   6.9418698969207393e-01
   5.5629084605948820e-01
   3.8840611581073242e-01
   1.9958275613052698e-01
   1.3926750670211105e-16
  -1.9958275613052723e-01
  -3.8840611581073281e-01
  -5.5629084605948775e-01
  -6.9418698969207382e-01
  -7.9466352419903385e-01
  -8.5232752736046768e-01
  -1.8149430683226389e+00
  -1.3245092672220966e+00
  -5.5200638423824000e-01
   3.3844965873451921e-01
   1.1574575419763042e+00
   1.7307935175272651e+00
   1.9364916731037083e+00
   1.7307935175272642e+00
   1.1574575419763025e+00
   3.3844965873452121e-01
  -5.5200638423823900e-01
  -1.3245092672220966e+00
  -1.8149430683226375e+00
   2.8137937503890642e+00
   1.2114967148774847e+00
  -8.8447550954969978e-01
  -2.5033647656834321e+00
  -2.9003211173677914e+00
  -1.9048867696772507e+00
  -1.4330010617712442e-15
   1.9048867696772529e+00
   2.9003211173677927e+00
   2.5033647656834348e+00
   8.8447550954970244e-01
  -1.2114967148774847e+00
  -2.8137937503890602e+00
  -3.6968415536371158e+00
  -1.3842053835947865e-01
   3.3069660234946028e+00
   4.0005548632930257e+00
   1.5393169856565065e+00
  -1.9507109899374384e+00
  -3.5575623676894255e+00
  -1.9507109899374337e+00
   1.5393169856565143e+00
   4.0005548632930257e+00
   3.3069660234946068e+00
  -1.3842053835947865e-01
  -3.6968415536371095e+00
   4.3197812372563442e+00
  -1.9532508645001532e+00
  -5.5408445122933534e+00
  -2.6367655937722403e+00
   2.8458930898218009e+00
   4.1821861017899922e+00
   3.7440285878334571e-15
  -4.1821861017899948e+00
  -2.8458930898217911e+00
   2.6367655937722283e+00
   5.5408445122933490e+00
   1.9532508645001532e+00
  -4.3197812372563309e+00
  -4.5506074709078996e+00
   4.8118684786149215e+00
   6.0774774862420662e+00
  -1.7030198153260567e+00
  -5.3646813989637714e+00
   4.7828711784709810e-01
   5.1633473880807212e+00
   4.7828711784708733e-01
  -5.3646813989637758e+00
  -1.7030198153260752e+00
   6.0774774862420573e+00
   4.8118684786149215e+00
  -4.5506074709078774e+00
   4.2757086297155746e+00
  -7.8980074390233970e+00
  -3.9049951825781641e+00
   6.2164665820504554e+00
   1.7873817855394505e+00
  -5.9820512081039485e+00
  -7.0805425697449565e-15
   5.9820512081039450e+00
  -1.7873817855394731e+00
  -6.2164665820504634e+00
   3.9049951825781464e+00
   7.8980074390233970e+00
  -4.2757086297155373e+00
  -3.4061576355332046e+00
   1.0480821777221474e+01
  -7.8423639562099490e-01
  -6.9836565383756826e+00
   5.1878545304961383e+00
   2.5517699453877674e+00
  -6.7644701670289749e+00
   2.5517699453877851e+00
   5.1878545304961197e+00
  -6.9836565383756728e+00
  -7.8423639562101610e-01
   1.0480821777221474e+01
  -3.4061576355331513e+00
   1.8833901534407247e+00
  -1.1791591933786144e+01
   6.4116708215393086e+00
   2.2684312919039575e+00
  -7.5400350930040112e+00
   6.2563523534448917e+00
   1.1443274280201445e-14
  -6.2563523534448739e+00
   7.5400350930040290e+00
  -2.2684312919039180e+00
  -6.4116708215393263e+00
   1.1791591933786144e+01
  -1.8833901534406507e+00
   3.1622667152307588e-01
   1.1203857555585410e+01
  -1.0531295303960009e+01
   5.3919720068698913e+00
   1.1368996791922039e+00
  -6.3758500026328573e+00
   8.3635676912647217e+00
  -6.3758500026328795e+00
   1.1368996791922521e+00
   5.3919720068699322e+00
  -1.0531295303960009e+01
   1.1203857555585410e+01
   3.1622667152317158e-01
  -3.1782706070916902e+00
  -8.4017052893048625e+00
   1.0886588440659958e+01
  -1.0406815102298310e+01
   8.0109396575601419e+00
  -4.3333769734107159e+00
  -1.6832386252983009e-14
   4.3333769734106831e+00
  -8.0109396575601046e+00
   1.0406815102298316e+01
  -1.0886588440659931e+01
   8.4017052893048625e+00
   3.1782706070918079e+00
   6.6488126039888229e+00
   3.4977739923092512e+00
  -6.5528386235345577e+00
   8.2123242551869975e+00
  -9.2209047941581570e+00
   9.7808729307467885e+00
  -9.9616052740318928e+00
   9.7808729307467956e+00
  -9.2209047941581925e+00
   8.2123242551869584e+00
  -6.5528386235345124e+00
   3.4977739923092512e+00
   6.6488126039889544e+00
  -3.3763206999173051e-01
  -7.0634184377020737e-01
  -9.2807447866001347e-01
  -9.5334304273205994e-01
  -7.7625576302565569e-01
  -4.3426771687681248e-01
  -3.1141161204282791e-16
   4.3426771687681304e-01
   7.7625576302565624e-01
   9.5334304273205961e-01
   9.2807447866001369e-01
   7.0634184377020737e-01
   3.3763206999173162e-01
   8.6491870257912340e-01
   1.5539054654431472e+00
   1.4207199277900100e+00
   4.6695843818053656e-01
  -9.0798852256322771e-01
  -2.0955987496453967e+00
  -2.5617376914898999e+00
  -2.0955987496453949e+00
  -9.0798852256322449e-01
   4.6695843818053384e-01
   1.4207199277900089e+00
   1.5539054654431472e+00
   8.6491870257912584e-01
  -1.6259162243706853e+00
  -2.3170445525855823e+00
  -8.0002610785445727e-01
   1.8357005678954268e+00
   3.4849541747507069e+00
   2.7290539123704032e+00
   2.1575229365004236e-15
  -2.7290539123704054e+00
  -3.4849541747507056e+00
  -1.8357005678954330e+00
   8.0002610785445527e-01
   2.3170445525855823e+00
   1.6259162243706906e+00
   2.5963040844070342e+00
   2.5841639008074799e+00
  -1.3149405023224872e+00
  -4.5504094149678824e+00
  -3.0635866278190989e+00
   1.6741075886320915e+00
   4.2481613669916065e+00
   1.6741075886320840e+00
  -3.0635866278191077e+00
  -4.5504094149678860e+00
  -1.3149405023224940e+00
   2.5841639008074799e+00
   2.5963040844070422e+00
  -3.7249654566529862e+00
  -1.9669096641498516e+00
   4.4341728776557163e+00
   5.0093320430353057e+00
  -1.6288526783915336e+00
  -5.0757125047911131e+00
  -4.9888921445027259e-15
   5.0757125047911140e+00
   1.6288526783915176e+00
  -5.0093320430352968e+00
  -4.4341728776557234e+00
   1.9669096641498516e+00
   3.7249654566529942e+00
   4.9375720779911090e+00
   2.2608930076495634e-01
  -7.2149202844140863e+00
  -1.5985399877920201e+00
   6.0973357523178207e+00
   5.7179782020367875e-01
  -5.8827658115677188e+00
   5.7179782020369274e-01
   6.0973357523178189e+00
  -1.5985399877919926e+00
  -7.2149202844140845e+00
   2.2608930076495634e-01
   4.9375720779911161e+00
  -6.1405493929687740e+00
   2.6274173982973359e+00
   7.9964692180934565e+00
  -4.2566429372671202e+00
  -4.3714434063740661e+00
   6.3964907512172946e+00
   8.8412332293830971e-15
  -6.3964907512172848e+00
   4.3714434063740946e+00
   4.2566429372671468e+00
  -7.9964692180934431e+00
  -2.6274173982973359e+00
   6.1405493929687784e+00
   7.2259582424892432e+00
  -6.2822905631428103e+00
  -5.6414342095362162e+00
   8.4436473463581940e+00
  -3.2432348319231346e+00
  -4.1528873483822153e+00
   7.5003662019972372e+00
  -4.1528873483822339e+00
  -3.2432348319230990e+00
   8.4436473463581976e+00
  -5.6414342095361905e+00
  -6.2822905631428103e+00
   7.2259582424892406e+00
  -8.0772325094995114e+00
   1.0144018392740803e+01
   2.8159910314901559e-01
  -7.0766132292782471e+00
   8.7558466552411289e+00
  -5.7628165280400410e+00
  -1.3718440140739733e-14
   5.7628165280400170e+00
  -8.7558466552411236e+00
   7.0766132292782089e+00
  -2.8159910314898445e-01
  -1.0144018392740803e+01
   8.0772325094994901e+00
   8.5755753324379604e+00
  -1.3422967437843754e+01
   6.4415624355556167e+00
  -8.4483083130691985e-02
  -4.8718377809083284e+00
   8.0264993950005277e+00
  -9.1101787860298131e+00
   8.0264993950005454e+00
  -4.8718377809083799e+00
  -8.4483083130750564e-02
   6.4415624355556425e+00
  -1.3422967437843754e+01
   8.5755753324379302e+00
  -8.6067527134041590e+00
   1.5280892871194602e+01
  -1.1852162804309433e+01
   8.6008303127316754e+00
  -5.6171872682869282e+00
   2.7783428835407427e+00
   1.9621478338953824e-14
  -2.7783428835407022e+00
   5.6171872682868695e+00
  -8.6008303127317216e+00
   1.1852162804309446e+01
  -1.5280892871194602e+01
   8.6067527134041022e+00
   9.6908198347284591e-02
   4.5491079432782233e-01
   8.9901894123635195e-01
   1.1837940185119256e+00
   1.1240956493971035e+00
   6.8465490976674337e-01
   5.0454447703068860e-16
  -6.8465490976674426e-01
  -1.1240956493971044e+00
  -1.1837940185119260e+00
  -8.9901894123635218e-01
  -4.5491079432782233e-01
  -9.6908198347285271e-02
  -2.8303600297690057e-01
  -1.1739392560945372e+00
  -1.7609742760600902e+00
  -1.1987241138314713e+00
   4.8979032371718112e-01
   2.3397028783877900e+00
   3.1374750995027831e+00
   2.3397028783877873e+00
   4.8979032371717635e-01
  -1.1987241138314690e+00
  -1.7609742760600908e+00
  -1.1739392560945372e+00
  -2.8303600297690251e-01
   6.0499008661881004e-01
   2.1235169900374600e+00
   1.9663708151124066e+00
  -7.9585056858905712e-01
  -3.7121850698862819e+00
  -3.5215452731529706e+00
  -2.9284232606245433e-15
   3.5215452731529737e+00
   3.7121850698862788e+00
   7.9585056858906511e-01
  -1.9663708151124024e+00
  -2.1235169900374600e+00
  -6.0499008661881426e-01
  -1.0932529562282671e+00
  -3.0704290847751814e+00
  -7.7851381490893701e-01
   4.1539027373668969e+00
   4.4103481497920924e+00
  -1.2309458552613410e+00
  -4.8983814291049237e+00
  -1.2309458552613317e+00
   4.4103481497920995e+00
   4.1539027373669057e+00
  -7.7851381490892890e-01
  -3.0704290847751814e+00
  -1.0932529562282742e+00
   1.7684774530391618e+00
   3.6661848041491054e+00
  -2.0108379010695683e+00
  -6.3572406255132252e+00
   6.6178676570155985e-03
   5.8044939335089678e+00
   6.2880152222156808e-15
  -5.8044939335089669e+00
  -6.6178676569955616e-03
   6.3572406255132199e+00
   2.0108379010695785e+00
  -3.6661848041491054e+00
  -1.7684774530391727e+00
  -2.6384625070096961e+00
  -3.5216102779780720e+00
   5.7276955577883548e+00
   4.7651938812356622e+00
  -6.0183812359989206e+00
  -1.7344971823615885e+00
   6.5683567615405138e+00
  -1.7344971823616055e+00
  -6.0183812359989091e+00
   4.7651938812356445e+00
   5.7276955577883610e+00
  -3.5216102779780720e+00
  -2.6384625070097107e+00
   3.6956426494712451e+00
   2.3076109736846733e+00
  -8.8840642635092575e+00
   8.8863611072316051e-01
   6.5757196082273701e+00
  -6.5198853051860874e+00
  -1.0659749837517817e-14
   6.5198853051860723e+00
  -6.5757196082273923e+00
  -8.8863611072319570e-01
   8.8840642635092610e+00
  -2.3076109736846733e+00
  -3.6956426494712651e+00
  -4.9153785921485618e+00
   1.3928141396940361e-01
   9.7258255223052750e+00
  -7.4328677318503757e+00
   5.9864957029721322e-01
   5.7128138909676744e+00
  -8.2072255376217491e+00
   5.7128138909676958e+00
   5.9864957029716759e-01
  -7.4328677318504006e+00
   9.7258255223052608e+00
   1.3928141396940361e-01
  -4.9153785921485813e+00
   6.2551874984046618e+00
  -3.7321791006728962e+00
  -7.0698183627666751e+00
   9.9860366951479165e+00
  -8.6851922113862017e+00
   4.9303586822327476e+00
   1.6053358624131943e-14
  -4.9303586822327166e+00
   8.6851922113861786e+00
  -9.9860366951479040e+00
   7.0698183627666404e+00
   3.7321791006728962e+00
  -6.2551874984046867e+00
  -7.6549976373131283e+00
   8.0935977380027566e+00
   1.0525594493219648e+00
  -5.6217139250365316e+00
   8.1252055276167763e+00
  -9.4249479038175821e+00
   9.8313826118541865e+00
  -9.4249479038175927e+00
   8.1252055276168207e+00
  -5.6217139250364836e+00
   1.0525594493219197e+00
   8.0935977380027566e+00
  -7.6549976373131479e+00
  -2.4278826502519182e-02
  -2.5573365956975497e-01
  -7.6016032309333836e-01
  -1.2830790824263494e+00
  -1.4208624610699294e+00
  -9.4218514428649136e-01
  -7.1353364223724021e-16
   9.4218514428649225e-01
   1.4208624610699294e+00
   1.2830790824263507e+00
   7.6016032309333903e-01
   2.5573365956975497e-01
   2.4278826502519436e-02
   7.8608180839430802e-02
   7.4176735362534196e-01
   1.7398263978878967e+00
   1.7606687172369651e+00
   1.5048457094884973e-02
  -2.4896562833653579e+00
  -3.6790156631903601e+00
  -2.4896562833653544e+00
   1.5048457094890817e-02
   1.7606687172369631e+00
   1.7398263978878972e+00
   7.4176735362534196e-01
   7.8608180839431635e-02
  -1.8560601563446766e-01
  -1.5242370184315948e+00
  -2.5137729763412588e+00
  -3.1872391795479044e-01
   3.6440588326652428e+00
   4.2718165878457821e+00
   3.7392498882692693e-15
  -4.2718165878457848e+00
  -3.6440588326652357e+00
   3.1872391795478211e-01
   2.5137729763412575e+00
   1.5242370184315948e+00
   1.8560601563446957e-01
   3.6892201538128694e-01
   2.5472971153767503e+00
   2.3086538588939214e+00
  -3.1372198644205751e+00
  -5.4901473173590354e+00
   6.5880891342475489e-01
   5.5185234947855388e+00
   6.5880891342474346e-01
  -5.4901473173590416e+00
  -3.1372198644205884e+00
   2.3086538588939156e+00
   2.5472971153767503e+00
   3.6892201538129071e-01
  -6.5390258028829662e-01
  -3.6353707271728322e+00
  -4.9192594822603908e-01
   6.6494442826266988e+00
   1.8023996451572939e+00
  -6.3692640541684584e+00
  -7.6363935856459631e-15
   6.3692640541684549e+00
  -1.8023996451573203e+00
  -6.6494442826267077e+00
   4.9192594822602903e-01
   3.6353707271728322e+00
   6.5390258028830295e-01
   1.0656672318983038e+00
   4.4999020178181022e+00
  -2.9610855189652692e+00
  -7.1561679260908226e+00
   5.2328359486517400e+00
   2.9607049880693319e+00
  -7.2275337185200117e+00
   2.9607049880693510e+00
   5.2328359486517151e+00
  -7.1561679260908075e+00
  -2.9610855189652847e+00
   4.4999020178181022e+00
   1.0656672318983142e+00
  -1.6268682469607201e+00
  -4.7803819625188630e+00
   7.1907531355008576e+00
   2.8968519720210764e+00
  -8.1812724010305953e+00
   6.3770513247056106e+00
   1.2532287597307630e-14
  -6.3770513247055920e+00
   8.1812724010306059e+00
  -2.8968519720210324e+00
  -7.1907531355008683e+00
   4.7803819625188630e+00
   1.6268682469607341e+00
   2.3552920377833364e+00
   4.1164113317426878e+00
  -1.0578469373921203e+01
   4.5353340371561011e+00
   2.3519135851421327e+00
  -7.1811746388747952e+00
   8.8906241418606751e+00
  -7.1811746388748148e+00
   2.3519135851421855e+00
   4.5353340371561455e+00
  -1.0578469373921202e+01
   4.1164113317426878e+00
   2.3552920377833568e+00
  -3.2614484048141561e+00
  -2.2387796990335551e+00
   1.1315357785718467e+01
  -1.0463953442419648e+01
   7.4472358101870952e+00
  -3.8158975956699606e+00
  -1.8445080565053066e-14
   3.8158975956699224e+00
  -7.4472358101870526e+00
   1.0463953442419667e+01
  -1.1315357785718453e+01
   2.2387796990335551e+00
   3.2614484048141819e+00
   5.6387939031633848e-03
   1.3327260988103051e-01
   5.9584446747811604e-01
   1.2892052526359377e+00
   1.6649154046763179e+00
   1.2019658685735057e+00
   9.3545049680686614e-16
  -1.2019658685735073e+00
  -1.6649154046763179e+00
  -1.2892052526359392e+00
  -5.9584446747811659e-01
  -1.3327260988103051e-01
  -5.6387939031634655e-03
  -1.9879723771618209e-02
  -4.2437607270979666e-01
  -1.5304526479635621e+00
  -2.1357159107173183e+00
  -5.5379030494892956e-01
   2.5624851048015862e+00
   4.1947232477244549e+00
   2.5624851048015813e+00
  -5.5379030494893589e-01
  -2.1357159107173178e+00
  -1.5304526479635638e+00
  -4.2437607270979666e-01
  -1.9879723771618483e-02
   5.0948040549348615e-02
   9.6133291320994596e-01
   2.5879836110630507e+00
   1.3347022121650398e+00
  -3.3421050116211095e+00
  -4.9729528828758562e+00
  -4.5851390227809354e-15
   4.9729528828758571e+00
   3.3421050116211006e+00
  -1.3347022121650305e+00
  -2.5879836110630516e+00
  -9.6133291320994596e-01
  -5.0948040549349351e-02
  -1.0953947424200325e-01
  -1.7826315429783235e+00
  -3.1416468128519890e+00
   1.8036236550946956e+00
   6.2657903670304194e+00
   1.3708843142638306e-02
  -6.1148073674176331e+00
   1.3708843142652777e-02
   6.2657903670304220e+00
   1.8036236550947113e+00
  -3.1416468128519859e+00
  -1.7826315429783235e+00
  -1.0953947424200478e-01
   2.0934434921416262e-01
   2.8548898725216336e+00
   2.4274828015469363e+00
  -6.0683462369178116e+00
  -3.6292345456205655e+00
   6.7734057017090983e+00
   9.0297064500991484e-15
  -6.7734057017090894e+00
   3.6292345456205921e+00
   6.0683462369178249e+00
  -2.4274828015469279e+00
  -2.8548898725216336e+00
  -2.0934434921416550e-01
  -3.6683363688104220e-01
  -4.0472138182642921e+00
   5.9685381078238245e-02
   8.5074822032274504e+00
  -3.8838177476892972e+00
  -4.2116883801954481e+00
   7.8651060894833522e+00
  -4.2116883801954712e+00
  -3.8838177476892626e+00
   8.5074822032274469e+00
   5.9685381078252157e-02
  -4.0472138182642921e+00
  -3.6683363688104703e-01
   6.0073792624588662e-01
   5.1243012246592219e+00
  -4.1526251704621675e+00
  -6.3328453349538769e+00
   9.0838875655160063e+00
  -5.9935735058902910e+00
  -1.4455269257518252e-14
   5.9935735058902671e+00
  -9.0838875655160027e+00
   6.3328453349538414e+00
   4.1526251704621888e+00
  -5.1243012246592219e+00
  -6.0073792624589462e-01
  -9.3121894094888269e-01
  -5.7658203312044805e+00
   8.8082621060681614e+00
  -5.8603579122268656e-01
  -5.2716278013772024e+00
   8.5202594986944575e+00
  -9.5543865115900548e+00
   8.5202594986944753e+00
  -5.2716278013772548e+00
  -5.8603579122273686e-01
   8.8082621060681774e+00
  -5.7658203312044805e+00
  -9.3121894094889401e-01
  -1.2476727644812197e-03
  -6.6168281482846328e-02
  -4.4495548868950940e-01
  -1.2340894831683278e+00
  -1.8586099014594004e+00
  -1.4608444072505757e+00
  -1.1683772960319332e-15
   1.4608444072505771e+00
   1.8586099014594000e+00
   1.2340894831683298e+00
   4.4495548868951013e-01
   6.6168281482846328e-02
   1.2476727644812418e-03
   4.7301032583954294e-03
   2.2779666750707070e-01
   1.2532758726476834e+00
   2.3417371553049904e+00
   1.0914626994459318e+00
  -2.5705118984759965e+00
  -4.6898431643552847e+00
  -2.5705118984759912e+00
   1.0914626994459382e+00
   2.3417371553049895e+00
   1.2532758726476849e+00
   2.2779666750707070e-01
   4.7301032583955127e-03
  -1.3000291365950135e-02
  -5.5887415127416673e-01
  -2.3751299280746521e+00
  -2.1657551833581525e+00
   2.8632485047755911e+00
   5.6205793216078277e+00
   5.4623535272952305e-15
  -5.6205793216078295e+00
  -2.8632485047755787e+00
   2.1657551833581481e+00
   2.3751299280746525e+00
   5.5887415127416673e-01
   1.3000291365950368e-02
   2.9892113332657278e-02
   1.1255826377172211e+00
   3.3916880353357581e+00
  -3.8925933894691023e-01
  -6.7328417434633900e+00
  -7.6363986623600211e-01
   6.6913959883896750e+00
  -7.6363986623601898e-01
  -6.7328417434633856e+00
  -3.8925933894692694e-01
   3.3916880353357581e+00
   1.1255826377172211e+00
   2.9892113332657809e-02
  -6.0936226024347680e-02
  -1.9673259157141270e+00
  -3.6087128901831020e+00
   4.8733351489908179e+00
   5.3485870448745905e+00
  -7.0223677911183948e+00
  -1.0464307184742855e-14
   7.0223677911183833e+00
  -5.3485870448746136e+00
  -4.8733351489908410e+00
   3.6087128901830967e+00
   1.9673259157141270e+00
   6.0936226024348721e-02
   1.1362931892931485e-01
   3.0685180324351760e+00
   2.3061107875587989e+00
  -8.8165002817243145e+00
   2.1259272011613009e+00
   5.4562830960508260e+00
  -8.4844427791016752e+00
   5.4562830960508473e+00
   2.1259272011612564e+00
  -8.8165002817243234e+00
   2.3061107875587821e+00
   3.0685180324351760e+00
   1.1362931892931677e-01
  -1.9761273121479578e-01
  -4.3335823698160443e+00
   8.7483392577220009e-01
   8.9404808202826640e+00
  -9.2640581378866038e+00
   5.3953871970334513e+00
   1.6425475413504175e-14
  -5.3953871970334211e+00
   9.2640581378865914e+00
  -8.9404808202826480e+00
  -8.7483392577222119e-01
   4.3335823698160443e+00
   1.9761273121479905e-01
   2.6692009487302190e-04
   3.1763248345108519e-02
   3.2126715515073484e-01
   1.1421873302824603e+00
   2.0060900478804364e+00
   1.7166505267816325e+00
   1.4109496315410708e-15
  -1.7166505267816339e+00
  -2.0060900478804360e+00
  -1.1421873302824623e+00
  -3.2126715515073545e-01
  -3.1763248345108519e-02
  -2.6692009487302759e-04
  -1.0781191239738941e-03
  -1.1694989717555364e-01
  -9.7739536428844431e-01
  -2.4098526244136407e+00
  -1.6049335612652353e+00
   2.5232956757712599e+00
   5.1679554634182940e+00
   2.5232956757712524e+00
  -1.6049335612652433e+00
  -2.4098526244136433e+00
  -9.7739536428844587e-01
  -1.1694989717555364e-01
  -1.0781191239739171e-03
   3.1497269479354006e-03
   3.0707312934409725e-01
   2.0266347327015573e+00
   2.7823861549352165e+00
  -2.2579004723425964e+00
  -6.2120989711007146e+00
  -6.3679425770068490e-15
   6.2120989711007146e+00
   2.2579004723425800e+00
  -2.7823861549352120e+00
  -2.0266347327015590e+00
  -3.0707312934409725e-01
  -3.1497269479354674e-03
  -7.6809218850781924e-03
  -6.6274291009913699e-01
  -3.2456136762236718e+00
  -9.4332374669246488e-01
   6.9072981346095572e+00
   1.5719705113602269e+00
  -7.2512695253316748e+00
   1.5719705113602473e+00
   6.9072981346095474e+00
  -9.4332374669244812e-01
  -3.2456136762236718e+00
  -6.6274291009913699e-01
  -7.6809218850783520e-03
   1.6570588909481970e-02
   1.2441951533304947e+00
   4.1071108550113298e+00
  -3.3238084800267944e+00
  -6.8725098873185910e+00
   7.1230963228933311e+00
   1.1937113727760403e-14
  -7.1230963228933177e+00
   6.8725098873186123e+00
   3.3238084800268215e+00
  -4.1071108550113271e+00
  -1.2441951533304947e+00
  -1.6570588909482320e-02
  -3.2636507482745325e-02
  -2.0924129757044345e+00
  -3.8850416156382281e+00
   8.2346111769158998e+00
  -1.0922641523089520e-01
  -6.6692073381803834e+00
   9.0880343378486153e+00
  -6.6692073381804047e+00
  -1.0922641523084733e-01
   8.2346111769159229e+00
  -3.8850416156382206e+00
  -2.0924129757044345e+00
  -3.2636507482745998e-02
  -5.5704446227907375e-05
  -1.4874006950211110e-02
  -2.2627892241254594e-01
  -1.0312311915433723e+00
  -2.1122271244953619e+00
  -1.9678311682805485e+00
  -1.6621412466486159e-15
   1.9678311682805496e+00
   2.1122271244953605e+00
   1.0312311915433747e+00
   2.2627892241254646e-01
   1.4874006950211110e-02
   5.5704446227908771e-05
   2.3800169500504497e-04
   5.8096261335822623e-02
   7.3563515904316024e-01
   2.3735787719898718e+00
   2.0793333847895794e+00
  -2.4285851464108195e+00
  -5.6316489024398129e+00
  -2.4285851464108106e+00
   2.0793333847895852e+00
   2.3735787719898744e+00
   7.3563515904316157e-01
   5.8096261335822623e-02
   2.3800169500505099e-04
  -7.3409806538296746e-04
  -1.6185104305233991e-01
  -1.6435549559467122e+00
  -3.1894904852599608e+00
   1.5693414165263269e+00
   6.7461871679029981e+00
   7.2995177418723988e-15
  -6.7461871679029963e+00
  -1.5693414165263093e+00
   3.1894904852599590e+00
   1.6435549559467142e+00
   1.6185104305233991e-01
   7.3409806538298535e-04
   1.8864342281417761e-03
   3.7084489907204055e-01
   2.8774598752396212e+00
   2.0960139436219305e+00
  -6.8173606515514402e+00
  -2.4226713597318699e+00
   7.7966648600971560e+00
  -2.4226713597318890e+00
  -6.8173606515514260e+00
   2.0960139436219154e+00
   2.8774598752396248e+00
   3.7084489907204055e-01
   1.8864342281418238e-03
  -4.2809155011182196e-03
  -7.3996869925376174e-01
  -4.0977876131164619e+00
   1.6410329242122066e+00
   8.1440862332023531e+00
  -7.0835788130392343e+00
  -1.3445499950954701e-14
   7.0835788130392157e+00
  -8.1440862332023709e+00
  -1.6410329242122328e+00
   4.0977876131164646e+00
   7.3996869925376174e-01
   4.2809155011183245e-03
   1.1406045660188425e-05
   6.8338855940236224e-03
   1.5637183414133229e-01
   9.1350598445930542e-01
   2.1820638848368916e+00
   2.2132497966257443e+00
   1.9211487704536955e-15
  -2.2132497966257456e+00
  -2.1820638848368890e+00
  -9.1350598445930775e-01
  -1.5637183414133268e-01
  -6.8338855940236224e-03
  -1.1406045660188757e-05
  -5.1257135016401780e-05
  -2.8137038635863972e-02
  -5.3889175025430269e-01
  -2.2636737462498258e+00
  -2.5056868897430462e+00
   2.2928509817775296e+00
   6.0828760401976085e+00
   2.2928509817775189e+00
  -2.5056868897430506e+00
  -2.2636737462498298e+00
  -5.3889175025430391e-01
  -2.8137038635863972e-02
  -5.1257135016403223e-05
   1.6601429463957774e-04
   8.2624312376983464e-02
   1.2835570484483323e+00
   3.4106655454810513e+00
  -8.3381169983720493e-01
  -7.2224491012951706e+00
  -8.2551047069777858e-15
   7.2224491012951688e+00
   8.3381169983718462e-01
  -3.4106655454810522e+00
  -1.2835570484483352e+00
  -8.2624312376983464e-02
  -1.6601429463958248e-04
  -4.4725762257650012e-04
  -1.9958745151909052e-01
  -2.4180411558047465e+00
  -3.0209183654825122e+00
   6.4978206431865759e+00
   3.3020740818719059e+00
  -8.3293210543098297e+00
   3.3020740818719276e+00
   6.4978206431865573e+00
  -3.0209183654825047e+00
  -2.4180411558047505e+00
  -1.9958745151909052e-01
  -4.4725762257651275e-04
  -2.3005910195414918e-06
  -3.0929044088820593e-03
  -1.0644665735213567e-01
  -7.9712388537619616e-01
  -2.2205132915466286e+00
  -2.4520656903070388e+00
  -2.1873240961025371e-15
   2.4520656903070401e+00
   2.2205132915466259e+00
   7.9712388537619849e-01
   1.0644665735213599e-01
   3.0929044088820593e-03
   2.3005910195415655e-06
   1.0823551757004114e-05
   1.3355352011893624e-02
   3.8643948422676816e-01
   2.1060420679231853e+00
   2.8792580260347411e+00
  -2.1216110974138540e+00
  -6.5231578287261822e+00
  -2.1216110974138433e+00
   2.8792580260347456e+00
   2.1060420679231910e+00
   3.8643948422676933e-01
   1.3355352011893624e-02
   1.0823551757004468e-05
  -3.6648894095558629e-05
  -4.1122555301383493e-02
  -9.7357854667057020e-01
  -3.4778131863435529e+00
   8.0972813802929991e-02
   7.6411806210968916e+00
   9.2330424094050413e-15
  -7.6411806210968871e+00
  -8.0972813802909951e-02
   3.4778131863435577e+00
   9.7357854667057253e-01
   4.1122555301383493e-02
   3.6648894095559802e-05
   4.5839181805305004e-07
   1.3827969531716160e-03
   7.1581146305964571e-02
   6.8712123655564450e-01
   2.2321964622989792e+00
   2.6836562795788890e+00
   2.4601319430590180e-15
  -2.6836562795788907e+00
  -2.2321964622989756e+00
  -6.8712123655564727e-01
  -7.1581146305964821e-02
  -1.3827969531716160e-03
  -4.5839181805306671e-07
  -2.2490630995916126e-06
  -6.2360241922694353e-03
  -2.7237921141145061e-01
  -1.9212555628890040e+00
  -3.1983545779835572e+00
   1.9196433770774521e+00
   6.9537096099256503e+00
   1.9196433770774399e+00
  -3.1983545779835598e+00
  -1.9212555628890093e+00
  -2.7237921141145144e-01
  -6.2360241922694353e-03
  -2.2490630995916922e-06
  -9.0415310036396323e-08
  -6.1200928619714200e-04
  -4.7651102271900066e-02
  -5.8633875630610433e-01
  -2.2213609628355560e+00
  -2.9075645351533446e+00
  -2.7391218001892330e-15
   2.9075645351533455e+00
   2.2213609628355520e+00
   5.8633875630610688e-01
   4.7651102271900246e-02
   6.1200928619714200e-04
   9.0415310036399896e-08
