  -0.0000000000000000e+00
  -0.0000000000000000e+00
  -0.0000000000000000e+00
  -0.0000000000000000e+00
  -0.0000000000000000e+00
  -0.0000000000000000e+00
  -0.0000000000000000e+00
  -3.8573469651115921e-01
  -8.2170387073162499e-01
  -1.1193455988456766e+00
  -1.2247448713915892e+00
  -1.1193455988456771e+00
  -8.2170387073162476e-01
  -3.8573469651115921e-01
   1.4179141238073392e+00
   2.3598825156525778e+00
   1.7594226855583974e+00
   7.6279954948248138e-16
  -1.7594226855583974e+00
  -2.3598825156525769e+00
  -1.4179141238073392e+00
  -3.0969633559260337e+00
  -3.2935922410200975e+00
   4.5254521758233102e-01
   2.8062430400804552e+00
   4.5254521758233218e-01
  -3.2935922410200988e+00
  -3.0969633559260337e+00
   5.2403536393651589e+00
   2.2402358444238186e+00
  -3.6332783508828248e+00
  -2.5585074687735642e-15
   3.6332783508828261e+00
  -2.2402358444238253e+00
  -5.2403536393651589e+00
  -7.5190145056803495e+00
   1.0287258469047846e+00
   2.9587735235520114e+00
  -4.3972647748344640e+00
   2.9587735235520096e+00
   1.0287258469047746e+00
  -7.5190145056803495e+00
   9.5099360449292689e+00
  -5.0553435844276162e+00
   2.3680833567166100e+00
   5.3811507559370549e-15
  -2.3680833567166135e+00
   5.0553435844276065e+00
  -9.5099360449292689e+00
   8.2195156302164296e-01
   6.4218484442746893e-01
   3.5147221109556698e-01
   1.3926750670211105e-16
  -3.5147221109556692e-01
  -6.4218484442746904e-01
  -8.2195156302164296e-01
  -1.5523143018318737e+00
  -1.9313986696564248e-01
   1.2985714750043535e+00
   1.9364916731037083e+00
   1.2985714750043542e+00
  -1.9313986696564386e-01
  -1.5523143018318737e+00
   1.9314568231248308e+00
  -1.6531344263416372e+00
  -2.8042113118555601e+00
  -1.4330010617712442e-15
   2.8042113118555605e+00
   1.6531344263416337e+00
  -1.9314568231248308e+00
  -1.6588611960126662e+00
   4.0087789349221143e+00
   8.1533678296161927e-01
  -3.5575623676894255e+00
   8.1533678296161749e-01
   4.0087789349221108e+00
  -1.6588611960126662e+00
   5.3401521447352929e-01
  -5.0817323861168822e+00
   3.6150435797001750e+00
   3.7440285878334571e-15
  -3.6150435797001759e+00
   5.0817323861168848e+00
  -5.3401521447352929e-01
   1.5003950280449656e+00
   3.3724946446566371e+00
  -4.7749512259479259e+00
   5.1633473880807212e+00
  -4.7749512259479241e+00
   3.3724946446566513e+00
   1.5003950280449656e+00
  -5.7886101706891246e-01
  -9.6341800271072542e-01
  -7.1828130358255460e-01
  -3.1141161204282791e-16
   7.1828130358255460e-01
   9.6341800271072520e-01
   5.7886101706891246e-01
   1.3735478883894494e+00
   1.1164879833412260e+00
  -1.1843809423919505e+00
  -2.5617376914898999e+00
  -1.1843809423919514e+00
   1.1164879833412271e+00
   1.3735478883894494e+00
  -2.3116739569449494e+00
   2.5183937675552959e-01
   3.5419867043658231e+00
   2.1575229365004236e-15
  -3.5419867043658235e+00
  -2.5183937675552470e-01
   2.3116739569449494e+00
   3.1603984612770062e+00
  -3.0299910920787276e+00
  -2.2114405376751369e+00
   4.2481613669916065e+00
  -2.2114405376751347e+00
  -3.0299910920787210e+00
   3.1603984612770062e+00
  -3.6369043825978222e+00
   5.8108989299297962e+00
  -2.9587458129217965e+00
  -4.9888921445027259e-15
   2.9587458129218005e+00
  -5.8108989299297926e+00
   3.6369043825978222e+00
   2.9538064379898316e-01
   1.0472469749036546e+00
   1.0635986624576750e+00
   5.0454447703068860e-16
  -1.0635986624576750e+00
  -1.0472469749036537e+00
  -2.9538064379898316e-01
  -8.1017318405396010e-01
  -1.6939887884525167e+00
   8.9407523505319331e-01
   3.1374750995027831e+00
   8.9407523505319419e-01
  -1.6939887884525169e+00
  -8.1017318405396010e-01
   1.5949189100353831e+00
   1.0837013558256177e+00
  -3.9943820616495214e+00
  -2.9284232606245433e-15
   3.9943820616495218e+00
  -1.0837013558256212e+00
  -1.5949189100353831e+00
  -2.5945784524556341e+00
   1.3145915757207289e+00
   3.5752354099903463e+00
  -4.8983814291049237e+00
   3.5752354099903441e+00
   1.3145915757207192e+00
  -2.5945784524556341e+00
  -1.3156492002794856e-01
  -9.9365086651027446e-01
  -1.3747108070475045e+00
  -7.1353364223724021e-16
   1.3747108070475045e+00
   9.9365086651027323e-01
   1.3156492002794856e-01
   4.0274353096315629e-01
   1.9436389470620070e+00
  -4.9557052529425627e-01
  -3.6790156631903601e+00
  -4.9557052529425805e-01
   1.9436389470620057e+00
   4.0274353096315629e-01
  -8.8710343689467752e-01
  -2.0611121577488927e+00
   4.1920044207437082e+00
   3.7392498882692693e-15
  -4.1920044207437090e+00
   2.0611121577488958e+00
   8.8710343689467752e-01
   5.4323724391982187e-02
   8.7399686419048095e-01
   1.6471618267163495e+00
   9.3545049680686614e-16
  -1.6471618267163495e+00
  -8.7399686419047928e-01
  -5.4323724391982187e-02
  -1.8180476327520628e-01
  -1.9541637537372900e+00
   3.4354370306337700e-02
   4.1947232477244549e+00
   3.4354370306339373e-02
  -1.9541637537372880e+00
  -1.8180476327520628e-01
  -2.1369527119155664e-02
  -7.3238910791975176e-01
  -1.8802566550910698e+00
  -1.1683772960319332e-15
   1.8802566550910702e+00
   7.3238910791975020e-01
   2.1369527119155664e-02
