  -0.0000000e+00
  -0.0000000e+00
  -0.0000000e+00
  -0.0000000e+00
  -0.0000000e+00
  -0.0000000e+00
  -0.0000000e+00
  -3.8573470e-01
  -8.2170387e-01
  -1.1193456e+00
  -1.2247449e+00
  -1.1193456e+00
  -8.2170387e-01
  -3.8573470e-01
   1.4179141e+00
   2.3598825e+00
   1.7594227e+00
   7.6279955e-16
  -1.7594227e+00
  -2.3598825e+00
  -1.4179141e+00
  -3.0969634e+00
  -3.2935922e+00
   4.5254522e-01
   2.8062430e+00
   4.5254522e-01
  -3.2935922e+00
  -3.0969634e+00
   5.2403536e+00
   2.2402358e+00
  -3.6332784e+00
  -2.5585075e-15
   3.6332784e+00
  -2.2402358e+00
  -5.2403536e+00
  -7.5190145e+00
   1.0287258e+00
   2.9587735e+00
  -4.3972648e+00
   2.9587735e+00
   1.0287258e+00
  -7.5190145e+00
   9.5099360e+00
  -5.0553436e+00
   2.3680834e+00
   5.3811508e-15
  -2.3680834e+00
   5.0553436e+00
  -9.5099360e+00
   8.2195156e-01
   6.4218484e-01
   3.5147221e-01
   1.3926751e-16
  -3.5147221e-01
  -6.4218484e-01
  -8.2195156e-01
  -1.5523143e+00
  -1.9313987e-01
   1.2985715e+00
   1.9364917e+00
   1.2985715e+00
  -1.9313987e-01
  -1.5523143e+00
   1.9314568e+00
  -1.6531344e+00
  -2.8042113e+00
  -1.4330011e-15
   2.8042113e+00
   1.6531344e+00
  -1.9314568e+00
  -1.6588612e+00
   4.0087789e+00
   8.1533678e-01
  -3.5575624e+00
   8.1533678e-01
   4.0087789e+00
  -1.6588612e+00
   5.3401521e-01
  -5.0817324e+00
   3.6150436e+00
   3.7440286e-15
  -3.6150436e+00
   5.0817324e+00
  -5.3401521e-01
   1.5003950e+00
   3.3724946e+00
  -4.7749512e+00
   5.1633474e+00
  -4.7749512e+00
   3.3724946e+00
   1.5003950e+00
  -5.7886102e-01
  -9.6341800e-01
  -7.1828130e-01
  -3.1141161e-16
   7.1828130e-01
   9.6341800e-01
   5.7886102e-01
   1.3735479e+00
   1.1164880e+00
  -1.1843809e+00
  -2.5617377e+00
  -1.1843809e+00
   1.1164880e+00
   1.3735479e+00
  -2.3116740e+00
   2.5183938e-01
   3.5419867e+00
   2.1575229e-15
  -3.5419867e+00
  -2.5183938e-01
   2.3116740e+00
   3.1603985e+00
  -3.0299911e+00
  -2.2114405e+00
   4.2481614e+00
  -2.2114405e+00
  -3.0299911e+00
   3.1603985e+00
  -3.6369044e+00
   5.8108989e+00
  -2.9587458e+00
  -4.9888921e-15
   2.9587458e+00
  -5.8108989e+00
   3.6369044e+00
   2.9538064e-01
   1.0472470e+00
   1.0635987e+00
   5.0454448e-16
  -1.0635987e+00
  -1.0472470e+00
  -2.9538064e-01
  -8.1017318e-01
  -1.6939888e+00
   8.9407524e-01
   3.1374751e+00
   8.9407524e-01
  -1.6939888e+00
  -8.1017318e-01
   1.5949189e+00
   1.0837014e+00
  -3.9943821e+00
  -2.9284233e-15
   3.9943821e+00
  -1.0837014e+00
  -1.5949189e+00
  -2.5945785e+00
   1.3145916e+00
   3.5752354e+00
  -4.8983814e+00
   3.5752354e+00
   1.3145916e+00
  -2.5945785e+00
  -1.3156492e-01
  -9.9365087e-01
  -1.3747108e+00
  -7.1353364e-16
   1.3747108e+00
   9.9365087e-01
   1.3156492e-01
   4.0274353e-01
   1.9436389e+00
  -4.9557053e-01
  -3.6790157e+00
  -4.9557053e-01
   1.9436389e+00
   4.0274353e-01
  -8.8710344e-01
  -2.0611122e+00
   4.1920044e+00
   3.7392499e-15
  -4.1920044e+00
   2.0611122e+00
   8.8710344e-01
   5.4323724e-02
   8.7399686e-01
   1.6471618e+00
   9.3545050e-16
  -1.6471618e+00
  -8.7399686e-01
  -5.4323724e-02
  -1.8180476e-01
  -1.9541638e+00
   3.4354370e-02
   4.1947232e+00
   3.4354370e-02
  -1.9541638e+00
  -1.8180476e-01
  -2.1369527e-02
  -7.3238911e-01
  -1.8802567e+00
  -1.1683773e-15
   1.8802567e+00
   7.3238911e-01
   2.1369527e-02
