   0.0000000000000000e+00
   0.0000000000000000e+00
   0.0000000000000000e+00
   0.0000000000000000e+00
   0.0000000000000000e+00
   0.0000000000000000e+00
   0.0000000000000000e+00
   0.0000000000000000e+00
   0.0000000000000000e+00
   0.0000000000000000e+00
   0.0000000000000000e+00
   0.0000000000000000e+00
   0.0000000000000000e+00
   1.2053731487770987e+00
   1.1238239334454740e+00
   9.8172865564548295e-01
   7.8671405912133197e-01
   5.4928919668819287e-01
   2.8225264053559324e-01
   1.9695399677601134e-16
  -2.8225264053559362e-01
  -5.4928919668819343e-01
  -7.8671405912133130e-01
  -9.8172865564548284e-01
  -1.1238239334454740e+00
  -1.2053731487770987e+00
  -4.4456844295917328e+00
  -3.2443718642817889e+00
  -1.3521339761423985e+00
   8.2902896751867183e-01
   2.8351803767779868e+00
   4.2395609680586519e+00
   4.7434164902525682e+00
   4.2395609680586501e+00
   2.8351803767779828e+00
   8.2902896751867661e-01
  -1.3521339761423961e+00
  -3.2443718642817889e+00
  -4.4456844295917293e+00
   9.7472674753872770e+00
   4.1967477267411777e+00
  -3.0639130411809035e+00
  -8.6719099280829237e+00
  -1.0047007067091902e+01
  -6.5987213354935035e+00
  -4.9640612925758835e-15
   6.5987213354935115e+00
   1.0047007067091906e+01
   8.6719099280829326e+00
   3.0639130411809123e+00
  -4.1967477267411777e+00
  -9.7472674753872628e+00
  -1.6532778031957054e+01
  -6.1903546650782293e-01
   1.4789201655632199e+01
   1.7891025244081170e+01
   6.8840348376960341e+00
  -8.7238447559120420e+00
  -1.5909902576697315e+01
  -8.7238447559120207e+00
   6.8840348376960696e+00
   1.7891025244081170e+01
   1.4789201655632214e+01
  -6.1903546650782293e-01
  -1.6532778031957026e+01
   2.3660416271328756e+01
  -1.0698395589532005e+01
  -3.0348455270117800e+01
  -1.4442159945625594e+01
   1.5587598415434762e+01
   2.2906776676349754e+01
   2.0506889135005962e-14
  -2.2906776676349772e+01
  -1.5587598415434707e+01
   1.4442159945625527e+01
   3.0348455270117778e+01
   1.0698395589532005e+01
  -2.3660416271328682e+01
  -2.9491307039191692e+01
   3.1184471884745637e+01
   3.9386555688746455e+01
  -1.1036829827378616e+01
  -3.4767109076256126e+01
   3.0996547901558849e+00
   3.3462315557952657e+01
   3.0996547901558156e+00
  -3.4767109076256155e+01
  -1.1036829827378734e+01
   3.9386555688746398e+01
   3.1184471884745637e+01
  -2.9491307039191540e+01
   3.1996473556136728e+01
  -5.9103275750034868e+01
  -2.9222308140420488e+01
   4.6519776212724885e+01
   1.3375540521697761e+01
  -4.4765572181724231e+01
  -5.2985928816907123e-14
   4.4765572181724217e+01
  -1.3375540521697934e+01
  -4.6519776212724942e+01
   2.9222308140420353e+01
   5.9103275750034868e+01
  -3.1996473556136454e+01
  -2.8902205942510385e+01
   8.8932721812971351e+01
  -6.6544664807628182e+00
  -5.9258290749158583e+01
   4.4020405419878060e+01
   2.1652485988940594e+01
  -5.7398432714883427e+01
   2.1652485988940747e+01
   4.4020405419877896e+01
  -5.9258290749158505e+01
  -6.6544664807629976e+00
   8.8932721812971351e+01
  -2.8902205942509934e+01
   1.7867407822820102e+01
  -1.1186486325010075e+02
   6.0826450209921596e+01
   2.1520228794044343e+01
  -7.1531053594476575e+01
   5.9352969844321933e+01
   1.0856043184638128e-13
  -5.9352969844321763e+01
   7.1531053594476745e+01
  -2.1520228794043966e+01
  -6.0826450209921759e+01
   1.1186486325010075e+02
  -1.7867407822819398e+01
   3.3166133112079805e+00
   1.1750704937935983e+02
  -1.1045315697486022e+02
   5.6551479498909110e+01
   1.1923904430185901e+01
  -6.6870478973670245e+01
   8.7717837968684464e+01
  -6.6870478973670473e+01
   1.1923904430186409e+01
   5.6551479498909536e+01
  -1.1045315697486022e+02
   1.1750704937935983e+02
   3.3166133112089846e+00
  -3.6515549220177334e+01
  -9.6528244744323388e+01
   1.2507737860889574e+02
  -1.1956520261218141e+02
   9.2038689440980278e+01
  -4.9786710989646423e+01
  -1.9338939464197280e-13
   4.9786710989646046e+01
  -9.2038689440979851e+01
   1.1956520261218148e+02
  -1.2507737860889544e+02
   9.6528244744323388e+01
   3.6515549220178684e+01
   8.3043642807272491e+01
   4.3687183161642501e+01
  -8.1844928175602064e+01
   1.0257189707168284e+02
  -1.1516906396587977e+02
   1.2216306375020554e+02
  -1.2442040999432821e+02
   1.2216306375020564e+02
  -1.1516906396588021e+02
   1.0257189707168234e+02
  -8.1844928175601495e+01
   4.3687183161642501e+01
   8.3043642807274125e+01
   1.5342029234619328e-01
   3.4425264459052674e-01
   5.1778801004103625e-01
   6.6373224615835802e-01
   7.7404178776137156e-01
   8.4271390367985677e-01
   8.6602540378443893e-01
   8.4271390367985666e-01
   7.7404178776137145e-01
   6.6373224615835824e-01
   5.1778801004103636e-01
   3.4425264459052674e-01
   1.5342029234619381e-01
  -1.3505282799669218e+00
  -2.8253673750808295e+00
  -3.7122979146400534e+00
  -3.8133721709282393e+00
  -3.1050230521026223e+00
  -1.7370708675072497e+00
  -1.2456464481713116e-15
   1.7370708675072519e+00
   3.1050230521026245e+00
   3.8133721709282384e+00
   3.7122979146400539e+00
   2.8253673750808295e+00
   1.3505282799669265e+00
   4.6767158066798222e+00
   8.6588962596252248e+00
   8.6764516660625937e+00
   4.6984370176066212e+00
  -1.4107685580374383e+00
  -6.7871509633798004e+00
  -8.9110184603108067e+00
  -6.7871509633797915e+00
  -1.4107685580374230e+00
   4.6984370176066097e+00
   8.6764516660625866e+00
   8.6588962596252248e+00
   4.6767158066798356e+00
  -1.1265136833848409e+01
  -1.7432626076591127e+01
  -1.0208903377962706e+01
   4.5462805469801078e+00
   1.4960301509455565e+01
   1.2778524426007269e+01
   1.0297793918013497e-14
  -1.2778524426007277e+01
  -1.4960301509455553e+01
  -4.5462805469801415e+00
   1.0208903377962701e+01
   1.7432626076591127e+01
   1.1265136833848446e+01
   2.2105548084653869e+01
   2.6463416073727679e+01
   1.3758881471312947e+00
  -2.3126987276320385e+01
  -1.8507056782262673e+01
   8.1285122470404669e+00
   2.3281984048830541e+01
   8.1285122470404225e+00
  -1.8507056782262719e+01
  -2.3126987276320410e+01
   1.3758881471312407e+00
   2.6463416073727679e+01
   2.2105548084653933e+01
  -3.7878564075591363e+01
  -3.1021719122687493e+01
   2.0798984425833673e+01
   3.4632568237678008e+01
  -7.7656942324876184e+00
  -3.3070835883015803e+01
  -3.3213183531685238e-14
   3.3070835883015810e+01
   7.7656942324875091e+00
  -3.4632568237677972e+01
  -2.0798984425833741e+01
   3.1021719122687493e+01
   3.7878564075591456e+01
   5.8811553344953758e+01
   2.5459604516861560e+01
  -5.0144630727891837e+01
  -1.7674531321246363e+01
   4.4915663771156737e+01
   5.7564659940276481e+00
  -4.4029866572482661e+01
   5.7564659940277538e+00
   4.4915663771156702e+01
  -1.7674531321246157e+01
  -5.0144630727891865e+01
   2.5459604516861560e+01
   5.8811553344953865e+01
  -8.4564395210650162e+01
  -5.0270157802282878e+00
   7.0861654826496618e+01
  -3.0353802041336394e+01
  -3.9929896178818076e+01
   5.3702977462908308e+01
   7.6146683820628353e-14
  -5.3702977462908223e+01
   3.9929896178818296e+01
   3.0353802041336639e+01
  -7.0861654826496519e+01
   5.0270157802282878e+00
   8.4564395210650275e+01
   1.1415332319846161e+02
  -3.2081464947829694e+01
  -6.3841076409708982e+01
   7.8789680102600386e+01
  -2.6967741774609969e+01
  -4.0942986004311905e+01
   7.1159213400187298e+01
  -4.0942986004312097e+01
  -2.6967741774609621e+01
   7.8789680102600428e+01
  -6.3841076409708755e+01
  -3.2081464947829694e+01
   1.1415332319846172e+02
  -1.4591969238170472e+02
   8.3047900889369885e+01
   1.7880559940734756e+01
  -7.9380384208403072e+01
   9.1469272609212098e+01
  -5.8935609496300309e+01
  -1.4525614047340663e-13
   5.8935609496300046e+01
  -9.1469272609212055e+01
   7.9380384208402702e+01
  -1.7880559940734415e+01
  -8.3047900889369885e+01
   1.4591969238170458e+02
   1.7754836084635656e+02
  -1.3970998900170349e+02
   5.9829074768805711e+01
   7.9771528018452909e+00
  -6.0181975808527547e+01
   9.3303249237717239e+01
  -1.0467103523706773e+02
   9.3303249237717438e+01
  -6.0181975808528136e+01
   7.9771528018446078e+00
   5.9829074768806059e+01
  -1.3970998900170349e+02
   1.7754836084635627e+02
  -2.0613775347540869e+02
   1.8921598165305130e+02
  -1.4070502797091626e+02
   1.0088774911379265e+02
  -6.5573517073738358e+01
   3.2366712763906627e+01
   2.4670003925195750e-13
  -3.2366712763906108e+01
   6.5573517073737605e+01
  -1.0088774911379328e+02
   1.4070502797091646e+02
  -1.8921598165305130e+02
   2.0613775347540798e+02
   1.8149430683226389e+00
   1.3245092672220966e+00
   5.5200638423824000e-01
  -3.3844965873451921e-01
  -1.1574575419763042e+00
  -1.7307935175272651e+00
  -1.9364916731037083e+00
  -1.7307935175272642e+00
  -1.1574575419763025e+00
  -3.3844965873452121e-01
   5.5200638423823900e-01
   1.3245092672220966e+00
   1.8149430683226375e+00
  -4.3303107396667340e+00
  -1.3583948361185509e+00
   2.4995474099706483e+00
   5.4080128898432047e+00
   5.9625407199360803e+00
   3.8504180278602296e+00
   2.8837118829506740e-15
  -3.8504180278602345e+00
  -5.9625407199360829e+00
  -5.4080128898432092e+00
  -2.4995474099706527e+00
   1.3583948361185509e+00
   4.3303107396667277e+00
   7.3126733190163025e+00
  -1.9026049406065755e+00
  -1.0309615505069200e+01
  -1.0729065884640747e+01
  -2.3490706455066581e+00
   8.5152661862476187e+00
   1.3416407864998734e+01
   8.5152661862476062e+00
  -2.3490706455066830e+00
  -1.0729065884640741e+01
  -1.0309615505069209e+01
  -1.9026049406065755e+00
   7.3126733190162865e+00
  -9.9471498603249113e+00
   1.0369349121311892e+01
   1.9476301774931216e+01
   5.0267982221458531e+00
  -1.6622484625544992e+01
  -1.9691013387261766e+01
  -1.7078911284351163e-14
   1.9691013387261783e+01
   1.6622484625544956e+01
  -5.0267982221458007e+00
  -1.9476301774931194e+01
  -1.0369349121311892e+01
   9.9471498603248669e+00
   1.1110525476762581e+01
  -2.4427751447917920e+01
  -2.1554212729646377e+01
   1.7847129728930355e+01
   3.0195656591240258e+01
  -5.2053142336982230e+00
  -3.1023082384331190e+01
  -5.2053142336981599e+00
   3.0195656591240301e+01
   1.7847129728930444e+01
  -2.1554212729646324e+01
  -2.4427751447917920e+01
   1.1110525476762485e+01
  -9.4574446503291973e+00
   4.1981052995954109e+01
   7.2384828894483260e+00
  -4.5316996473305544e+01
  -6.5438623296881948e+00
   4.2501444721283356e+01
   4.8247065616059593e-14
  -4.2501444721283335e+01
   6.5438623296883502e+00
   4.5316996473305558e+01
  -7.2384828894482247e+00
  -4.1981052995954109e+01
   9.4574446503290268e+00
   3.5314943205528513e+00
  -5.8149271703372463e+01
   2.6546705558613937e+01
   4.8571040371858750e+01
  -4.6149132693196954e+01
  -1.7720380412204133e+01
   5.4978600240229831e+01
  -1.7720380412204278e+01
  -4.6149132693196826e+01
   4.8571040371858636e+01
   2.6546705558614054e+01
  -5.8149271703372463e+01
   3.5314943205525688e+00
   8.1016793251144890e+00
   6.5882270601058124e+01
  -7.0785298834531289e+01
  -6.5676436389629052e+00
   6.5499632283355012e+01
  -5.9222761611051823e+01
  -1.0252282454755759e-13
   5.9222761611051673e+01
  -6.5499632283355197e+01
   6.5676436389625561e+00
   7.0785298834531389e+01
  -6.5882270601058124e+01
  -8.1016793251149295e+00
  -2.6706773343420831e+01
  -5.7506752933404343e+01
   1.0431438973194410e+02
  -6.5917846013322546e+01
  -2.8549781816595372e+00
   6.2259637945562901e+01
  -8.5307175690226416e+01
   6.2259637945563114e+01
  -2.8549781816600213e+00
  -6.5917846013322873e+01
   1.0431438973194402e+02
  -5.7506752933404343e+01
  -2.6706773343421425e+01
   5.3226082966197040e+01
   2.6950286247760133e+01
  -1.0174236016633810e+02
   1.1537446611344927e+02
  -9.4414903037437924e+01
   5.2375619138098685e+01
   1.8605861757491058e-13
  -5.2375619138098330e+01
   9.4414903037437568e+01
  -1.1537446611344923e+02
   1.0174236016633776e+02
  -2.6950286247760133e+01
  -5.3226082966197851e+01
  -8.8131892758495908e+01
   2.7859844737631040e+01
   4.7104878323413061e+01
  -8.5381958431558644e+01
   1.0697072860288380e+02
  -1.1840450356340435e+02
   1.2201481238324286e+02
  -1.1840450356340446e+02
   1.0697072860288429e+02
  -8.5381958431558118e+01
   4.7104878323412507e+01
   2.7859844737631040e+01
  -8.8131892758496832e+01
  -1.0593047451544484e+00
  -1.9031377494288544e+00
  -1.7400194452446431e+00
  -5.7190495231463856e-01
   1.1120542862917393e+00
   2.5665738211228257e+00
   3.1374750995027831e+00
   2.5665738211228235e+00
   1.1120542862917351e+00
  -5.7190495231463523e-01
  -1.7400194452446420e+00
  -1.9031377494288544e+00
  -1.0593047451544515e+00
   3.0074752798777196e+00
   3.9731314231142321e+00
   4.2168275953630491e-01
  -5.2488291348500908e+00
  -8.5291552279742433e+00
  -6.4380433743789292e+00
  -5.0454447703068844e-15
   6.4380433743789354e+00
   8.5291552279742380e+00
   5.2488291348501050e+00
  -4.2168275953630030e-01
  -3.9731314231142321e+00
  -3.0074752798777298e+00
  -6.1928670907162005e+00
  -4.7563567912646505e+00
   6.9116624049107793e+00
   1.4881123555571664e+01
   7.5361466191451516e+00
  -9.3820678890438121e+00
  -1.8210198464733985e+01
  -9.3820678890437854e+00
   7.5361466191451862e+00
   1.4881123555571667e+01
   6.9116624049107980e+00
  -4.7563567912646505e+00
  -6.1928670907162173e+00
   1.0666593362100686e+01
   1.7264340025525446e+00
  -2.0186769450912191e+01
  -1.5900857526507240e+01
   1.4866224152808085e+01
   2.6925989047812759e+01
   2.5207033993276931e-14
  -2.6925989047812770e+01
  -1.4866224152808018e+01
   1.5900857526507190e+01
   2.0186769450912209e+01
  -1.7264340025525446e+00
  -1.0666593362100704e+01
  -1.6233377592802878e+01
   7.6490823726362009e+00
   3.3165533914905112e+01
  -4.7532888483046953e+00
  -3.9766095983631722e+01
   1.6341139370310886e-01
   3.9101589816424017e+01
   1.6341139370302149e-01
  -3.9766095983631743e+01
  -4.7532888483048366e+00
   3.3165533914905083e+01
   7.6490823726362009e+00
  -1.6233377592802889e+01
   2.2410475743522543e+01
  -2.4752350208018452e+01
  -3.4387032519687011e+01
   4.3043752316737574e+01
   2.4737550867442138e+01
  -5.0650721868285991e+01
  -6.5488884332217921e-14
   5.0650721868285942e+01
  -2.4737550867442351e+01
  -4.3043752316737724e+01
   3.4387032519686919e+01
   2.4752350208018452e+01
  -2.2410475743522539e+01
  -2.8407641537193339e+01
   4.8660101314946495e+01
   1.2776499689189301e+01
  -7.0294435027459159e+01
   3.7969946989413145e+01
   3.2105039851772140e+01
  -6.6286920588185794e+01
   3.2105039851772311e+01
   3.7969946989412868e+01
  -7.0294435027459116e+01
   1.2776499689189116e+01
   4.8660101314946495e+01
  -2.8407641537193285e+01
   3.3133379195103061e+01
  -7.5386231247342081e+01
   3.4156532805690539e+01
   5.0422474660806714e+01
  -8.5141465307622198e+01
   6.0949507579449140e+01
   1.3198225278054046e-13
  -6.0949507579448920e+01
   8.5141465307622227e+01
  -5.0422474660806301e+01
  -3.4156532805690752e+01
   7.5386231247342081e+01
  -3.3133379195102883e+01
  -3.5229831396616916e+01
   9.7882731323004762e+01
  -9.4093842503785282e+01
   2.5315207707793778e+01
   4.0225082969001953e+01
  -8.4381529517817867e+01
   9.9826705552340599e+01
  -8.4381529517818052e+01
   4.0225082969002536e+01
   2.5315207707794357e+01
  -9.4093842503785410e+01
   9.7882731323004762e+01
  -3.5229831396616625e+01
   3.3136690796501995e+01
  -1.0700865406560074e+02
   1.4047152476169146e+02
  -1.1545283473065507e+02
   7.9081521353525304e+01
  -3.9909191561938975e+01
  -2.3082700821409263e-13
   3.9909191561938506e+01
  -7.9081521353524678e+01
   1.1545283473065545e+02
  -1.4047152476169146e+02
   1.0700865406560074e+02
  -3.3136690796501490e+01
   4.0027335404980458e-01
   1.6602008173710765e+00
   2.4903937041943225e+00
   1.6952518993241366e+00
  -6.9266811851994614e-01
  -3.3088395425393808e+00
  -4.4370598373247123e+00
  -3.3088395425393773e+00
  -6.9266811851993948e-01
   1.6952518993241332e+00
   2.4903937041943234e+00
   1.6602008173710765e+00
   4.0027335404980724e-01
  -1.2744620624012581e+00
  -4.2939372923914432e+00
  -3.2291895888594189e+00
   3.7266664864726544e+00
   1.0507196102947201e+01
   9.3708005359431343e+00
   7.6912009414389879e-15
  -9.3708005359431432e+00
  -1.0507196102947194e+01
  -3.7266664864726731e+00
   3.2291895888594095e+00
   4.2939372923914432e+00
   1.2744620624012672e+00
   2.9473744410874825e+00
   7.4134662449915405e+00
  -1.4571817210607629e+00
  -1.6384628937758613e+01
  -1.3376989227446451e+01
   9.3806443199077041e+00
   2.3252268034538048e+01
   9.3806443199076703e+00
  -1.3376989227446487e+01
  -1.6384628937758638e+01
  -1.4571817210607891e+00
   7.4134662449915405e+00
   2.9473744410875011e+00
  -5.7125320402862156e+00
  -9.2753606678353417e+00
   1.4433145665262701e+01
   2.5088688493326753e+01
  -1.0048264018793878e+01
  -3.4170187123970933e+01
  -3.4610404236475452e-14
   3.4170187123970940e+01
   1.0048264018793784e+01
  -2.5088688493326703e+01
  -1.4433145665262737e+01
   9.2753606678353417e+00
   5.7125320402862503e+00
   9.8237711581743117e+00
   7.2117685249741124e+00
  -3.3510638180596366e+01
  -1.1952458973391503e+01
   4.5900718747787536e+01
   6.7671066382081966e+00
  -4.7486387852204537e+01
   6.7671066382083147e+00
   4.5900718747787501e+01
  -1.1952458973391378e+01
  -3.3510638180596381e+01
   7.2117685249741124e+00
   9.8237711581743667e+00
  -1.5443765819924753e+01
   1.7527270364305669e+00
   4.9385854673967756e+01
  -2.9309824431533368e+01
  -4.4219768908130014e+01
   5.7126222916234205e+01
   8.4846152920591587e-14
  -5.7126222916234106e+01
   4.4219768908130227e+01
   2.9309824431533578e+01
  -4.9385854673967735e+01
  -1.7527270364305669e+00
   1.5443765819924829e+01
   2.2589838019891175e+01
  -1.9887028591310020e+01
  -4.7857267635381262e+01
   7.7145349611297860e+01
  -2.1385729344506011e+01
  -4.8254778208143861e+01
   7.7931167749099458e+01
  -4.8254778208144074e+01
  -2.1385729344505616e+01
   7.7145349611297959e+01
  -4.7857267635381120e+01
  -1.9887028591310020e+01
   2.2589838019891246e+01
  -3.1082266631062879e+01
   4.7557240187742941e+01
   1.6749362969295298e+01
  -8.8206043275515526e+01
   9.5638171776498609e+01
  -5.8719696590845679e+01
  -1.6441796160131277e-13
   5.8719696590845373e+01
  -9.5638171776498467e+01
   8.8206043275515270e+01
  -1.6749362969294996e+01
  -4.7557240187742941e+01
   3.1082266631062978e+01
   4.0500092975637045e+01
  -8.2181807413590846e+01
   4.5045195921740408e+01
   3.0313137042942099e+01
  -7.9489841283060215e+01
   1.0623091069139161e+02
  -1.1469946380496552e+02
   1.0623091069139178e+02
  -7.9489841283060784e+01
   3.0313137042941516e+01
   4.5045195921740785e+01
  -8.2181807413590846e+01
   4.0500092975637102e+01
  -1.2429044708750404e-01
  -1.1728371657058185e+00
  -2.7509070753060585e+00
  -2.7838616757378860e+00
  -2.3793699845578550e-02
   3.9364922231920545e+00
   5.8170345215582158e+00
   3.9364922231920483e+00
  -2.3793699845587792e-02
  -2.7838616757378829e+00
  -2.7509070753060598e+00
  -1.1728371657058185e+00
  -1.2429044708750536e-01
   4.3312365780566919e-01
   3.4600458411011052e+00
   5.1246346789077748e+00
  -1.3900318420300508e+00
  -1.1765282270006677e+01
  -1.2548554658664340e+01
  -1.0793007142065341e-14
   1.2548554658664347e+01
   1.1765282270006660e+01
   1.3900318420300741e+00
  -5.1246346789077721e+00
  -3.4600458411011052e+00
  -4.3312365780567352e-01
  -1.0947066017359275e+00
  -7.0611215197552699e+00
  -3.7307225114089828e+00
   1.5381941318564426e+01
   1.9253136753493838e+01
  -8.5299719054000356e+00
  -2.8512371389725281e+01
  -8.5299719053999876e+00
   1.9253136753493873e+01
   1.5381941318564467e+01
  -3.7307225114089624e+00
  -7.0611215197552699e+00
  -1.0947066017359381e+00
   2.3155535237144247e+00
   1.1296556333417135e+01
  -5.9226363643797386e+00
  -3.0992761194139902e+01
   2.7793412177845922e+00
   4.1177466713360765e+01
   4.5233457039387790e-14
  -4.1177466713360765e+01
  -2.7793412177844541e+00
   3.0992761194139920e+01
   5.9226363643797750e+00
  -1.1296556333417135e+01
  -2.3155535237144469e+00
  -4.3422342154623221e+00
  -1.4465077897483152e+01
   2.5523060720722093e+01
   2.8428803297530145e+01
  -4.7966707263320963e+01
  -1.5343082053820384e+01
   5.6150607989476725e+01
  -1.5343082053820526e+01
  -4.7966707263320856e+01
   2.8428803297530024e+01
   2.5523060720722153e+01
  -1.4465077897483152e+01
  -4.3422342154623648e+00
   7.4443985827363033e+00
   1.3877193667850294e+01
  -5.0247391667728429e+01
   8.0532419266596200e+00
   6.2726790850125361e+01
  -6.1653993900687141e+01
  -1.0624366405470571e-13
   6.1653993900686999e+01
  -6.2726790850125511e+01
  -8.0532419266599362e+00
   5.0247391667728465e+01
  -1.3877193667850294e+01
  -7.4443985827363646e+00
  -1.1889234059975839e+01
  -6.2867448446626328e+00
   6.7621287073897363e+01
  -6.8519876017015918e+01
  -1.7097507694374245e+00
   6.5552083468406977e+01
  -8.9889096832414694e+01
   6.5552083468407190e+01
  -1.7097507694379321e+00
  -6.8519876017016202e+01
   6.7621287073897278e+01
  -6.2867448446626328e+00
  -1.1889234059975939e+01
   1.7908250052785665e+01
  -1.1267953999602387e+01
  -6.1069313690638637e+01
   1.1119313330643192e+02
  -9.5418871103460219e+01
   5.2531850856436023e+01
   1.9974012958968788e-13
  -5.2531850856435639e+01
   9.5418871103459892e+01
  -1.1119313330643195e+02
   6.1069313690638417e+01
   1.1267953999602387e+01
  -1.7908250052785796e+01
   3.4432691612877528e-02
   7.3504091944991190e-01
   2.6508217448512141e+00
   3.6991684678956309e+00
   9.5919294491060814e-01
  -4.4383543951548061e+00
  -7.2654737887490857e+00
  -4.4383543951547981e+00
   9.5919294491061924e-01
   3.6991684678956300e+00
   2.6508217448512172e+00
   7.3504091944991190e-01
   3.4432691612878000e-02
  -1.2939316469789250e-01
  -2.3915040453590510e+00
  -5.9970536547356090e+00
  -1.2659994816170101e+00
   1.2273780158458901e+01
   1.5890150957001682e+01
   1.4329501730458682e-14
  -1.5890150957001685e+01
  -1.2273780158458877e+01
   1.2659994816169822e+00
   5.9970536547356099e+00
   2.3915040453590510e+00
   1.2939316469789436e-01
   3.5199591358178400e-01
   5.4561059115178079e+00
   7.5033917369278118e+00
  -1.2444061826363546e+01
  -2.4698772893663328e+01
   6.8659080755345112e+00
   3.3967269401955164e+01
   6.8659080755344437e+00
  -2.4698772893663357e+01
  -1.2444061826363605e+01
   7.5033917369277967e+00
   5.4561059115178079e+00
   3.5199591358178883e-01
  -7.9987620392149561e-01
  -9.9932084082062111e+00
  -2.3811318127504739e+00
   3.3141072287851145e+01
   6.2343682816068045e+00
  -4.7752629559011261e+01
  -5.7031102868489599e-14
   4.7752629559011240e+01
  -6.2343682816069670e+00
  -3.3141072287851181e+01
   2.3811318127504335e+00
   9.9932084082062111e+00
   7.9987620392150671e-01
   1.6088606447646732e+00
   1.5367131413262905e+01
  -1.3648929145727280e+01
  -4.1936040494338954e+01
   4.5848480788733838e+01
   2.5316643495020426e+01
  -6.5071573905429574e+01
   2.5316643495020610e+01
   4.5848480788733639e+01
  -4.1936040494338869e+01
  -1.3648929145727342e+01
   1.5367131413262905e+01
   1.6088606447646938e+00
  -2.9549766217044300e+00
  -1.9974716954650138e+01
   4.0451466565080729e+01
   1.6213093412524536e+01
  -7.8470560392658214e+01
   6.4053875170257214e+01
   1.2961823372810856e-13
  -6.4053875170257029e+01
   7.8470560392658300e+01
  -1.6213093412524234e+01
  -4.0451466565080828e+01
   1.9974716954650138e+01
   2.9549766217044686e+00
   5.0522220715246515e+00
   2.1190157811012956e+01
  -7.0176695132000148e+01
   4.7249911676204768e+01
   2.9003828163714257e+01
  -8.3423662150168127e+01
   1.0214068819195498e+02
  -8.3423662150168340e+01
   2.9003828163714804e+01
   4.7249911676205187e+01
  -7.0176695132000205e+01
   2.1190157811012956e+01
   5.0522220715247119e+00
  -8.8492128984893736e-03
  -4.2616854183015929e-01
  -2.3446644632788809e+00
  -4.3809890625149563e+00
  -2.0419397358850482e+00
   4.8089874163615098e+00
   8.7738931593606146e+00
   4.8089874163615001e+00
  -2.0419397358850602e+00
  -4.3809890625149555e+00
  -2.3446644632788840e+00
  -4.2616854183015929e-01
  -8.8492128984895297e-03
   3.5491355283896880e-02
   1.5007918833966563e+00
   6.0520033482354565e+00
   3.8687024567082413e+00
  -1.2065783218033371e+01
  -1.9328252740019554e+01
  -1.8283553713134777e-14
   1.9328252740019558e+01
   1.2065783218033335e+01
  -3.8687024567082258e+00
  -6.0520033482354565e+00
  -1.5007918833966563e+00
  -3.5491355283897512e-02
  -1.0285542985830586e-01
  -3.7297543807274680e+00
  -9.6044253889812286e+00
   8.2685457238029088e+00
   2.9385494428025368e+01
  -4.4351554866169467e+00
  -3.9598612570299402e+01
  -4.4351554866168623e+00
   2.9385494428025375e+01
   8.2685457238029763e+00
  -9.6044253889812232e+00
  -3.7297543807274680e+00
  -1.0285542985830767e-01
   2.4854924780286838e-01
   7.5168138457811340e+00
   8.8402979093150194e+00
  -3.1812211910847545e+01
  -1.6286660779769072e+01
   5.3741038550727353e+01
   6.9965584575574970e-14
  -5.3741038550727303e+01
   1.6286660779769232e+01
   3.1812211910847633e+01
  -8.8402979093149909e+00
  -7.5168138457811340e+00
  -2.4854924780287263e-01
  -5.3076840902137434e-01
  -1.2938783596907816e+01
   1.6037128722069169e+00
   5.0956645787147693e+01
  -3.9800344284848336e+01
  -3.6441602843775328e+01
   7.4230120010813408e+01
  -3.6441602843775513e+01
  -3.9800344284848066e+01
   5.0956645787147657e+01
   1.6037128722070149e+00
  -1.2938783596907816e+01
  -5.3076840902138311e-01
   1.0335587198834115e+00
   1.9435155540805791e+01
  -2.5159273207083078e+01
  -3.9523942043410514e+01
   9.0176968000803143e+01
  -6.4221379716563192e+01
  -1.5491554291317374e-13
   6.4221379716562922e+01
  -9.0176968000803157e+01
   3.9523942043410294e+01
   2.5159273207083199e+01
  -1.9435155540805791e+01
  -1.0335587198834284e+00
   2.1562382479477882e-03
   2.3389979435110728e-01
   1.9547907285768886e+00
   4.8197052488272814e+00
   3.2098671225304707e+00
  -5.0465913515425198e+00
  -1.0335910926836588e+01
  -5.0465913515425047e+00
   3.2098671225304867e+00
   4.8197052488272867e+00
   1.9547907285768917e+00
   2.3389979435110728e-01
   2.1562382479478341e-03
  -9.1587572809560865e-03
  -8.8076746216635871e-01
  -5.5768900644789792e+00
  -6.1741410823584131e+00
   1.1211711028640364e+01
   2.2806236952214562e+01
   2.2640955387600094e-14
  -2.2806236952214562e+01
  -1.1211711028640311e+01
   6.1741410823583935e+00
   5.5768900644789845e+00
   8.8076746216635871e-01
   9.1587572809562808e-03
   2.8063523958503211e-02
   2.3483487631006659e+00
   1.0264170187743989e+01
  -3.5111183072973500e+00
  -3.3102079571701147e+01
   1.2912528840935278e+00
   4.5391548606943587e+01
   1.2912528840934208e+00
  -3.3102079571701118e+01
  -3.5111183072974232e+00
   1.0264170187743986e+01
   2.3483487631006659e+00
   2.8063523958503794e-02
  -7.1586551893016312e-02
  -5.1033183535828233e+00
  -1.2931286094365783e+01
   2.7697596129251874e+01
   2.6727237259963452e+01
  -5.9021282124745120e+01
  -8.4004555468183131e-14
   5.9021282124745056e+01
  -2.6727237259963619e+01
  -2.7697596129251995e+01
   1.2931286094365760e+01
   5.1033183535828233e+00
   7.1586551893017825e-02
   1.6113294550312385e-01
   9.5474402741726134e+00
   8.3443514481973828e+00
  -5.5016642962685388e+01
   3.0322887025803599e+01
   4.8478041121431737e+01
  -8.3609915908207242e+01
   4.8478041121431936e+01
   3.0322887025803279e+01
  -5.5016642962685467e+01
   8.3443514481973242e+00
   9.5474402741726134e+00
   1.6113294550312715e-01
  -5.0487783741587919e-04
  -1.2324078105643801e-01
  -1.5605178283159886e+00
  -5.0351209360634295e+00
  -4.4109322101968651e+00
   5.1518070771480433e+00
   1.1946531384530905e+01
   5.1518070771480255e+00
  -4.4109322101968775e+00
  -5.0351209360634348e+00
  -1.5605178283159917e+00
  -1.2324078105643801e-01
  -5.0487783741589199e-04
   2.2574979189914791e-03
   4.9194247358732029e-01
   4.8277546307264823e+00
   8.0482467106464828e+00
  -9.8022537665771008e+00
  -2.6276130891056916e+01
  -2.7389630059167904e-14
   2.6276130891056912e+01
   9.8022537665770386e+00
  -8.0482467106464721e+00
  -4.8277546307264876e+00
  -4.9194247358732029e-01
  -2.2574979189915346e-03
  -7.2710560331222711e-03
  -1.3929998314694625e+00
  -9.8921471297330452e+00
  -1.2934708259918495e+00
   3.5733386603818886e+01
   2.5081601369733466e+00
  -5.1333800370498679e+01
   2.5081601369734554e+00
   3.5733386603818843e+01
  -1.2934708259917738e+00
  -9.8921471297330559e+00
  -1.3929998314694625e+00
  -7.2710560331224559e-03
   1.9468750816024179e-02
   3.2239219669457735e+00
   1.4823727167417916e+01
  -2.1647101538119358e+01
  -3.6991978505364344e+01
   6.3499658513213340e+01
   9.9119816844594502e-14
  -6.3499658513213234e+01
   3.6991978505364507e+01
   2.1647101538119497e+01
  -1.4823727167417916e+01
  -3.2239219669457735e+00
  -1.9468750816024651e-02
   1.1461443822855918e-04
   6.2916331075329790e-02
   1.2049985860824604e+00
   5.0617283754962203e+00
   5.6028862157954720e+00
  -5.1269706575316869e+00
  -1.3601724324586598e+01
  -5.1269706575316647e+00
   5.6028862157954817e+00
   5.0617283754962292e+00
   1.2049985860824632e+00
   6.2916331075329790e-02
   1.1461443822856240e-04
  -5.3687277379030752e-04
  -2.6449042563884456e-01
  -3.9913275329338265e+00
  -9.4403773662032684e+00
   7.9368234418664265e+00
   2.9697141770314413e+01
   3.2519117340549143e-14
  -2.9697141770314410e+01
  -7.9368234418663519e+00
   9.4403773662032631e+00
   3.9913275329338362e+00
   2.6449042563884456e-01
   5.3687277379032292e-04
   1.8091421072416809e-03
   7.8958067368489293e-01
   8.8984467607060971e+00
   5.7557338045108581e+00
  -3.7240420301303963e+01
  -6.9032609114100723e+00
   5.7415038655550504e+01
  -6.9032609114102019e+00
  -3.7240420301303892e+01
   5.7557338045108111e+00
   8.8984467607061077e+00
   7.8958067368489293e-01
   1.8091421072417319e-03
  -2.5383478869158334e-05
  -3.1321076777287703e-02
  -9.0628092351763556e-01
  -4.9391064531190167e+00
  -6.7524586109557232e+00
   4.9756190637631112e+00
   1.5298161141836436e+01
   4.9756190637630864e+00
  -6.7524586109557347e+00
  -4.9391064531190301e+00
  -9.0628092351763834e-01
  -3.1321076777287703e-02
  -2.5383478869159164e-05
   1.2406097526182022e-04
   1.3795425943262218e-01
   3.1848445977583344e+00
   1.0357607555355104e+01
  -5.7157930649214741e+00
  -3.3034553721808862e+01
  -3.8020220938184812e-14
   3.3034553721808841e+01
   5.7157930649213968e+00
  -1.0357607555355115e+01
  -3.1848445977583419e+00
  -1.3795425943262218e-01
  -1.2406097526182421e-04
   5.5090569933217959e-06
   1.5275077294711734e-02
   6.6719008449971895e-01
   4.7060957945617359e+00
   7.8343367325543429e+00
  -4.7021467619528794e+00
  -1.7033040363805693e+01
  -4.7021467619528492e+00
   7.8343367325543500e+00
   4.7060957945617492e+00
   6.6719008449972106e-01
   1.5275077294711734e-02
   5.5090569933219908e-06
