   0.0000000e+00
   0.0000000e+00
   0.0000000e+00
   0.0000000e+00
   0.0000000e+00
   0.0000000e+00
   0.0000000e+00
   1.1624150e+00
   9.0818652e-01
   4.9705677e-01
   1.9695400e-16
  -4.9705677e-01
  -9.0818652e-01
  -1.1624150e+00
  -3.8023780e+00
  -4.7309412e-01
   3.1808375e+00
   4.7434165e+00
   3.1808375e+00
  -4.7309412e-01
  -3.8023780e+00
   6.6907627e+00
  -5.7266256e+00
  -9.7140729e+00
  -4.9640613e-15
   9.7140729e+00
   5.7266256e+00
  -6.6907627e+00
  -7.4186528e+00
   1.7927804e+01
   3.6462969e+00
  -1.5909903e+01
   3.6462969e+00
   1.7927804e+01
  -7.4186528e+00
   2.9249218e+00
  -2.7833795e+01
   1.9800409e+01
   2.0506889e-14
  -1.9800409e+01
   2.7833795e+01
  -2.9249218e+00
   9.7236711e+00
   2.1856263e+01
  -3.0945221e+01
   3.3462316e+01
  -3.0945221e+01
   2.1856263e+01
   9.7236711e+00
   2.7275562e-01
   5.8103238e-01
   7.9149686e-01
   8.6602540e-01
   7.9149686e-01
   5.8103238e-01
   2.7275562e-01
  -2.3154441e+00
  -3.8536720e+00
  -2.8731252e+00
  -1.2456464e-15
   2.8731252e+00
   3.8536720e+00
   2.3154441e+00
   7.5358678e+00
   7.4699916e+00
  -2.6565020e+00
  -8.9110185e+00
  -2.6565020e+00
   7.4699916e+00
   7.5358678e+00
  -1.6621588e+01
  -4.4750876e+00
   1.5637946e+01
   1.0297794e-14
  -1.5637946e+01
   4.4750876e+00
   1.6621588e+01
   2.8953298e+01
  -1.0833885e+01
  -1.3953857e+01
   2.3281984e+01
  -1.3953857e+01
  -1.0833885e+01
   2.8953298e+01
  -4.2316616e+01
   3.4756861e+01
  -1.7029843e+01
  -3.3213184e-14
   1.7029843e+01
  -3.4756861e+01
   4.2316616e+01
   1.5523143e+00
   1.9313987e-01
  -1.2985715e+00
  -1.9364917e+00
  -1.2985715e+00
   1.9313987e-01
   1.5523143e+00
  -2.6921355e+00
   3.8964454e+00
   5.7364844e+00
   2.8837119e-15
  -5.7364844e+00
  -3.8964454e+00
   2.6921355e+00
   2.0032808e+00
  -1.1673067e+01
  -5.6928901e-02
   1.3416408e+01
  -5.6928901e-02
  -1.1673067e+01
   2.0032808e+00
   2.4938661e+00
   1.6099515e+01
  -1.9348704e+01
  -1.7078911e-14
   1.9348704e+01
  -1.6099515e+01
  -2.4938661e+00
  -1.2528401e+01
  -6.7209897e+00
   2.5825428e+01
  -3.1023082e+01
   2.5825428e+01
  -6.7209897e+00
  -1.2528401e+01
  -1.6822457e+00
  -1.3674129e+00
   1.4505645e+00
   3.1374751e+00
   1.4505645e+00
  -1.3674129e+00
  -1.6822457e+00
   4.1386851e+00
  -1.8763829e+00
  -8.5705850e+00
  -5.0454448e-15
   8.5705850e+00
   1.8763829e+00
  -4.1386851e+00
  -6.8870156e+00
   1.1545013e+01
   4.3656371e+00
  -1.8210198e+01
   4.3656371e+00
   1.1545013e+01
  -6.8870156e+00
   8.4812803e+00
  -2.3077285e+01
   2.0356514e+01
   2.5207034e-14
  -2.0356514e+01
   2.3077285e+01
  -8.4812803e+00
   1.1457579e+00
   2.3956619e+00
  -1.2644133e+00
  -4.4370598e+00
  -1.2644133e+00
   2.3956619e+00
   1.1457579e+00
  -3.2974406e+00
  -9.1696735e-01
   1.1077755e+01
   7.6912009e-15
  -1.1077755e+01
   9.1696735e-01
   3.2974406e+00
   6.6791758e+00
  -8.1830775e+00
  -9.7106173e+00
   2.3252268e+01
  -9.7106173e+00
  -8.1830775e+00
   6.6791758e+00
  -6.3679344e-01
  -3.0731630e+00
   7.8356580e-01
   5.8170345e+00
   7.8356580e-01
  -3.0731630e+00
  -6.3679344e-01
   2.0434289e+00
   3.5652013e+00
  -1.3087822e+01
  -1.0793007e-14
   1.3087822e+01
  -3.5652013e+00
  -2.0434289e+00
   3.1489509e-01
   3.3847109e+00
  -5.9503515e-02
  -7.2654738e+00
  -5.9503515e-02
   3.3847109e+00
   3.1489509e-01
