   0.0000000000000000e+00
   0.0000000000000000e+00
   0.0000000000000000e+00
   0.0000000000000000e+00
   0.0000000000000000e+00
   0.0000000000000000e+00
   0.0000000000000000e+00
   1.1624150480389712e+00
   9.0818651653978266e-01
   4.9705676772861029e-01
   1.9695399677601134e-16
  -4.9705676772861024e-01
  -9.0818651653978300e-01
  -1.1624150480389712e+00
  -3.8023779599128043e+00
  -4.7309412305484877e-01
   3.1808375082939864e+00
   4.7434164902525682e+00
   3.1808375082939873e+00
  -4.7309412305485221e-01
  -3.8023779599128043e+00
   6.6907627005555623e+00
  -5.7266256363298913e+00
  -9.7140729345864063e+00
  -4.9640612925758835e-15
   9.7140729345864081e+00
   5.7266256363298780e+00
  -6.6907627005555623e+00
  -7.4186527990418503e+00
   1.7927804410510110e+01
   3.6462969425163463e+00
  -1.5909902576697315e+01
   3.6462969425163378e+00
   1.7927804410510092e+01
  -7.4186527990418503e+00
   2.9249217901811129e+00
  -2.7833794590807688e+01
   1.9800409149660105e+01
   2.0506889135005962e-14
  -1.9800409149660112e+01
   2.7833794590807702e+01
  -2.9249217901811129e+00
   9.7236711219398106e+00
   2.1856263298788821e+01
  -3.0945220742913229e+01
   3.3462315557952657e+01
  -3.0945220742913218e+01
   2.1856263298788914e+01
   9.7236711219398106e+00
   2.7275561964197559e-01
   5.8103237912156636e-01
   7.9149686343509507e-01
   8.6602540378443893e-01
   7.9149686343509518e-01
   5.8103237912156613e-01
   2.7275561964197559e-01
  -2.3154440682756494e+00
  -3.8536720108429012e+00
  -2.8731252143302179e+00
  -1.2456464481713116e-15
   2.8731252143302179e+00
   3.8536720108428999e+00
   2.3154440682756494e+00
   7.5358677829556093e+00
   7.4699916046446493e+00
  -2.6565020072025280e+00
  -8.9110184603108067e+00
  -2.6565020072025316e+00
   7.4699916046446546e+00
   7.5358677829556093e+00
  -1.6621587956303252e+01
  -4.4750876405424158e+00
   1.5637945826341323e+01
   1.0297793918013497e-14
  -1.5637945826341328e+01
   4.4750876405424416e+00
   1.6621587956303252e+01
   2.8953297647258573e+01
  -1.0833884663573109e+01
  -1.3953856708887775e+01
   2.3281984048830541e+01
  -1.3953856708887765e+01
  -1.0833884663573063e+01
   2.8953297647258573e+01
  -4.2316616264072067e+01
   3.4756861327630901e+01
  -1.7029842879867143e+01
  -3.3213183531685238e-14
   1.7029842879867171e+01
  -3.4756861327630851e+01
   4.2316616264072067e+01
   1.5523143018318737e+00
   1.9313986696564248e-01
  -1.2985714750043535e+00
  -1.9364916731037083e+00
  -1.2985714750043542e+00
   1.9313986696564386e-01
   1.5523143018318737e+00
  -2.6921354530725705e+00
   3.8964453944313213e+00
   5.7364844000001423e+00
   2.8837118829506740e-15
  -5.7364844000001431e+00
  -3.8964453944313147e+00
   2.6921354530725705e+00
   2.0032807629025164e+00
  -1.1673067139196435e+01
  -5.6928900764741233e-02
   1.3416407864998734e+01
  -5.6928900764735946e-02
  -1.1673067139196428e+01
   2.0032807629025164e+00
   2.4938660568808184e+00
   1.6099515478383207e+01
  -1.9348704179314996e+01
  -1.7078911284351163e-14
   1.9348704179315000e+01
  -1.6099515478383221e+01
  -2.4938660568808184e+00
  -1.2528401035981204e+01
  -6.7209897466729949e+00
   2.5825427820179780e+01
  -3.1023082384331190e+01
   2.5825427820179769e+01
  -6.7209897466730686e+00
  -1.2528401035981204e+01
  -1.6822457319157247e+00
  -1.3674129315675043e+00
   1.4505644849684785e+00
   3.1374750995027831e+00
   1.4505644849684796e+00
  -1.3674129315675057e+00
  -1.6822457319157247e+00
   4.1386850741719510e+00
  -1.8763828638415447e+00
  -8.5705850257901783e+00
  -5.0454447703068844e-15
   8.5705850257901801e+00
   1.8763828638415339e+00
  -4.1386850741719510e+00
  -6.8870155685365795e+00
   1.1545012939708721e+01
   4.3656370768349202e+00
  -1.8210198464733985e+01
   4.3656370768349104e+00
   1.1545012939708702e+01
  -6.8870155685365795e+00
   8.4812803316555900e+00
  -2.3077284901525463e+01
   2.0356514350778923e+01
   2.5207033993276931e-14
  -2.0356514350778934e+01
   2.3077284901525456e+01
  -8.4812803316555900e+00
   1.1457579047601043e+00
   2.3956619191375172e+00
  -1.2644133231941390e+00
  -4.4370598373247123e+00
  -1.2644133231941401e+00
   2.3956619191375172e+00
   1.1457579047601043e+00
  -3.2974405801550746e+00
  -9.1696735311266231e-01
   1.1077755450980460e+01
   7.6912009414389879e-15
  -1.1077755450980463e+01
   9.1696735311267208e-01
   3.2974405801550746e+00
   6.6791757646954810e+00
  -8.1830775335450685e+00
  -9.7106172722628905e+00
   2.3252268034538048e+01
  -9.7106172722628799e+00
  -8.1830775335450365e+00
   6.6791757646954810e+00
  -6.3679343537106070e-01
  -3.0731630108636883e+00
   7.8356580058796765e-01
   5.8170345215582158e+00
   7.8356580058797054e-01
  -3.0731630108636860e+00
  -6.3679343537106070e-01
   2.0434288637980642e+00
   3.5652013279074852e+00
  -1.3087821858040133e+01
  -1.0793007142065341e-14
   1.3087821858040135e+01
  -3.5652013279074954e+00
  -2.0434288637980642e+00
   3.1489508705068958e-01
   3.3847109077825017e+00
  -5.9503514832612472e-02
  -7.2654737887490857e+00
  -5.9503514832615359e-02
   3.3847109077824982e+00
   3.1489508705068958e-01
