   4.8405714064057670e-01
   4.1920578067799630e-01
   2.4202857032028841e-01
   2.9639951394495124e-17
  -2.4202857032028824e-01
  -4.1920578067799630e-01
  -4.8405714064057670e-01
  -4.1920578067799635e-01
  -2.4202857032028857e-01
  -8.8919854183485354e-17
   2.4202857032028841e-01
   4.1920578067799613e-01
   8.0837622651790852e-01
   7.0007434797991264e-01
   4.0418811325895437e-01
   4.9498767915598620e-17
  -4.0418811325895410e-01
  -7.0007434797991264e-01
  -8.0837622651790852e-01
  -7.0007434797991275e-01
  -4.0418811325895460e-01
  -1.4849630374679584e-16
   4.0418811325895437e-01
   7.0007434797991230e-01
   7.6812530156312731e-01
   6.6521602444325112e-01
   3.8406265078156376e-01
   4.7034109595168961e-17
  -3.8406265078156349e-01
  -6.6521602444325112e-01
  -7.6812530156312731e-01
  -6.6521602444325112e-01
  -3.8406265078156399e-01
  -1.4110232878550689e-16
   3.8406265078156376e-01
   6.6521602444325079e-01
   6.8460843474748001e-01
   5.9288829613641891e-01
   3.4230421737374006e-01
   4.1920176414139051e-17
  -3.4230421737373984e-01
  -5.9288829613641891e-01
  -6.8460843474748001e-01
  -5.9288829613641902e-01
  -3.4230421737374028e-01
  -1.2576052924241713e-16
   3.4230421737374006e-01
   5.9288829613641869e-01
   7.6812530156312731e-01
   6.6521602444325112e-01
   3.8406265078156376e-01
   4.7034109595168961e-17
  -3.8406265078156349e-01
  -6.6521602444325112e-01
  -7.6812530156312731e-01
  -6.6521602444325112e-01
  -3.8406265078156399e-01
  -1.4110232878550689e-16
   3.8406265078156376e-01
   6.6521602444325079e-01
   8.0837622651790841e-01
   7.0007434797991253e-01
   4.0418811325895432e-01
   4.9498767915598614e-17
  -4.0418811325895404e-01
  -7.0007434797991253e-01
  -8.0837622651790841e-01
  -7.0007434797991264e-01
  -4.0418811325895454e-01
  -1.4849630374679584e-16
   4.0418811325895432e-01
   7.0007434797991230e-01
   4.8405714064057648e-01
   4.1920578067799608e-01
   2.4202857032028829e-01
   2.9639951394495106e-17
  -2.4202857032028813e-01
  -4.1920578067799608e-01
  -4.8405714064057648e-01
  -4.1920578067799613e-01
  -2.4202857032028846e-01
  -8.8919854183485317e-17
   2.4202857032028829e-01
   4.1920578067799591e-01
   0.0000000000000000e+00
   2.4202857032028832e-01
   4.1920578067799624e-01
   4.8405714064057670e-01
   4.1920578067799630e-01
   2.4202857032028832e-01
   5.9279902788990248e-17
  -2.4202857032028821e-01
  -4.1920578067799619e-01
  -4.8405714064057670e-01
  -4.1920578067799624e-01
  -2.4202857032028857e-01
   0.0000000000000000e+00
   4.0418811325895421e-01
   7.0007434797991253e-01
   8.0837622651790852e-01
   7.0007434797991264e-01
   4.0418811325895421e-01
   9.8997535831197240e-17
  -4.0418811325895404e-01
  -7.0007434797991241e-01
  -8.0837622651790852e-01
  -7.0007434797991253e-01
  -4.0418811325895460e-01
   0.0000000000000000e+00
   3.8406265078156360e-01
   6.6521602444325101e-01
   7.6812530156312731e-01
   6.6521602444325112e-01
   3.8406265078156360e-01
   9.4068219190337923e-17
  -3.8406265078156343e-01
  -6.6521602444325090e-01
  -7.6812530156312731e-01
  -6.6521602444325101e-01
  -3.8406265078156399e-01
   0.0000000000000000e+00
   3.4230421737373995e-01
   5.9288829613641891e-01
   6.8460843474748001e-01
   5.9288829613641891e-01
   3.4230421737373995e-01
   8.3840352828278101e-17
  -3.4230421737373984e-01
  -5.9288829613641880e-01
  -6.8460843474748001e-01
  -5.9288829613641891e-01
  -3.4230421737374028e-01
   0.0000000000000000e+00
   3.8406265078156360e-01
   6.6521602444325101e-01
   7.6812530156312731e-01
   6.6521602444325112e-01
   3.8406265078156360e-01
   9.4068219190337923e-17
  -3.8406265078156343e-01
  -6.6521602444325090e-01
  -7.6812530156312731e-01
  -6.6521602444325101e-01
  -3.8406265078156399e-01
   0.0000000000000000e+00
   4.0418811325895415e-01
   7.0007434797991241e-01
   8.0837622651790841e-01
   7.0007434797991253e-01
   4.0418811325895415e-01
   9.8997535831197227e-17
  -4.0418811325895398e-01
  -7.0007434797991230e-01
  -8.0837622651790841e-01
  -7.0007434797991241e-01
  -4.0418811325895454e-01
   0.0000000000000000e+00
   2.4202857032028821e-01
   4.1920578067799602e-01
   4.8405714064057648e-01
   4.1920578067799608e-01
   2.4202857032028821e-01
   5.9279902788990211e-17
  -2.4202857032028810e-01
  -4.1920578067799597e-01
  -4.8405714064057648e-01
  -4.1920578067799602e-01
  -2.4202857032028846e-01
  -1.4587106357829154e+00
  -1.4587106357829154e+00
  -1.4587106357829154e+00
  -1.4587106357829154e+00
  -1.4587106357829154e+00
  -1.4587106357829154e+00
  -1.4587106357829154e+00
  -1.4587106357829154e+00
  -1.4587106357829154e+00
  -1.4587106357829154e+00
  -1.4587106357829154e+00
  -1.4587106357829154e+00
  -8.9345616512819737e-01
  -8.9345616512819737e-01
  -8.9345616512819737e-01
  -8.9345616512819737e-01
  -8.9345616512819737e-01
  -8.9345616512819737e-01
  -8.9345616512819737e-01
  -8.9345616512819737e-01
  -8.9345616512819737e-01
  -8.9345616512819737e-01
  -8.9345616512819737e-01
  -8.9345616512819737e-01
  -3.4109383196687848e-01
  -3.4109383196687848e-01
  -3.4109383196687848e-01
  -3.4109383196687848e-01
  -3.4109383196687848e-01
  -3.4109383196687848e-01
  -3.4109383196687848e-01
  -3.4109383196687848e-01
  -3.4109383196687848e-01
  -3.4109383196687848e-01
  -3.4109383196687848e-01
  -3.4109383196687848e-01
  -1.1009343300770923e-16
  -1.1009343300770923e-16
  -1.1009343300770923e-16
  -1.1009343300770923e-16
  -1.1009343300770923e-16
  -1.1009343300770923e-16
  -1.1009343300770923e-16
  -1.1009343300770923e-16
  -1.1009343300770923e-16
  -1.1009343300770923e-16
  -1.1009343300770923e-16
  -1.1009343300770923e-16
   3.4109383196687831e-01
   3.4109383196687831e-01
   3.4109383196687831e-01
   3.4109383196687831e-01
   3.4109383196687831e-01
   3.4109383196687831e-01
   3.4109383196687831e-01
   3.4109383196687831e-01
   3.4109383196687831e-01
   3.4109383196687831e-01
   3.4109383196687831e-01
   3.4109383196687831e-01
   8.9345616512819803e-01
   8.9345616512819803e-01
   8.9345616512819803e-01
   8.9345616512819803e-01
   8.9345616512819803e-01
   8.9345616512819803e-01
   8.9345616512819803e-01
   8.9345616512819803e-01
   8.9345616512819803e-01
   8.9345616512819803e-01
   8.9345616512819803e-01
   8.9345616512819803e-01
   1.4587106357829154e+00
   1.4587106357829154e+00
   1.4587106357829154e+00
   1.4587106357829154e+00
   1.4587106357829154e+00
   1.4587106357829154e+00
   1.4587106357829154e+00
   1.4587106357829154e+00
   1.4587106357829154e+00
   1.4587106357829154e+00
   1.4587106357829154e+00
   1.4587106357829154e+00
