   4.8405714e-01
   4.1920578e-01
   2.4202857e-01
   2.9639951e-17
  -2.4202857e-01
  -4.1920578e-01
  -4.8405714e-01
  -4.1920578e-01
  -2.4202857e-01
  -8.8919854e-17
   2.4202857e-01
   4.1920578e-01
   8.0837623e-01
   7.0007435e-01
   4.0418811e-01
   4.9498768e-17
  -4.0418811e-01
  -7.0007435e-01
  -8.0837623e-01
  -7.0007435e-01
  -4.0418811e-01
  -1.4849630e-16
   4.0418811e-01
   7.0007435e-01
   7.6812530e-01
   6.6521602e-01
   3.8406265e-01
   4.7034110e-17
  -3.8406265e-01
  -6.6521602e-01
  -7.6812530e-01
  -6.6521602e-01
  -3.8406265e-01
  -1.4110233e-16
   3.8406265e-01
   6.6521602e-01
   6.8460843e-01
   5.9288830e-01
   3.4230422e-01
   4.1920176e-17
  -3.4230422e-01
  -5.9288830e-01
  -6.8460843e-01
  -5.9288830e-01
  -3.4230422e-01
  -1.2576053e-16
   3.4230422e-01
   5.9288830e-01
   7.6812530e-01
   6.6521602e-01
   3.8406265e-01
   4.7034110e-17
  -3.8406265e-01
  -6.6521602e-01
  -7.6812530e-01
  -6.6521602e-01
  -3.8406265e-01
  -1.4110233e-16
   3.8406265e-01
   6.6521602e-01
   8.0837623e-01
   7.0007435e-01
   4.0418811e-01
   4.9498768e-17
  -4.0418811e-01
  -7.0007435e-01
  -8.0837623e-01
  -7.0007435e-01
  -4.0418811e-01
  -1.4849630e-16
   4.0418811e-01
   7.0007435e-01
   4.8405714e-01
   4.1920578e-01
   2.4202857e-01
   2.9639951e-17
  -2.4202857e-01
  -4.1920578e-01
  -4.8405714e-01
  -4.1920578e-01
  -2.4202857e-01
  -8.8919854e-17
   2.4202857e-01
   4.1920578e-01
   0.0000000e+00
   2.4202857e-01
   4.1920578e-01
   4.8405714e-01
   4.1920578e-01
   2.4202857e-01
   5.9279903e-17
  -2.4202857e-01
  -4.1920578e-01
  -4.8405714e-01
  -4.1920578e-01
  -2.4202857e-01
   0.0000000e+00
   4.0418811e-01
   7.0007435e-01
   8.0837623e-01
   7.0007435e-01
   4.0418811e-01
   9.8997536e-17
  -4.0418811e-01
  -7.0007435e-01
  -8.0837623e-01
  -7.0007435e-01
  -4.0418811e-01
   0.0000000e+00
   3.8406265e-01
   6.6521602e-01
   7.6812530e-01
   6.6521602e-01
   3.8406265e-01
   9.4068219e-17
  -3.8406265e-01
  -6.6521602e-01
  -7.6812530e-01
  -6.6521602e-01
  -3.8406265e-01
   0.0000000e+00
   3.4230422e-01
   5.9288830e-01
   6.8460843e-01
   5.9288830e-01
   3.4230422e-01
   8.3840353e-17
  -3.4230422e-01
  -5.9288830e-01
  -6.8460843e-01
  -5.9288830e-01
  -3.4230422e-01
   0.0000000e+00
   3.8406265e-01
   6.6521602e-01
   7.6812530e-01
   6.6521602e-01
   3.8406265e-01
   9.4068219e-17
  -3.8406265e-01
  -6.6521602e-01
  -7.6812530e-01
  -6.6521602e-01
  -3.8406265e-01
   0.0000000e+00
   4.0418811e-01
   7.0007435e-01
   8.0837623e-01
   7.0007435e-01
   4.0418811e-01
   9.8997536e-17
  -4.0418811e-01
  -7.0007435e-01
  -8.0837623e-01
  -7.0007435e-01
  -4.0418811e-01
   0.0000000e+00
   2.4202857e-01
   4.1920578e-01
   4.8405714e-01
   4.1920578e-01
   2.4202857e-01
   5.9279903e-17
  -2.4202857e-01
  -4.1920578e-01
  -4.8405714e-01
  -4.1920578e-01
  -2.4202857e-01
  -1.4587106e+00
  -1.4587106e+00
  -1.4587106e+00
  -1.4587106e+00
  -1.4587106e+00
  -1.4587106e+00
  -1.4587106e+00
  -1.4587106e+00
  -1.4587106e+00
  -1.4587106e+00
  -1.4587106e+00
  -1.4587106e+00
  -8.9345617e-01
  -8.9345617e-01
  -8.9345617e-01
  -8.9345617e-01
  -8.9345617e-01
  -8.9345617e-01
  -8.9345617e-01
  -8.9345617e-01
  -8.9345617e-01
  -8.9345617e-01
  -8.9345617e-01
  -8.9345617e-01
  -3.4109383e-01
  -3.4109383e-01
  -3.4109383e-01
  -3.4109383e-01
  -3.4109383e-01
  -3.4109383e-01
  -3.4109383e-01
  -3.4109383e-01
  -3.4109383e-01
  -3.4109383e-01
  -3.4109383e-01
  -3.4109383e-01
  -1.1009343e-16
  -1.1009343e-16
  -1.1009343e-16
  -1.1009343e-16
  -1.1009343e-16
  -1.1009343e-16
  -1.1009343e-16
  -1.1009343e-16
  -1.1009343e-16
  -1.1009343e-16
  -1.1009343e-16
  -1.1009343e-16
   3.4109383e-01
   3.4109383e-01
   3.4109383e-01
   3.4109383e-01
   3.4109383e-01
   3.4109383e-01
   3.4109383e-01
   3.4109383e-01
   3.4109383e-01
   3.4109383e-01
   3.4109383e-01
   3.4109383e-01
   8.9345617e-01
   8.9345617e-01
   8.9345617e-01
   8.9345617e-01
   8.9345617e-01
   8.9345617e-01
   8.9345617e-01
   8.9345617e-01
   8.9345617e-01
   8.9345617e-01
   8.9345617e-01
   8.9345617e-01
   1.4587106e+00
   1.4587106e+00
   1.4587106e+00
   1.4587106e+00
   1.4587106e+00
   1.4587106e+00
   1.4587106e+00
   1.4587106e+00
   1.4587106e+00
   1.4587106e+00
   1.4587106e+00
   1.4587106e+00
