   1.4381637961456989e-01
   1.4105298820685336e-01
   1.3286900956577458e-01
   1.1957894940088210e-01
   1.0169353727116114e-01
   7.9900099534502167e-02
   5.5036145781224344e-02
   2.8057183810200195e-02
   8.8062134479971834e-18
  -2.8057183810200174e-02
  -5.5036145781224323e-02
  -7.9900099534502125e-02
  -1.0169353727116112e-01
  -1.1957894940088211e-01
  -1.3286900956577458e-01
  -1.4105298820685336e-01
  -1.4381637961456989e-01
  -1.4105298820685336e-01
  -1.3286900956577460e-01
  -1.1957894940088212e-01
  -1.0169353727116115e-01
  -7.9900099534502153e-02
  -5.5036145781224413e-02
  -2.8057183810200243e-02
  -2.6418640343991550e-17
   2.8057183810200191e-02
   5.5036145781224365e-02
   7.9900099534502111e-02
   1.0169353727116109e-01
   1.1957894940088210e-01
   1.3286900956577455e-01
   1.4105298820685336e-01
   3.2569648090119746e-01
   3.1943831434702635e-01
   3.0090431251556954e-01
   2.7080672670322198e-01
   2.3030219025383161e-01
   1.8094726978794273e-01
   1.2463864722050118e-01
   6.3540231338534398e-02
   1.9943157641460425e-17
  -6.3540231338534356e-02
  -1.2463864722050114e-01
  -1.8094726978794262e-01
  -2.3030219025383156e-01
  -2.7080672670322203e-01
  -3.0090431251556954e-01
  -3.1943831434702635e-01
  -3.2569648090119746e-01
  -3.1943831434702635e-01
  -3.0090431251556959e-01
  -2.7080672670322203e-01
  -2.3030219025383164e-01
  -1.8094726978794268e-01
  -1.2463864722050133e-01
  -6.3540231338534509e-02
  -5.9829472924381269e-17
   6.3540231338534398e-02
   1.2463864722050122e-01
   1.8094726978794257e-01
   2.3030219025383153e-01
   2.7080672670322198e-01
   3.0090431251556948e-01
   3.1943831434702630e-01
   4.9825684445997709e-01
   4.8868297890650741e-01
   4.6032930053023252e-01
   4.1428542529022672e-01
   3.5232079349026069e-01
   2.7681667118024122e-01
   1.9067463943734272e-01
   9.7205088232436898e-02
   3.0509432486058577e-17
  -9.7205088232436829e-02
  -1.9067463943734267e-01
  -2.7681667118024106e-01
  -3.5232079349026063e-01
  -4.1428542529022677e-01
  -4.6032930053023252e-01
  -4.8868297890650741e-01
  -4.9825684445997709e-01
  -4.8868297890650741e-01
  -4.6032930053023258e-01
  -4.1428542529022683e-01
  -3.5232079349026074e-01
  -2.7681667118024117e-01
  -1.9067463943734297e-01
  -9.7205088232437065e-02
  -9.1528297458175732e-17
   9.7205088232436884e-02
   1.9067463943734281e-01
   2.7681667118024100e-01
   3.5232079349026058e-01
   4.1428542529022672e-01
   4.6032930053023241e-01
   4.8868297890650736e-01
   6.5508208458085049e-01
   6.4249486601276218e-01
   6.0521693005907540e-01
   5.4468084689278295e-01
   4.6321298424093887e-01
   3.6394410637754993e-01
   2.5068906060827795e-01
   1.2780017482787473e-01
   4.0112208903035715e-17
  -1.2780017482787465e-01
  -2.5068906060827789e-01
  -3.6394410637754970e-01
  -4.6321298424093882e-01
  -5.4468084689278295e-01
  -6.0521693005907540e-01
  -6.4249486601276218e-01
  -6.5508208458085049e-01
  -6.4249486601276218e-01
  -6.0521693005907540e-01
  -5.4468084689278307e-01
  -4.6321298424093899e-01
  -3.6394410637754987e-01
  -2.5068906060827828e-01
  -1.2780017482787495e-01
  -1.2033662670910713e-16
   1.2780017482787473e-01
   2.5068906060827806e-01
   3.6394410637754965e-01
   4.6321298424093876e-01
   5.4468084689278295e-01
   6.0521693005907518e-01
   6.4249486601276207e-01
   7.9097040563087306e-01
   7.7577213107733278e-01
   7.3076136858451390e-01
   6.5766785651268900e-01
   5.5930053753946452e-01
   4.3943961256795350e-01
   3.0269126972602989e-01
   1.5431067113975466e-01
   4.8432968773806615e-17
  -1.5431067113975455e-01
  -3.0269126972602978e-01
  -4.3943961256795322e-01
  -5.5930053753946440e-01
  -6.5766785651268911e-01
  -7.3076136858451390e-01
  -7.7577213107733278e-01
  -7.9097040563087306e-01
  -7.7577213107733278e-01
  -7.3076136858451390e-01
  -6.5766785651268911e-01
  -5.5930053753946463e-01
  -4.3943961256795339e-01
  -3.0269126972603028e-01
  -1.5431067113975494e-01
  -1.4529890632141983e-16
   1.5431067113975466e-01
   3.0269126972603000e-01
   4.3943961256795316e-01
   5.5930053753946440e-01
   6.5766785651268900e-01
   7.3076136858451368e-01
   7.7577213107733267e-01
   9.0150214948891405e-01
   8.8418003847059956e-01
   8.3287938442773801e-01
   7.4957164272545851e-01
   6.3745828315785980e-01
   5.0084775925922831e-01
   3.4498993685092394e-01
   1.7587434464202412e-01
   5.5201086089802864e-17
  -1.7587434464202398e-01
  -3.4498993685092383e-01
  -5.0084775925922798e-01
  -6.3745828315785980e-01
  -7.4957164272545862e-01
  -8.3287938442773801e-01
  -8.8418003847059956e-01
  -9.0150214948891405e-01
  -8.8418003847059956e-01
  -8.3287938442773812e-01
  -7.4957164272545873e-01
  -6.3745828315785991e-01
  -5.0084775925922820e-01
  -3.4498993685092438e-01
  -1.7587434464202439e-01
  -1.6560325826940858e-16
   1.7587434464202409e-01
   3.4498993685092411e-01
   5.0084775925922786e-01
   6.3745828315785968e-01
   7.4957164272545851e-01
   8.3287938442773790e-01
   8.8418003847059945e-01
   9.8310297720841078e-01
   9.6421292916660184e-01
   9.0826871899376072e-01
   8.1742025131295526e-01
   6.9515878178875123e-01
   5.4618275012994155e-01
   3.7621722168645333e-01
   1.9179387639860332e-01
   6.0197695713525680e-17
  -1.9179387639860318e-01
  -3.7621722168645322e-01
  -5.4618275012994122e-01
  -6.9515878178875112e-01
  -8.1742025131295537e-01
  -9.0826871899376072e-01
  -9.6421292916660184e-01
  -9.8310297720841078e-01
  -9.6421292916660184e-01
  -9.0826871899376083e-01
  -8.1742025131295548e-01
  -6.9515878178875135e-01
  -5.4618275012994144e-01
  -3.7621722168645383e-01
  -1.9179387639860365e-01
  -1.8059308714057703e-16
   1.9179387639860329e-01
   3.7621722168645350e-01
   5.4618275012994111e-01
   6.9515878178875101e-01
   8.1742025131295526e-01
   9.0826871899376049e-01
   9.6421292916660173e-01
   1.0331399204094875e+00
   1.0132884265345905e+00
   9.5449682668666536e-01
   8.5902444907715902e-01
   7.3054024363607872e-01
   5.7398178632375241e-01
   3.9536553085569842e-01
   2.0155559976040413e-01
   6.3261574830041512e-17
  -2.0155559976040396e-01
  -3.9536553085569831e-01
  -5.7398178632375196e-01
  -7.3054024363607861e-01
  -8.5902444907715914e-01
  -9.5449682668666536e-01
  -1.0132884265345905e+00
  -1.0331399204094875e+00
  -1.0132884265345905e+00
  -9.5449682668666547e-01
  -8.5902444907715925e-01
  -7.3054024363607883e-01
  -5.7398178632375230e-01
  -3.9536553085569892e-01
  -2.0155559976040446e-01
  -1.8978472449012452e-16
   2.0155559976040410e-01
   3.9536553085569859e-01
   5.7398178632375185e-01
   7.3054024363607850e-01
   8.5902444907715902e-01
   9.5449682668666513e-01
   1.0132884265345903e+00
   1.0500000000000000e+00
   1.0298245444233920e+00
   9.7007350913685109e-01
   8.7304309291767257e-01
   7.4246212024587499e-01
   5.8334874467058240e-01
   4.0181760398334437e-01
   2.0484483811693477e-01
   6.4293956955236049e-17
  -2.0484483811693460e-01
  -4.0181760398334421e-01
  -5.8334874467058206e-01
  -7.4246212024587488e-01
  -8.7304309291767268e-01
  -9.7007350913685109e-01
  -1.0298245444233920e+00
  -1.0500000000000000e+00
  -1.0298245444233920e+00
  -9.7007350913685120e-01
  -8.7304309291767279e-01
  -7.4246212024587510e-01
  -5.8334874467058229e-01
  -4.0181760398334487e-01
  -2.0484483811693510e-01
  -1.9288187086570813e-16
   2.0484483811693474e-01
   4.0181760398334454e-01
   5.8334874467058195e-01
   7.4246212024587477e-01
   8.7304309291767257e-01
   9.7007350913685086e-01
   1.0298245444233918e+00
   1.0331399204094875e+00
   1.0132884265345905e+00
   9.5449682668666536e-01
   8.5902444907715902e-01
   7.3054024363607872e-01
   5.7398178632375241e-01
   3.9536553085569842e-01
   2.0155559976040413e-01
   6.3261574830041512e-17
  -2.0155559976040396e-01
  -3.9536553085569831e-01
  -5.7398178632375196e-01
  -7.3054024363607861e-01
  -8.5902444907715914e-01
  -9.5449682668666536e-01
  -1.0132884265345905e+00
  -1.0331399204094875e+00
  -1.0132884265345905e+00
  -9.5449682668666547e-01
  -8.5902444907715925e-01
  -7.3054024363607883e-01
  -5.7398178632375230e-01
  -3.9536553085569892e-01
  -2.0155559976040446e-01
  -1.8978472449012452e-16
   2.0155559976040410e-01
   3.9536553085569859e-01
   5.7398178632375185e-01
   7.3054024363607850e-01
   8.5902444907715902e-01
   9.5449682668666513e-01
   1.0132884265345903e+00
   9.8310297720841078e-01
   9.6421292916660184e-01
   9.0826871899376072e-01
   8.1742025131295526e-01
   6.9515878178875123e-01
   5.4618275012994155e-01
   3.7621722168645333e-01
   1.9179387639860332e-01
   6.0197695713525680e-17
  -1.9179387639860318e-01
  -3.7621722168645322e-01
  -5.4618275012994122e-01
  -6.9515878178875112e-01
  -8.1742025131295537e-01
  -9.0826871899376072e-01
  -9.6421292916660184e-01
  -9.8310297720841078e-01
  -9.6421292916660184e-01
  -9.0826871899376083e-01
  -8.1742025131295548e-01
  -6.9515878178875135e-01
  -5.4618275012994144e-01
  -3.7621722168645383e-01
  -1.9179387639860365e-01
  -1.8059308714057703e-16
   1.9179387639860329e-01
   3.7621722168645350e-01
   5.4618275012994111e-01
   6.9515878178875101e-01
   8.1742025131295526e-01
   9.0826871899376049e-01
   9.6421292916660173e-01
   9.0150214948891405e-01
   8.8418003847059956e-01
   8.3287938442773801e-01
   7.4957164272545851e-01
   6.3745828315785980e-01
   5.0084775925922831e-01
   3.4498993685092394e-01
   1.7587434464202412e-01
   5.5201086089802864e-17
  -1.7587434464202398e-01
  -3.4498993685092383e-01
  -5.0084775925922798e-01
  -6.3745828315785980e-01
  -7.4957164272545862e-01
  -8.3287938442773801e-01
  -8.8418003847059956e-01
  -9.0150214948891405e-01
  -8.8418003847059956e-01
  -8.3287938442773812e-01
  -7.4957164272545873e-01
  -6.3745828315785991e-01
  -5.0084775925922820e-01
  -3.4498993685092438e-01
  -1.7587434464202439e-01
  -1.6560325826940858e-16
   1.7587434464202409e-01
   3.4498993685092411e-01
   5.0084775925922786e-01
   6.3745828315785968e-01
   7.4957164272545851e-01
   8.3287938442773790e-01
   8.8418003847059945e-01
   7.9097040563087306e-01
   7.7577213107733278e-01
   7.3076136858451390e-01
   6.5766785651268900e-01
   5.5930053753946452e-01
   4.3943961256795350e-01
   3.0269126972602989e-01
   1.5431067113975466e-01
   4.8432968773806615e-17
  -1.5431067113975455e-01
  -3.0269126972602978e-01
  -4.3943961256795322e-01
  -5.5930053753946440e-01
  -6.5766785651268911e-01
  -7.3076136858451390e-01
  -7.7577213107733278e-01
  -7.9097040563087306e-01
  -7.7577213107733278e-01
  -7.3076136858451390e-01
  -6.5766785651268911e-01
  -5.5930053753946463e-01
  -4.3943961256795339e-01
  -3.0269126972603028e-01
  -1.5431067113975494e-01
  -1.4529890632141983e-16
   1.5431067113975466e-01
   3.0269126972603000e-01
   4.3943961256795316e-01
   5.5930053753946440e-01
   6.5766785651268900e-01
   7.3076136858451368e-01
   7.7577213107733267e-01
   6.5508208458084993e-01
   6.4249486601276162e-01
   6.0521693005907484e-01
   5.4468084689278240e-01
   4.6321298424093849e-01
   3.6394410637754959e-01
   2.5068906060827773e-01
   1.2780017482787462e-01
   4.0112208903035678e-17
  -1.2780017482787454e-01
  -2.5068906060827767e-01
  -3.6394410637754937e-01
  -4.6321298424093843e-01
  -5.4468084689278251e-01
  -6.0521693005907484e-01
  -6.4249486601276162e-01
  -6.5508208458084993e-01
  -6.4249486601276162e-01
  -6.0521693005907495e-01
  -5.4468084689278262e-01
  -4.6321298424093860e-01
  -3.6394410637754954e-01
  -2.5068906060827806e-01
  -1.2780017482787484e-01
  -1.2033662670910703e-16
   1.2780017482787462e-01
   2.5068906060827784e-01
   3.6394410637754931e-01
   4.6321298424093837e-01
   5.4468084689278240e-01
   6.0521693005907473e-01
   6.4249486601276151e-01
   4.9825684445997753e-01
   4.8868297890650786e-01
   4.6032930053023297e-01
   4.1428542529022711e-01
   3.5232079349026102e-01
   2.7681667118024145e-01
   1.9067463943734289e-01
   9.7205088232436981e-02
   3.0509432486058608e-17
  -9.7205088232436912e-02
  -1.9067463943734284e-01
  -2.7681667118024128e-01
  -3.5232079349026096e-01
  -4.1428542529022716e-01
  -4.6032930053023297e-01
  -4.8868297890650786e-01
  -4.9825684445997753e-01
  -4.8868297890650786e-01
  -4.6032930053023302e-01
  -4.1428542529022722e-01
  -3.5232079349026107e-01
  -2.7681667118024139e-01
  -1.9067463943734314e-01
  -9.7205088232437148e-02
  -9.1528297458175806e-17
   9.7205088232436967e-02
   1.9067463943734297e-01
   2.7681667118024122e-01
   3.5232079349026091e-01
   4.1428542529022711e-01
   4.6032930053023285e-01
   4.8868297890650780e-01
   3.2569648090119607e-01
   3.1943831434702497e-01
   3.0090431251556826e-01
   2.7080672670322081e-01
   2.3030219025383061e-01
   1.8094726978794196e-01
   1.2463864722050064e-01
   6.3540231338534134e-02
   1.9943157641460342e-17
  -6.3540231338534092e-02
  -1.2463864722050061e-01
  -1.8094726978794184e-01
  -2.3030219025383059e-01
  -2.7080672670322087e-01
  -3.0090431251556826e-01
  -3.1943831434702497e-01
  -3.2569648090119607e-01
  -3.1943831434702497e-01
  -3.0090431251556832e-01
  -2.7080672670322092e-01
  -2.3030219025383067e-01
  -1.8094726978794190e-01
  -1.2463864722050080e-01
  -6.3540231338534245e-02
  -5.9829472924381023e-17
   6.3540231338534120e-02
   1.2463864722050069e-01
   1.8094726978794182e-01
   2.3030219025383056e-01
   2.7080672670322081e-01
   3.0090431251556821e-01
   3.1943831434702497e-01
   1.4381637961456800e-01
   1.4105298820685150e-01
   1.3286900956577283e-01
   1.1957894940088053e-01
   1.0169353727115980e-01
   7.9900099534501126e-02
   5.5036145781223622e-02
   2.8057183810199827e-02
   8.8062134479970678e-18
  -2.8057183810199806e-02
  -5.5036145781223601e-02
  -7.9900099534501071e-02
  -1.0169353727115978e-01
  -1.1957894940088054e-01
  -1.3286900956577283e-01
  -1.4105298820685150e-01
  -1.4381637961456800e-01
  -1.4105298820685150e-01
  -1.3286900956577286e-01
  -1.1957894940088055e-01
  -1.0169353727115982e-01
  -7.9900099534501112e-02
  -5.5036145781223691e-02
  -2.8057183810199872e-02
  -2.6418640343991202e-17
   2.8057183810199823e-02
   5.5036145781223643e-02
   7.9900099534501057e-02
   1.0169353727115976e-01
   1.1957894940088053e-01
   1.3286900956577280e-01
   1.4105298820685150e-01
   0.0000000000000000e+00
   2.8057183810200181e-02
   5.5036145781224330e-02
   7.9900099534502153e-02
   1.0169353727116112e-01
   1.1957894940088210e-01
   1.3286900956577458e-01
   1.4105298820685336e-01
   1.4381637961456989e-01
   1.4105298820685336e-01
   1.3286900956577458e-01
   1.1957894940088211e-01
   1.0169353727116114e-01
   7.9900099534502153e-02
   5.5036145781224351e-02
   2.8057183810200233e-02
   1.7612426895994367e-17
  -2.8057183810200198e-02
  -5.5036145781224316e-02
  -7.9900099534502125e-02
  -1.0169353727116112e-01
  -1.1957894940088210e-01
  -1.3286900956577455e-01
  -1.4105298820685336e-01
  -1.4381637961456989e-01
  -1.4105298820685336e-01
  -1.3286900956577455e-01
  -1.1957894940088212e-01
  -1.0169353727116115e-01
  -7.9900099534502153e-02
  -5.5036145781224420e-02
  -2.8057183810200250e-02
   0.0000000000000000e+00
   6.3540231338534370e-02
   1.2463864722050115e-01
   1.8094726978794268e-01
   2.3030219025383156e-01
   2.7080672670322198e-01
   3.0090431251556954e-01
   3.1943831434702635e-01
   3.2569648090119746e-01
   3.1943831434702635e-01
   3.0090431251556954e-01
   2.7080672670322203e-01
   2.3030219025383161e-01
   1.8094726978794268e-01
   1.2463864722050119e-01
   6.3540231338534495e-02
   3.9886315282920850e-17
  -6.3540231338534411e-02
  -1.2463864722050112e-01
  -1.8094726978794262e-01
  -2.3030219025383156e-01
  -2.7080672670322198e-01
  -3.0090431251556948e-01
  -3.1943831434702630e-01
  -3.2569648090119746e-01
  -3.1943831434702635e-01
  -3.0090431251556948e-01
  -2.7080672670322203e-01
  -2.3030219025383164e-01
  -1.8094726978794268e-01
  -1.2463864722050136e-01
  -6.3540231338534536e-02
   0.0000000000000000e+00
   9.7205088232436856e-02
   1.9067463943734270e-01
   2.7681667118024117e-01
   3.5232079349026063e-01
   4.1428542529022672e-01
   4.6032930053023252e-01
   4.8868297890650741e-01
   4.9825684445997709e-01
   4.8868297890650741e-01
   4.6032930053023252e-01
   4.1428542529022677e-01
   3.5232079349026069e-01
   2.7681667118024117e-01
   1.9067463943734275e-01
   9.7205088232437037e-02
   6.1018864972117155e-17
  -9.7205088232436912e-02
  -1.9067463943734264e-01
  -2.7681667118024106e-01
  -3.5232079349026063e-01
  -4.1428542529022672e-01
  -4.6032930053023241e-01
  -4.8868297890650736e-01
  -4.9825684445997709e-01
  -4.8868297890650741e-01
  -4.6032930053023247e-01
  -4.1428542529022683e-01
  -3.5232079349026074e-01
  -2.7681667118024117e-01
  -1.9067463943734300e-01
  -9.7205088232437092e-02
   0.0000000000000000e+00
   1.2780017482787467e-01
   2.5068906060827795e-01
   3.6394410637754987e-01
   4.6321298424093882e-01
   5.4468084689278295e-01
   6.0521693005907540e-01
   6.4249486601276218e-01
   6.5508208458085049e-01
   6.4249486601276218e-01
   6.0521693005907540e-01
   5.4468084689278295e-01
   4.6321298424093887e-01
   3.6394410637754987e-01
   2.5068906060827800e-01
   1.2780017482787492e-01
   8.0224417806071430e-17
  -1.2780017482787476e-01
  -2.5068906060827784e-01
  -3.6394410637754970e-01
  -4.6321298424093882e-01
  -5.4468084689278295e-01
  -6.0521693005907518e-01
  -6.4249486601276207e-01
  -6.5508208458085049e-01
  -6.4249486601276218e-01
  -6.0521693005907529e-01
  -5.4468084689278307e-01
  -4.6321298424093899e-01
  -3.6394410637754987e-01
  -2.5068906060827834e-01
  -1.2780017482787498e-01
   0.0000000000000000e+00
   1.5431067113975461e-01
   3.0269126972602983e-01
   4.3943961256795339e-01
   5.5930053753946440e-01
   6.5766785651268900e-01
   7.3076136858451390e-01
   7.7577213107733278e-01
   7.9097040563087306e-01
   7.7577213107733278e-01
   7.3076136858451390e-01
   6.5766785651268911e-01
   5.5930053753946452e-01
   4.3943961256795339e-01
   3.0269126972602994e-01
   1.5431067113975488e-01
   9.6865937547613229e-17
  -1.5431067113975469e-01
  -3.0269126972602978e-01
  -4.3943961256795322e-01
  -5.5930053753946440e-01
  -6.5766785651268900e-01
  -7.3076136858451368e-01
  -7.7577213107733267e-01
  -7.9097040563087306e-01
  -7.7577213107733278e-01
  -7.3076136858451379e-01
  -6.5766785651268911e-01
  -5.5930053753946463e-01
  -4.3943961256795339e-01
  -3.0269126972603033e-01
  -1.5431067113975497e-01
   0.0000000000000000e+00
   1.7587434464202403e-01
   3.4498993685092388e-01
   5.0084775925922820e-01
   6.3745828315785980e-01
   7.4957164272545851e-01
   8.3287938442773801e-01
   8.8418003847059956e-01
   9.0150214948891405e-01
   8.8418003847059956e-01
   8.3287938442773801e-01
   7.4957164272545862e-01
   6.3745828315785980e-01
   5.0084775925922820e-01
   3.4498993685092399e-01
   1.7587434464202437e-01
   1.1040217217960573e-16
  -1.7587434464202412e-01
  -3.4498993685092377e-01
  -5.0084775925922798e-01
  -6.3745828315785980e-01
  -7.4957164272545851e-01
  -8.3287938442773790e-01
  -8.8418003847059945e-01
  -9.0150214948891405e-01
  -8.8418003847059956e-01
  -8.3287938442773790e-01
  -7.4957164272545873e-01
  -6.3745828315785991e-01
  -5.0084775925922820e-01
  -3.4498993685092444e-01
  -1.7587434464202445e-01
   0.0000000000000000e+00
   1.9179387639860324e-01
   3.7621722168645327e-01
   5.4618275012994144e-01
   6.9515878178875112e-01
   8.1742025131295526e-01
   9.0826871899376072e-01
   9.6421292916660184e-01
   9.8310297720841078e-01
   9.6421292916660184e-01
   9.0826871899376072e-01
   8.1742025131295537e-01
   6.9515878178875123e-01
   5.4618275012994144e-01
   3.7621722168645338e-01
   1.9179387639860360e-01
   1.2039539142705136e-16
  -1.9179387639860335e-01
  -3.7621722168645316e-01
  -5.4618275012994122e-01
  -6.9515878178875112e-01
  -8.1742025131295526e-01
  -9.0826871899376049e-01
  -9.6421292916660173e-01
  -9.8310297720841078e-01
  -9.6421292916660184e-01
  -9.0826871899376060e-01
  -8.1742025131295548e-01
  -6.9515878178875135e-01
  -5.4618275012994144e-01
  -3.7621722168645388e-01
  -1.9179387639860371e-01
   0.0000000000000000e+00
   2.0155559976040405e-01
   3.9536553085569837e-01
   5.7398178632375230e-01
   7.3054024363607861e-01
   8.5902444907715902e-01
   9.5449682668666536e-01
   1.0132884265345905e+00
   1.0331399204094875e+00
   1.0132884265345905e+00
   9.5449682668666536e-01
   8.5902444907715914e-01
   7.3054024363607872e-01
   5.7398178632375230e-01
   3.9536553085569848e-01
   2.0155559976040441e-01
   1.2652314966008302e-16
  -2.0155559976040416e-01
  -3.9536553085569826e-01
  -5.7398178632375196e-01
  -7.3054024363607861e-01
  -8.5902444907715902e-01
  -9.5449682668666513e-01
  -1.0132884265345903e+00
  -1.0331399204094875e+00
  -1.0132884265345905e+00
  -9.5449682668666525e-01
  -8.5902444907715925e-01
  -7.3054024363607883e-01
  -5.7398178632375230e-01
  -3.9536553085569898e-01
  -2.0155559976040452e-01
   0.0000000000000000e+00
   2.0484483811693466e-01
   4.0181760398334426e-01
   5.8334874467058229e-01
   7.4246212024587488e-01
   8.7304309291767257e-01
   9.7007350913685109e-01
   1.0298245444233920e+00
   1.0500000000000000e+00
   1.0298245444233920e+00
   9.7007350913685109e-01
   8.7304309291767268e-01
   7.4246212024587499e-01
   5.8334874467058229e-01
   4.0181760398334443e-01
   2.0484483811693505e-01
   1.2858791391047210e-16
  -2.0484483811693480e-01
  -4.0181760398334415e-01
  -5.8334874467058206e-01
  -7.4246212024587488e-01
  -8.7304309291767257e-01
  -9.7007350913685086e-01
  -1.0298245444233918e+00
  -1.0500000000000000e+00
  -1.0298245444233920e+00
  -9.7007350913685098e-01
  -8.7304309291767279e-01
  -7.4246212024587510e-01
  -5.8334874467058229e-01
  -4.0181760398334493e-01
  -2.0484483811693516e-01
   0.0000000000000000e+00
   2.0155559976040405e-01
   3.9536553085569837e-01
   5.7398178632375230e-01
   7.3054024363607861e-01
   8.5902444907715902e-01
   9.5449682668666536e-01
   1.0132884265345905e+00
   1.0331399204094875e+00
   1.0132884265345905e+00
   9.5449682668666536e-01
   8.5902444907715914e-01
   7.3054024363607872e-01
   5.7398178632375230e-01
   3.9536553085569848e-01
   2.0155559976040441e-01
   1.2652314966008302e-16
  -2.0155559976040416e-01
  -3.9536553085569826e-01
  -5.7398178632375196e-01
  -7.3054024363607861e-01
  -8.5902444907715902e-01
  -9.5449682668666513e-01
  -1.0132884265345903e+00
  -1.0331399204094875e+00
  -1.0132884265345905e+00
  -9.5449682668666525e-01
  -8.5902444907715925e-01
  -7.3054024363607883e-01
  -5.7398178632375230e-01
  -3.9536553085569898e-01
  -2.0155559976040452e-01
   0.0000000000000000e+00
   1.9179387639860324e-01
   3.7621722168645327e-01
   5.4618275012994144e-01
   6.9515878178875112e-01
   8.1742025131295526e-01
   9.0826871899376072e-01
   9.6421292916660184e-01
   9.8310297720841078e-01
   9.6421292916660184e-01
   9.0826871899376072e-01
   8.1742025131295537e-01
   6.9515878178875123e-01
   5.4618275012994144e-01
   3.7621722168645338e-01
   1.9179387639860360e-01
   1.2039539142705136e-16
  -1.9179387639860335e-01
  -3.7621722168645316e-01
  -5.4618275012994122e-01
  -6.9515878178875112e-01
  -8.1742025131295526e-01
  -9.0826871899376049e-01
  -9.6421292916660173e-01
  -9.8310297720841078e-01
  -9.6421292916660184e-01
  -9.0826871899376060e-01
  -8.1742025131295548e-01
  -6.9515878178875135e-01
  -5.4618275012994144e-01
  -3.7621722168645388e-01
  -1.9179387639860371e-01
   0.0000000000000000e+00
   1.7587434464202403e-01
   3.4498993685092388e-01
   5.0084775925922820e-01
   6.3745828315785980e-01
   7.4957164272545851e-01
   8.3287938442773801e-01
   8.8418003847059956e-01
   9.0150214948891405e-01
   8.8418003847059956e-01
   8.3287938442773801e-01
   7.4957164272545862e-01
   6.3745828315785980e-01
   5.0084775925922820e-01
   3.4498993685092399e-01
   1.7587434464202437e-01
   1.1040217217960573e-16
  -1.7587434464202412e-01
  -3.4498993685092377e-01
  -5.0084775925922798e-01
  -6.3745828315785980e-01
  -7.4957164272545851e-01
  -8.3287938442773790e-01
  -8.8418003847059945e-01
  -9.0150214948891405e-01
  -8.8418003847059956e-01
  -8.3287938442773790e-01
  -7.4957164272545873e-01
  -6.3745828315785991e-01
  -5.0084775925922820e-01
  -3.4498993685092444e-01
  -1.7587434464202445e-01
   0.0000000000000000e+00
   1.5431067113975461e-01
   3.0269126972602983e-01
   4.3943961256795339e-01
   5.5930053753946440e-01
   6.5766785651268900e-01
   7.3076136858451390e-01
   7.7577213107733278e-01
   7.9097040563087306e-01
   7.7577213107733278e-01
   7.3076136858451390e-01
   6.5766785651268911e-01
   5.5930053753946452e-01
   4.3943961256795339e-01
   3.0269126972602994e-01
   1.5431067113975488e-01
   9.6865937547613229e-17
  -1.5431067113975469e-01
  -3.0269126972602978e-01
  -4.3943961256795322e-01
  -5.5930053753946440e-01
  -6.5766785651268900e-01
  -7.3076136858451368e-01
  -7.7577213107733267e-01
  -7.9097040563087306e-01
  -7.7577213107733278e-01
  -7.3076136858451379e-01
  -6.5766785651268911e-01
  -5.5930053753946463e-01
  -4.3943961256795339e-01
  -3.0269126972603033e-01
  -1.5431067113975497e-01
   0.0000000000000000e+00
   1.2780017482787456e-01
   2.5068906060827773e-01
   3.6394410637754954e-01
   4.6321298424093843e-01
   5.4468084689278240e-01
   6.0521693005907484e-01
   6.4249486601276162e-01
   6.5508208458084993e-01
   6.4249486601276162e-01
   6.0521693005907484e-01
   5.4468084689278251e-01
   4.6321298424093849e-01
   3.6394410637754954e-01
   2.5068906060827778e-01
   1.2780017482787481e-01
   8.0224417806071356e-17
  -1.2780017482787465e-01
  -2.5068906060827761e-01
  -3.6394410637754937e-01
  -4.6321298424093843e-01
  -5.4468084689278240e-01
  -6.0521693005907473e-01
  -6.4249486601276151e-01
  -6.5508208458084993e-01
  -6.4249486601276162e-01
  -6.0521693005907473e-01
  -5.4468084689278262e-01
  -4.6321298424093860e-01
  -3.6394410637754954e-01
  -2.5068906060827811e-01
  -1.2780017482787490e-01
   0.0000000000000000e+00
   9.7205088232436940e-02
   1.9067463943734286e-01
   2.7681667118024139e-01
   3.5232079349026096e-01
   4.1428542529022711e-01
   4.6032930053023297e-01
   4.8868297890650786e-01
   4.9825684445997753e-01
   4.8868297890650786e-01
   4.6032930053023297e-01
   4.1428542529022716e-01
   3.5232079349026102e-01
   2.7681667118024139e-01
   1.9067463943734292e-01
   9.7205088232437120e-02
   6.1018864972117217e-17
  -9.7205088232436995e-02
  -1.9067463943734281e-01
  -2.7681667118024128e-01
  -3.5232079349026096e-01
  -4.1428542529022711e-01
  -4.6032930053023285e-01
  -4.8868297890650780e-01
  -4.9825684445997753e-01
  -4.8868297890650786e-01
  -4.6032930053023291e-01
  -4.1428542529022722e-01
  -3.5232079349026107e-01
  -2.7681667118024139e-01
  -1.9067463943734317e-01
  -9.7205088232437176e-02
   0.0000000000000000e+00
   6.3540231338534106e-02
   1.2463864722050062e-01
   1.8094726978794190e-01
   2.3030219025383059e-01
   2.7080672670322081e-01
   3.0090431251556826e-01
   3.1943831434702497e-01
   3.2569648090119607e-01
   3.1943831434702497e-01
   3.0090431251556826e-01
   2.7080672670322087e-01
   2.3030219025383061e-01
   1.8094726978794190e-01
   1.2463864722050066e-01
   6.3540231338534217e-02
   3.9886315282920684e-17
  -6.3540231338534148e-02
  -1.2463864722050058e-01
  -1.8094726978794184e-01
  -2.3030219025383059e-01
  -2.7080672670322081e-01
  -3.0090431251556821e-01
  -3.1943831434702497e-01
  -3.2569648090119607e-01
  -3.1943831434702497e-01
  -3.0090431251556821e-01
  -2.7080672670322092e-01
  -2.3030219025383067e-01
  -1.8094726978794190e-01
  -1.2463864722050082e-01
  -6.3540231338534259e-02
   0.0000000000000000e+00
   2.8057183810199813e-02
   5.5036145781223608e-02
   7.9900099534501112e-02
   1.0169353727115978e-01
   1.1957894940088053e-01
   1.3286900956577283e-01
   1.4105298820685150e-01
   1.4381637961456800e-01
   1.4105298820685150e-01
   1.3286900956577283e-01
   1.1957894940088054e-01
   1.0169353727115980e-01
   7.9900099534501112e-02
   5.5036145781223629e-02
   2.8057183810199865e-02
   1.7612426895994136e-17
  -2.8057183810199830e-02
  -5.5036145781223594e-02
  -7.9900099534501071e-02
  -1.0169353727115978e-01
  -1.1957894940088053e-01
  -1.3286900956577280e-01
  -1.4105298820685150e-01
  -1.4381637961456800e-01
  -1.4105298820685150e-01
  -1.3286900956577283e-01
  -1.1957894940088055e-01
  -1.0169353727115982e-01
  -7.9900099534501112e-02
  -5.5036145781223698e-02
  -2.8057183810199882e-02
  -1.9811509506288345e+00
  -1.9811509506288345e+00
  -1.9811509506288345e+00
  -1.9811509506288345e+00
  -1.9811509506288345e+00
  -1.9811509506288345e+00
  -1.9811509506288345e+00
  -1.9811509506288345e+00
  -1.9811509506288345e+00
  -1.9811509506288345e+00
  -1.9811509506288345e+00
  -1.9811509506288345e+00
  -1.9811509506288345e+00
  -1.9811509506288345e+00
  -1.9811509506288345e+00
  -1.9811509506288345e+00
  -1.9811509506288345e+00
  -1.9811509506288345e+00
  -1.9811509506288345e+00
  -1.9811509506288345e+00
  -1.9811509506288345e+00
  -1.9811509506288345e+00
  -1.9811509506288345e+00
  -1.9811509506288345e+00
  -1.9811509506288345e+00
  -1.9811509506288345e+00
  -1.9811509506288345e+00
  -1.9811509506288345e+00
  -1.9811509506288345e+00
  -1.9811509506288345e+00
  -1.9811509506288345e+00
  -1.9811509506288345e+00
  -1.9013510435375349e+00
  -1.9013510435375349e+00
  -1.9013510435375349e+00
  -1.9013510435375349e+00
  -1.9013510435375349e+00
  -1.9013510435375349e+00
  -1.9013510435375349e+00
  -1.9013510435375349e+00
  -1.9013510435375349e+00
  -1.9013510435375349e+00
  -1.9013510435375349e+00
  -1.9013510435375349e+00
  -1.9013510435375349e+00
  -1.9013510435375349e+00
  -1.9013510435375349e+00
  -1.9013510435375349e+00
  -1.9013510435375349e+00
  -1.9013510435375349e+00
  -1.9013510435375349e+00
  -1.9013510435375349e+00
  -1.9013510435375349e+00
  -1.9013510435375349e+00
  -1.9013510435375349e+00
  -1.9013510435375349e+00
  -1.9013510435375349e+00
  -1.9013510435375349e+00
  -1.9013510435375349e+00
  -1.9013510435375349e+00
  -1.9013510435375349e+00
  -1.9013510435375349e+00
  -1.9013510435375349e+00
  -1.9013510435375349e+00
  -1.7604783074539727e+00
  -1.7604783074539727e+00
  -1.7604783074539727e+00
  -1.7604783074539727e+00
  -1.7604783074539727e+00
  -1.7604783074539727e+00
  -1.7604783074539727e+00
  -1.7604783074539727e+00
  -1.7604783074539727e+00
  -1.7604783074539727e+00
  -1.7604783074539727e+00
  -1.7604783074539727e+00
  -1.7604783074539727e+00
  -1.7604783074539727e+00
  -1.7604783074539727e+00
  -1.7604783074539727e+00
  -1.7604783074539727e+00
  -1.7604783074539727e+00
  -1.7604783074539727e+00
  -1.7604783074539727e+00
  -1.7604783074539727e+00
  -1.7604783074539727e+00
  -1.7604783074539727e+00
  -1.7604783074539727e+00
  -1.7604783074539727e+00
  -1.7604783074539727e+00
  -1.7604783074539727e+00
  -1.7604783074539727e+00
  -1.7604783074539727e+00
  -1.7604783074539727e+00
  -1.7604783074539727e+00
  -1.7604783074539727e+00
  -1.5630280077936025e+00
  -1.5630280077936025e+00
  -1.5630280077936025e+00
  -1.5630280077936025e+00
  -1.5630280077936025e+00
  -1.5630280077936025e+00
  -1.5630280077936025e+00
  -1.5630280077936025e+00
  -1.5630280077936025e+00
  -1.5630280077936025e+00
  -1.5630280077936025e+00
  -1.5630280077936025e+00
  -1.5630280077936025e+00
  -1.5630280077936025e+00
  -1.5630280077936025e+00
  -1.5630280077936025e+00
  -1.5630280077936025e+00
  -1.5630280077936025e+00
  -1.5630280077936025e+00
  -1.5630280077936025e+00
  -1.5630280077936025e+00
  -1.5630280077936025e+00
  -1.5630280077936025e+00
  -1.5630280077936025e+00
  -1.5630280077936025e+00
  -1.5630280077936025e+00
  -1.5630280077936025e+00
  -1.5630280077936025e+00
  -1.5630280077936025e+00
  -1.5630280077936025e+00
  -1.5630280077936025e+00
  -1.5630280077936025e+00
  -1.3153423184333821e+00
  -1.3153423184333821e+00
  -1.3153423184333821e+00
  -1.3153423184333821e+00
  -1.3153423184333821e+00
  -1.3153423184333821e+00
  -1.3153423184333821e+00
  -1.3153423184333821e+00
  -1.3153423184333821e+00
  -1.3153423184333821e+00
  -1.3153423184333821e+00
  -1.3153423184333821e+00
  -1.3153423184333821e+00
  -1.3153423184333821e+00
  -1.3153423184333821e+00
  -1.3153423184333821e+00
  -1.3153423184333821e+00
  -1.3153423184333821e+00
  -1.3153423184333821e+00
  -1.3153423184333821e+00
  -1.3153423184333821e+00
  -1.3153423184333821e+00
  -1.3153423184333821e+00
  -1.3153423184333821e+00
  -1.3153423184333821e+00
  -1.3153423184333821e+00
  -1.3153423184333821e+00
  -1.3153423184333821e+00
  -1.3153423184333821e+00
  -1.3153423184333821e+00
  -1.3153423184333821e+00
  -1.3153423184333821e+00
  -1.0253810741729545e+00
  -1.0253810741729545e+00
  -1.0253810741729545e+00
  -1.0253810741729545e+00
  -1.0253810741729545e+00
  -1.0253810741729545e+00
  -1.0253810741729545e+00
  -1.0253810741729545e+00
  -1.0253810741729545e+00
  -1.0253810741729545e+00
  -1.0253810741729545e+00
  -1.0253810741729545e+00
  -1.0253810741729545e+00
  -1.0253810741729545e+00
  -1.0253810741729545e+00
  -1.0253810741729545e+00
  -1.0253810741729545e+00
  -1.0253810741729545e+00
  -1.0253810741729545e+00
  -1.0253810741729545e+00
  -1.0253810741729545e+00
  -1.0253810741729545e+00
  -1.0253810741729545e+00
  -1.0253810741729545e+00
  -1.0253810741729545e+00
  -1.0253810741729545e+00
  -1.0253810741729545e+00
  -1.0253810741729545e+00
  -1.0253810741729545e+00
  -1.0253810741729545e+00
  -1.0253810741729545e+00
  -1.0253810741729545e+00
  -7.0246352690775293e-01
  -7.0246352690775293e-01
  -7.0246352690775293e-01
  -7.0246352690775293e-01
  -7.0246352690775293e-01
  -7.0246352690775293e-01
  -7.0246352690775293e-01
  -7.0246352690775293e-01
  -7.0246352690775293e-01
  -7.0246352690775293e-01
  -7.0246352690775293e-01
  -7.0246352690775293e-01
  -7.0246352690775293e-01
  -7.0246352690775293e-01
  -7.0246352690775293e-01
  -7.0246352690775293e-01
  -7.0246352690775293e-01
  -7.0246352690775293e-01
  -7.0246352690775293e-01
  -7.0246352690775293e-01
  -7.0246352690775293e-01
  -7.0246352690775293e-01
  -7.0246352690775293e-01
  -7.0246352690775293e-01
  -7.0246352690775293e-01
  -7.0246352690775293e-01
  -7.0246352690775293e-01
  -7.0246352690775293e-01
  -7.0246352690775293e-01
  -7.0246352690775293e-01
  -7.0246352690775293e-01
  -7.0246352690775293e-01
  -3.5696836299169554e-01
  -3.5696836299169554e-01
  -3.5696836299169554e-01
  -3.5696836299169554e-01
  -3.5696836299169554e-01
  -3.5696836299169554e-01
  -3.5696836299169554e-01
  -3.5696836299169554e-01
  -3.5696836299169554e-01
  -3.5696836299169554e-01
  -3.5696836299169554e-01
  -3.5696836299169554e-01
  -3.5696836299169554e-01
  -3.5696836299169554e-01
  -3.5696836299169554e-01
  -3.5696836299169554e-01
  -3.5696836299169554e-01
  -3.5696836299169554e-01
  -3.5696836299169554e-01
  -3.5696836299169554e-01
  -3.5696836299169554e-01
  -3.5696836299169554e-01
  -3.5696836299169554e-01
  -3.5696836299169554e-01
  -3.5696836299169554e-01
  -3.5696836299169554e-01
  -3.5696836299169554e-01
  -3.5696836299169554e-01
  -3.5696836299169554e-01
  -3.5696836299169554e-01
  -3.5696836299169554e-01
  -3.5696836299169554e-01
  -3.2162452993532732e-16
  -3.2162452993532732e-16
  -3.2162452993532732e-16
  -3.2162452993532732e-16
  -3.2162452993532732e-16
  -3.2162452993532732e-16
  -3.2162452993532732e-16
  -3.2162452993532732e-16
  -3.2162452993532732e-16
  -3.2162452993532732e-16
  -3.2162452993532732e-16
  -3.2162452993532732e-16
  -3.2162452993532732e-16
  -3.2162452993532732e-16
  -3.2162452993532732e-16
  -3.2162452993532732e-16
  -3.2162452993532732e-16
  -3.2162452993532732e-16
  -3.2162452993532732e-16
  -3.2162452993532732e-16
  -3.2162452993532732e-16
  -3.2162452993532732e-16
  -3.2162452993532732e-16
  -3.2162452993532732e-16
  -3.2162452993532732e-16
  -3.2162452993532732e-16
  -3.2162452993532732e-16
  -3.2162452993532732e-16
  -3.2162452993532732e-16
  -3.2162452993532732e-16
  -3.2162452993532732e-16
  -3.2162452993532732e-16
   3.5696836299169532e-01
   3.5696836299169532e-01
   3.5696836299169532e-01
   3.5696836299169532e-01
   3.5696836299169532e-01
   3.5696836299169532e-01
   3.5696836299169532e-01
   3.5696836299169532e-01
   3.5696836299169532e-01
   3.5696836299169532e-01
   3.5696836299169532e-01
   3.5696836299169532e-01
   3.5696836299169532e-01
   3.5696836299169532e-01
   3.5696836299169532e-01
   3.5696836299169532e-01
   3.5696836299169532e-01
   3.5696836299169532e-01
   3.5696836299169532e-01
   3.5696836299169532e-01
   3.5696836299169532e-01
   3.5696836299169532e-01
   3.5696836299169532e-01
   3.5696836299169532e-01
   3.5696836299169532e-01
   3.5696836299169532e-01
   3.5696836299169532e-01
   3.5696836299169532e-01
   3.5696836299169532e-01
   3.5696836299169532e-01
   3.5696836299169532e-01
   3.5696836299169532e-01
   7.0246352690775271e-01
   7.0246352690775271e-01
   7.0246352690775271e-01
   7.0246352690775271e-01
   7.0246352690775271e-01
   7.0246352690775271e-01
   7.0246352690775271e-01
   7.0246352690775271e-01
   7.0246352690775271e-01
   7.0246352690775271e-01
   7.0246352690775271e-01
   7.0246352690775271e-01
   7.0246352690775271e-01
   7.0246352690775271e-01
   7.0246352690775271e-01
   7.0246352690775271e-01
   7.0246352690775271e-01
   7.0246352690775271e-01
   7.0246352690775271e-01
   7.0246352690775271e-01
   7.0246352690775271e-01
   7.0246352690775271e-01
   7.0246352690775271e-01
   7.0246352690775271e-01
   7.0246352690775271e-01
   7.0246352690775271e-01
   7.0246352690775271e-01
   7.0246352690775271e-01
   7.0246352690775271e-01
   7.0246352690775271e-01
   7.0246352690775271e-01
   7.0246352690775271e-01
   1.0253810741729545e+00
   1.0253810741729545e+00
   1.0253810741729545e+00
   1.0253810741729545e+00
   1.0253810741729545e+00
   1.0253810741729545e+00
   1.0253810741729545e+00
   1.0253810741729545e+00
   1.0253810741729545e+00
   1.0253810741729545e+00
   1.0253810741729545e+00
   1.0253810741729545e+00
   1.0253810741729545e+00
   1.0253810741729545e+00
   1.0253810741729545e+00
   1.0253810741729545e+00
   1.0253810741729545e+00
   1.0253810741729545e+00
   1.0253810741729545e+00
   1.0253810741729545e+00
   1.0253810741729545e+00
   1.0253810741729545e+00
   1.0253810741729545e+00
   1.0253810741729545e+00
   1.0253810741729545e+00
   1.0253810741729545e+00
   1.0253810741729545e+00
   1.0253810741729545e+00
   1.0253810741729545e+00
   1.0253810741729545e+00
   1.0253810741729545e+00
   1.0253810741729545e+00
   1.3153423184333819e+00
   1.3153423184333819e+00
   1.3153423184333819e+00
   1.3153423184333819e+00
   1.3153423184333819e+00
   1.3153423184333819e+00
   1.3153423184333819e+00
   1.3153423184333819e+00
   1.3153423184333819e+00
   1.3153423184333819e+00
   1.3153423184333819e+00
   1.3153423184333819e+00
   1.3153423184333819e+00
   1.3153423184333819e+00
   1.3153423184333819e+00
   1.3153423184333819e+00
   1.3153423184333819e+00
   1.3153423184333819e+00
   1.3153423184333819e+00
   1.3153423184333819e+00
   1.3153423184333819e+00
   1.3153423184333819e+00
   1.3153423184333819e+00
   1.3153423184333819e+00
   1.3153423184333819e+00
   1.3153423184333819e+00
   1.3153423184333819e+00
   1.3153423184333819e+00
   1.3153423184333819e+00
   1.3153423184333819e+00
   1.3153423184333819e+00
   1.3153423184333819e+00
   1.5630280077936034e+00
   1.5630280077936034e+00
   1.5630280077936034e+00
   1.5630280077936034e+00
   1.5630280077936034e+00
   1.5630280077936034e+00
   1.5630280077936034e+00
   1.5630280077936034e+00
   1.5630280077936034e+00
   1.5630280077936034e+00
   1.5630280077936034e+00
   1.5630280077936034e+00
   1.5630280077936034e+00
   1.5630280077936034e+00
   1.5630280077936034e+00
   1.5630280077936034e+00
   1.5630280077936034e+00
   1.5630280077936034e+00
   1.5630280077936034e+00
   1.5630280077936034e+00
   1.5630280077936034e+00
   1.5630280077936034e+00
   1.5630280077936034e+00
   1.5630280077936034e+00
   1.5630280077936034e+00
   1.5630280077936034e+00
   1.5630280077936034e+00
   1.5630280077936034e+00
   1.5630280077936034e+00
   1.5630280077936034e+00
   1.5630280077936034e+00
   1.5630280077936034e+00
   1.7604783074539723e+00
   1.7604783074539723e+00
   1.7604783074539723e+00
   1.7604783074539723e+00
   1.7604783074539723e+00
   1.7604783074539723e+00
   1.7604783074539723e+00
   1.7604783074539723e+00
   1.7604783074539723e+00
   1.7604783074539723e+00
   1.7604783074539723e+00
   1.7604783074539723e+00
   1.7604783074539723e+00
   1.7604783074539723e+00
   1.7604783074539723e+00
   1.7604783074539723e+00
   1.7604783074539723e+00
   1.7604783074539723e+00
   1.7604783074539723e+00
   1.7604783074539723e+00
   1.7604783074539723e+00
   1.7604783074539723e+00
   1.7604783074539723e+00
   1.7604783074539723e+00
   1.7604783074539723e+00
   1.7604783074539723e+00
   1.7604783074539723e+00
   1.7604783074539723e+00
   1.7604783074539723e+00
   1.7604783074539723e+00
   1.7604783074539723e+00
   1.7604783074539723e+00
   1.9013510435375358e+00
   1.9013510435375358e+00
   1.9013510435375358e+00
   1.9013510435375358e+00
   1.9013510435375358e+00
   1.9013510435375358e+00
   1.9013510435375358e+00
   1.9013510435375358e+00
   1.9013510435375358e+00
   1.9013510435375358e+00
   1.9013510435375358e+00
   1.9013510435375358e+00
   1.9013510435375358e+00
   1.9013510435375358e+00
   1.9013510435375358e+00
   1.9013510435375358e+00
   1.9013510435375358e+00
   1.9013510435375358e+00
   1.9013510435375358e+00
   1.9013510435375358e+00
   1.9013510435375358e+00
   1.9013510435375358e+00
   1.9013510435375358e+00
   1.9013510435375358e+00
   1.9013510435375358e+00
   1.9013510435375358e+00
   1.9013510435375358e+00
   1.9013510435375358e+00
   1.9013510435375358e+00
   1.9013510435375358e+00
   1.9013510435375358e+00
   1.9013510435375358e+00
   1.9811509506288350e+00
   1.9811509506288350e+00
   1.9811509506288350e+00
   1.9811509506288350e+00
   1.9811509506288350e+00
   1.9811509506288350e+00
   1.9811509506288350e+00
   1.9811509506288350e+00
   1.9811509506288350e+00
   1.9811509506288350e+00
   1.9811509506288350e+00
   1.9811509506288350e+00
   1.9811509506288350e+00
   1.9811509506288350e+00
   1.9811509506288350e+00
   1.9811509506288350e+00
   1.9811509506288350e+00
   1.9811509506288350e+00
   1.9811509506288350e+00
   1.9811509506288350e+00
   1.9811509506288350e+00
   1.9811509506288350e+00
   1.9811509506288350e+00
   1.9811509506288350e+00
   1.9811509506288350e+00
   1.9811509506288350e+00
   1.9811509506288350e+00
   1.9811509506288350e+00
   1.9811509506288350e+00
   1.9811509506288350e+00
   1.9811509506288350e+00
   1.9811509506288350e+00
