   2.8626514e-02
  -4.8798332e-02
   6.0997485e-02
  -6.8692275e-02
   7.2773511e-02
  -7.3638630e-02
   7.1557886e-02
  -6.6785433e-02
   5.9600301e-02
  -5.0321120e-02
   3.9308668e-02
  -2.6961815e-02
   1.3709467e-02
   6.5139737e-02
  -1.0352835e-01
   1.1113332e-01
  -9.5670798e-02
   6.2371917e-02
  -1.7947227e-02
  -2.9645965e-02
   7.2231079e-02
  -1.0263531e-01
   1.1580430e-01
  -1.0959237e-01
   8.5086200e-02
  -4.6403828e-02
   9.8198401e-02
  -1.3633610e-01
   1.0183847e-01
  -2.2141573e-02
  -6.7254994e-02
   1.2948455e-01
  -1.3950322e-01
   9.3469584e-02
  -9.9663583e-03
  -7.7555088e-02
   1.3414670e-01
  -1.3726387e-01
   8.5695441e-02
   1.2596823e-01
  -1.4014995e-01
   3.3496337e-02
   1.0029091e-01
  -1.6153808e-01
   1.0591047e-01
   2.6197400e-02
  -1.3957847e-01
   1.5275257e-01
  -5.6302048e-02
  -8.0556791e-02
   1.5969853e-01
  -1.2441621e-01
   1.4694814e-01
  -1.1415111e-01
  -6.5152489e-02
   1.7386924e-01
  -8.9176543e-02
  -9.4776195e-02
   1.7403123e-01
  -6.0840685e-02
  -1.1966926e-01
   1.6804153e-01
  -3.0837832e-02
  -1.4044558e-01
   1.5671118e-01
   1.6000637e-01
  -6.3869025e-02
  -1.5038905e-01
   1.3338833e-01
   9.0327375e-02
  -1.7519360e-01
  -9.9978870e-03
   1.7995246e-01
  -7.2777033e-02
  -1.4653416e-01
   1.4025399e-01
   8.1987450e-02
  -1.7803374e-01
   1.6443878e-01
  -4.5801958e-17
  -1.8384815e-01
   1.0494547e-16
   1.8499363e-01
  -1.6444514e-16
  -1.8527889e-01
   2.2403564e-16
   1.8539020e-01
  -2.8366176e-16
  -1.8544472e-01
   3.4330537e-16
   1.8547538e-01
   1.6000637e-01
   6.3869025e-02
  -1.5038905e-01
  -1.3338833e-01
   9.0327375e-02
   1.7519360e-01
  -9.9978870e-03
  -1.7995246e-01
  -7.2777033e-02
   1.4653416e-01
   1.4025399e-01
  -8.1987450e-02
  -1.7803374e-01
   1.4694814e-01
   1.1415111e-01
  -6.5152489e-02
  -1.7386924e-01
  -8.9176543e-02
   9.4776195e-02
   1.7403123e-01
   6.0840685e-02
  -1.1966926e-01
  -1.6804153e-01
  -3.0837832e-02
   1.4044558e-01
   1.5671118e-01
   1.2596823e-01
   1.4014995e-01
   3.3496337e-02
  -1.0029091e-01
  -1.6153808e-01
  -1.0591047e-01
   2.6197400e-02
   1.3957847e-01
   1.5275257e-01
   5.6302048e-02
  -8.0556791e-02
  -1.5969853e-01
  -1.2441621e-01
   9.8198401e-02
   1.3633610e-01
   1.0183847e-01
   2.2141573e-02
  -6.7254994e-02
  -1.2948455e-01
  -1.3950322e-01
  -9.3469584e-02
  -9.9663583e-03
   7.7555088e-02
   1.3414670e-01
   1.3726387e-01
   8.5695441e-02
   6.5139737e-02
   1.0352835e-01
   1.1113332e-01
   9.5670798e-02
   6.2371917e-02
   1.7947227e-02
  -2.9645965e-02
  -7.2231079e-02
  -1.0263531e-01
  -1.1580430e-01
  -1.0959237e-01
  -8.5086200e-02
  -4.6403828e-02
   2.8626514e-02
   4.8798332e-02
   6.0997485e-02
   6.8692275e-02
   7.2773511e-02
   7.3638630e-02
   7.1557886e-02
   6.6785433e-02
   5.9600301e-02
   5.0321120e-02
   3.9308668e-02
   2.6961815e-02
   1.3709467e-02
  -6.2110678e-03
   1.3668698e-02
  -2.2328003e-02
   3.1642491e-02
  -4.1121960e-02
   5.0314271e-02
  -5.8802663e-02
   6.6210054e-02
  -7.2205989e-02
   7.6514152e-02
  -7.8919310e-02
   7.9273005e-02
  -3.1713070e-02
   6.5069270e-02
  -9.5222248e-02
   1.1531246e-01
  -1.2053399e-01
   1.0879902e-01
  -8.1030398e-02
   4.0989695e-02
   5.3530990e-03
  -5.0814278e-02
   8.8195590e-02
  -1.1149127e-01
  -7.1907039e-02
   1.2888496e-01
  -1.4882834e-01
   1.1820624e-01
  -4.4947742e-02
  -4.4815795e-02
   1.1722571e-01
  -1.4431282e-01
   1.1535884e-01
  -4.1453309e-02
  -4.8619445e-02
   1.1958129e-01
  -1.1824123e-01
   1.6983423e-01
  -1.1757964e-01
  -1.1618175e-02
   1.3168237e-01
  -1.5941240e-01
   7.5082934e-02
   6.2088759e-02
  -1.5512740e-01
   1.3801203e-01
  -2.2831784e-02
  -1.0853430e-01
  -1.6085830e-01
   1.6131840e-01
  -8.6199853e-04
  -1.5726682e-01
   1.4410752e-01
   2.5876164e-02
  -1.6708872e-01
   1.2493691e-01
   5.4289042e-02
  -1.7370610e-01
   1.0204469e-01
   8.1846983e-02
  -1.9069198e-01
   9.8267480e-02
   1.3100734e-01
  -1.5815671e-01
  -5.5805051e-02
   1.8339738e-01
  -2.9542454e-02
  -1.6936376e-01
   1.0793314e-01
   1.1927648e-01
  -1.6301016e-01
  -4.3886023e-02
  -2.0139555e-01
   7.2419254e-17
   1.8838829e-01
  -1.3304267e-16
  -1.8669867e-01
   1.9309444e-16
   1.8616752e-01
  -2.5297185e-16
  -1.8593467e-01
   3.1277353e-16
   1.8581230e-01
  -3.7253557e-16
  -1.9069198e-01
  -9.8267480e-02
   1.3100734e-01
   1.5815671e-01
  -5.5805051e-02
  -1.8339738e-01
  -2.9542454e-02
   1.6936376e-01
   1.0793314e-01
  -1.1927648e-01
  -1.6301016e-01
   4.3886023e-02
  -1.6085830e-01
  -1.6131840e-01
  -8.6199853e-04
   1.5726682e-01
   1.4410752e-01
  -2.5876164e-02
  -1.6708872e-01
  -1.2493691e-01
   5.4289042e-02
   1.7370610e-01
   1.0204469e-01
  -8.1846983e-02
  -1.1824123e-01
  -1.6983423e-01
  -1.1757964e-01
   1.1618175e-02
   1.3168237e-01
   1.5941240e-01
   7.5082934e-02
  -6.2088759e-02
  -1.5512740e-01
  -1.3801203e-01
  -2.2831784e-02
   1.0853430e-01
  -7.1907039e-02
  -1.2888496e-01
  -1.4882834e-01
  -1.1820624e-01
  -4.4947742e-02
   4.4815795e-02
   1.1722571e-01
   1.4431282e-01
   1.1535884e-01
   4.1453309e-02
  -4.8619445e-02
  -1.1958129e-01
  -3.1713070e-02
  -6.5069270e-02
  -9.5222248e-02
  -1.1531246e-01
  -1.2053399e-01
  -1.0879902e-01
  -8.1030398e-02
  -4.0989695e-02
   5.3530990e-03
   5.0814278e-02
   8.8195590e-02
   1.1149127e-01
  -6.2110678e-03
  -1.3668698e-02
  -2.2328003e-02
  -3.1642491e-02
  -4.1121960e-02
  -5.0314271e-02
  -5.8802663e-02
  -6.6210054e-02
  -7.2205989e-02
  -7.6514152e-02
  -7.8919310e-02
  -7.9273005e-02
   1.2301936e-03
  -3.2033055e-03
   6.1582245e-03
  -1.0124024e-02
   1.5067380e-02
  -2.0899700e-02
   2.7482552e-02
  -3.4633786e-02
   4.2134737e-02
  -4.9738479e-02
   5.7178966e-02
   1.4094184e-02
  -3.4216975e-02
   5.9734655e-02
  -8.6586711e-02
   1.0979828e-01
  -1.2446465e-01
   1.2670959e-01
  -1.1447836e-01
   8.8028389e-02
  -5.0026457e-02
   5.2263059e-03
   4.8067083e-02
  -1.0193953e-01
   1.4559953e-01
  -1.5680555e-01
   1.2394817e-01
  -5.2410705e-02
  -3.6142121e-02
   1.1140487e-01
  -1.4607861e-01
   1.2688186e-01
  -6.0412200e-02
   1.0131791e-01
  -1.7218945e-01
   1.6568579e-01
  -6.7913196e-02
  -6.9094773e-02
   1.5926684e-01
  -1.4247988e-01
   2.9218701e-02
   1.0356023e-01
  -1.6427895e-01
   1.1056110e-01
   1.6074307e-01
  -1.9073778e-01
   5.6799512e-02
   1.2543392e-01
  -1.7422292e-01
   3.9137843e-02
   1.3635305e-01
  -1.6413242e-01
   1.4347355e-02
   1.5050375e-01
  -1.5110647e-01
   2.0746124e-01
  -1.2649646e-01
  -1.1287071e-01
   1.7634724e-01
   2.3980017e-02
  -1.8515886e-01
   6.4221023e-02
   1.5363984e-01
  -1.3611023e-01
  -8.9387698e-02
   1.7751098e-01
   2.2516707e-01
  -9.5801668e-17
  -1.9500041e-01
   1.5886909e-16
   1.8985437e-01
  -2.1999863e-16
  -1.8801998e-01
   2.8049226e-16
   1.8715393e-01
  -3.4069465e-16
  -1.8667588e-01
   2.0746124e-01
   1.2649646e-01
  -1.1287071e-01
  -1.7634724e-01
   2.3980017e-02
   1.8515886e-01
   6.4221023e-02
  -1.5363984e-01
  -1.3611023e-01
   8.9387698e-02
   1.7751098e-01
   1.6074307e-01
   1.9073778e-01
   5.6799512e-02
  -1.2543392e-01
  -1.7422292e-01
  -3.9137843e-02
   1.3635305e-01
   1.6413242e-01
   1.4347355e-02
  -1.5050375e-01
  -1.5110647e-01
   1.0131791e-01
   1.7218945e-01
   1.6568579e-01
   6.7913196e-02
  -6.9094773e-02
  -1.5926684e-01
  -1.4247988e-01
  -2.9218701e-02
   1.0356023e-01
   1.6427895e-01
   1.1056110e-01
   4.8067083e-02
   1.0193953e-01
   1.4559953e-01
   1.5680555e-01
   1.2394817e-01
   5.2410705e-02
  -3.6142121e-02
  -1.1140487e-01
  -1.4607861e-01
  -1.2688186e-01
  -6.0412200e-02
   1.4094184e-02
   3.4216975e-02
   5.9734655e-02
   8.6586711e-02
   1.0979828e-01
   1.2446465e-01
   1.2670959e-01
   1.1447836e-01
   8.8028389e-02
   5.0026457e-02
   5.2263059e-03
   1.2301936e-03
   3.2033055e-03
   6.1582245e-03
   1.0124024e-02
   1.5067380e-02
   2.0899700e-02
   2.7482552e-02
   3.4633786e-02
   4.2134737e-02
   4.9738479e-02
   5.7178966e-02
  -2.3539597e-04
   6.9501817e-04
  -1.5063109e-03
   2.7687254e-03
  -4.5713287e-03
   6.9872875e-03
  -1.0068656e-02
   1.3841970e-02
  -1.8304840e-02
   2.3423694e-02
  -6.0514576e-03
   1.6658423e-02
  -3.3005201e-02
   5.4286015e-02
  -7.8318301e-02
   1.0180007e-01
  -1.2081105e-01
   1.3148478e-01
  -1.3073559e-01
   1.1690821e-01
  -3.1041487e-02
   7.4646528e-02
  -1.2309950e-01
   1.5802305e-01
  -1.6157292e-01
   1.2476404e-01
  -5.2888342e-02
  -3.4573520e-02
   1.1000275e-01
  -1.4761753e-01
  -8.3872950e-02
   1.6162720e-01
  -1.8870802e-01
   1.2942870e-01
  -2.5176276e-03
  -1.2273894e-01
   1.6946580e-01
  -1.0659670e-01
  -2.5872940e-02
   1.4023586e-01
  -1.5518132e-01
   2.0879309e-01
  -1.0426245e-01
  -8.5558037e-02
   1.8475316e-01
  -9.4979242e-02
  -9.1511432e-02
   1.7983890e-01
  -7.6739935e-02
  -1.0769500e-01
  -2.1805191e-01
   1.5075563e-01
   9.4377248e-02
  -1.8953164e-01
   5.8950986e-03
   1.8190924e-01
  -9.4592489e-02
  -1.3419240e-01
   1.5803352e-01
   5.8197697e-02
  -2.4320824e-01
   1.1733260e-16
   2.0165762e-01
  -1.8318547e-16
  -1.9347097e-01
   2.4563777e-16
   1.9031020e-01
  -3.0692678e-16
  -1.8873866e-01
   3.6766561e-16
  -2.1805191e-01
  -1.5075563e-01
   9.4377248e-02
   1.8953164e-01
   5.8950986e-03
  -1.8190924e-01
  -9.4592489e-02
   1.3419240e-01
   1.5803352e-01
  -5.8197697e-02
  -1.5518132e-01
  -2.0879309e-01
  -1.0426245e-01
   8.5558037e-02
   1.8475316e-01
   9.4979242e-02
  -9.1511432e-02
  -1.7983890e-01
  -7.6739935e-02
   1.0769500e-01
  -8.3872950e-02
  -1.6162720e-01
  -1.8870802e-01
  -1.2942870e-01
  -2.5176276e-03
   1.2273894e-01
   1.6946580e-01
   1.0659670e-01
  -2.5872940e-02
  -1.4023586e-01
  -3.1041487e-02
  -7.4646528e-02
  -1.2309950e-01
  -1.5802305e-01
  -1.6157292e-01
  -1.2476404e-01
  -5.2888342e-02
   3.4573520e-02
   1.1000275e-01
   1.4761753e-01
  -6.0514576e-03
  -1.6658423e-02
  -3.3005201e-02
  -5.4286015e-02
  -7.8318301e-02
  -1.0180007e-01
  -1.2081105e-01
  -1.3148478e-01
  -1.3073559e-01
  -1.1690821e-01
  -2.3539597e-04
  -6.9501817e-04
  -1.5063109e-03
  -2.7687254e-03
  -4.5713287e-03
  -6.9872875e-03
  -1.0068656e-02
  -1.3841970e-02
  -1.8304840e-02
  -2.3423694e-02
   4.4231071e-05
  -1.4437756e-04
   3.4429164e-04
  -6.9243560e-04
   1.2442924e-03
  -2.0601849e-03
   3.2025145e-03
  -4.7325930e-03
   6.7072109e-03
   2.5514256e-03
  -7.7648290e-03
   1.6994843e-02
  -3.0849001e-02
   4.9130288e-02
  -7.0659783e-02
   9.3275321e-02
  -1.1403341e-01
   1.2959980e-01
   1.9685214e-02
  -5.2333806e-02
   9.6300425e-02
  -1.4006768e-01
   1.6747172e-01
  -1.6378160e-01
   1.2239045e-01
  -4.9238039e-02
  -3.7295840e-02
   6.8180545e-02
  -1.4525400e-01
   1.9452066e-01
  -1.7168766e-01
   6.9750917e-02
   6.6171144e-02
  -1.6083242e-01
   1.5645859e-01
  -5.4073337e-02
   1.4711247e-01
  -2.1882717e-01
   1.4382185e-01
   4.2135750e-02
  -1.7992525e-01
   1.3913212e-01
   3.9914446e-02
  -1.7531177e-01
   1.2720228e-01
   2.2505345e-01
  -1.7201820e-01
  -7.5440490e-02
   1.9864288e-01
  -3.3984269e-02
  -1.7465921e-01
   1.2095263e-01
   1.1209508e-01
  -1.7427981e-01
   2.5796129e-01
  -1.3758467e-16
  -2.0797504e-01
   2.0637701e-16
   1.9719702e-01
  -2.7028910e-16
  -1.9279802e-01
   3.3248393e-16
   1.9052527e-01
   2.2505345e-01
   1.7201820e-01
  -7.5440490e-02
  -1.9864288e-01
  -3.3984269e-02
   1.7465921e-01
   1.2095263e-01
  -1.1209508e-01
  -1.7427981e-01
   1.4711247e-01
   2.1882717e-01
   1.4382185e-01
  -4.2135750e-02
  -1.7992525e-01
  -1.3913212e-01
   3.9914446e-02
   1.7531177e-01
   1.2720228e-01
   6.8180545e-02
   1.4525400e-01
   1.9452066e-01
   1.7168766e-01
   6.9750917e-02
  -6.6171144e-02
  -1.6083242e-01
  -1.5645859e-01
  -5.4073337e-02
   1.9685214e-02
   5.2333806e-02
   9.6300425e-02
   1.4006768e-01
   1.6747172e-01
   1.6378160e-01
   1.2239045e-01
   4.9238039e-02
  -3.7295840e-02
   2.5514256e-03
   7.7648290e-03
   1.6994843e-02
   3.0849001e-02
   4.9130288e-02
   7.0659783e-02
   9.3275321e-02
   1.1403341e-01
   1.2959980e-01
   4.4231071e-05
   1.4437756e-04
   3.4429164e-04
   6.9243560e-04
   1.2442924e-03
   2.0601849e-03
   3.2025145e-03
   4.7325930e-03
   6.7072109e-03
  -8.2181862e-06
   2.9162418e-05
  -7.5313841e-05
   1.6337387e-04
  -3.1542199e-04
   5.5911459e-04
  -9.2754014e-04
   1.4587102e-03
  -1.0637165e-03
   3.5192509e-03
  -8.3638626e-03
   1.6467430e-02
  -2.8434349e-02
   4.4364752e-02
  -6.3660239e-02
   8.4927731e-02
  -1.2344055e-02
   3.5675934e-02
  -7.1755294e-02
   1.1507077e-01
  -1.5412830e-01
   1.7444703e-01
  -1.6376431e-01
   1.1759629e-01
  -5.4804863e-02
   1.2692935e-01
  -1.8907771e-01
   1.9669833e-01
  -1.2585801e-01
  -2.4379469e-03
   1.2590745e-01
  -1.7539093e-01
  -1.3790487e-01
   2.2300094e-01
  -1.7606127e-01
   1.8622809e-03
   1.6335518e-01
  -1.7077196e-01
   1.2934596e-02
   1.5460342e-01
  -2.2968443e-01
   1.9085151e-01
   5.6209735e-02
  -2.0433099e-01
   6.0298954e-02
   1.6418566e-01
  -1.4351194e-01
  -8.8199538e-02
  -2.7055208e-01
   1.5687066e-16
   2.1389020e-01
  -2.2867632e-16
  -2.0089094e-01
   2.9413249e-16
   1.9536308e-01
  -3.5730675e-16
  -2.2968443e-01
  -1.9085151e-01
   5.6209735e-02
   2.0433099e-01
   6.0298954e-02
  -1.6418566e-01
  -1.4351194e-01
   8.8199538e-02
  -1.3790487e-01
  -2.2300094e-01
  -1.7606127e-01
  -1.8622809e-03
   1.6335518e-01
   1.7077196e-01
   1.2934596e-02
  -1.5460342e-01
  -5.4804863e-02
  -1.2692935e-01
  -1.8907771e-01
  -1.9669833e-01
  -1.2585801e-01
   2.4379469e-03
   1.2590745e-01
   1.7539093e-01
  -1.2344055e-02
  -3.5675934e-02
  -7.1755294e-02
  -1.1507077e-01
  -1.5412830e-01
  -1.7444703e-01
  -1.6376431e-01
  -1.1759629e-01
  -1.0637165e-03
  -3.5192509e-03
  -8.3638626e-03
  -1.6467430e-02
  -2.8434349e-02
  -4.4364752e-02
  -6.3660239e-02
  -8.4927731e-02
  -8.2181862e-06
  -2.9162418e-05
  -7.5313841e-05
  -1.6337387e-04
  -3.1542199e-04
  -5.5911459e-04
  -9.2754014e-04
  -1.4587102e-03
   1.5153369e-06
  -5.7760470e-06
   1.5974534e-05
  -3.6993197e-05
   7.6018577e-05
  -1.4302704e-04
   2.5121701e-04
   4.4010227e-04
  -1.5640545e-03
   3.9881491e-03
  -8.4158235e-03
   1.5564887e-02
  -2.6011135e-02
   4.0006193e-02
   7.6817514e-03
  -2.3847987e-02
   5.1702846e-02
  -8.9862126e-02
   1.3166809e-01
  -1.6579681e-01
   1.7920116e-01
   4.3718216e-02
  -1.0876254e-01
   1.7676955e-01
  -2.0765329e-01
   1.6830406e-01
  -5.9462300e-02
  -7.4779508e-02
   1.2829048e-01
  -2.2284120e-01
   2.0164426e-01
  -4.4457141e-02
  -1.3814178e-01
   1.9013109e-01
  -6.3041306e-02
   2.3262808e-01
  -2.0763480e-01
  -3.6856881e-02
   2.0708994e-01
  -8.4815293e-02
  -1.5111503e-01
   1.6245461e-01
   2.8159954e-01
  -1.7538673e-16
  -2.1942059e-01
   2.5023909e-16
   2.0449318e-01
  -3.1729391e-16
  -1.9794146e-01
   2.3262808e-01
   2.0763480e-01
  -3.6856881e-02
  -2.0708994e-01
  -8.4815293e-02
   1.5111503e-01
   1.6245461e-01
   1.2829048e-01
   2.2284120e-01
   2.0164426e-01
   4.4457141e-02
  -1.3814178e-01
  -1.9013109e-01
  -6.3041306e-02
   4.3718216e-02
   1.0876254e-01
   1.7676955e-01
   2.0765329e-01
   1.6830406e-01
   5.9462300e-02
  -7.4779508e-02
   7.6817514e-03
   2.3847987e-02
   5.1702846e-02
   8.9862126e-02
   1.3166809e-01
   1.6579681e-01
   1.7920116e-01
   4.4010227e-04
   1.5640545e-03
   3.9881491e-03
   8.4158235e-03
   1.5564887e-02
   2.6011135e-02
   4.0006193e-02
   1.5153369e-06
   5.7760470e-06
   1.5974534e-05
   3.6993197e-05
   7.6018577e-05
   1.4302704e-04
   2.5121701e-04
  -2.7787085e-07
   1.1275695e-06
  -3.3115872e-06
   8.1234906e-06
  -1.7640920e-05
   3.4997631e-05
  -1.8108475e-04
   6.8510791e-04
  -1.8577400e-03
   4.1648674e-03
  -8.1780649e-03
   1.4505766e-02
  -4.7540443e-03
   1.5712074e-02
  -3.6350179e-02
   6.7666523e-02
  -1.0682417e-01
   1.4638814e-01
  -3.4682175e-02
   9.1854846e-02
  -1.6073171e-01
   2.0791663e-01
  -1.9707792e-01
   1.1395094e-01
  -1.1868882e-01
   2.1947735e-01
  -2.2127546e-01
   8.4355537e-02
   1.0690992e-01
  -1.9808985e-01
  -2.3431132e-01
   2.2264355e-01
   1.7533546e-02
  -2.0731536e-01
   1.0751013e-01
   1.3596729e-01
  -2.9148321e-01
   1.9326676e-16
   2.2460290e-01
  -2.7117676e-16
  -2.0797988e-01
   3.3986651e-16
  -2.3431132e-01
  -2.2264355e-01
   1.7533546e-02
   2.0731536e-01
   1.0751013e-01
  -1.3596729e-01
  -1.1868882e-01
  -2.1947735e-01
  -2.2127546e-01
  -8.4355537e-02
   1.0690992e-01
   1.9808985e-01
  -3.4682175e-02
  -9.1854846e-02
  -1.6073171e-01
  -2.0791663e-01
  -1.9707792e-01
  -1.1395094e-01
  -4.7540443e-03
  -1.5712074e-02
  -3.6350179e-02
  -6.7666523e-02
  -1.0682417e-01
  -1.4638814e-01
  -1.8108475e-04
  -6.8510791e-04
  -1.8577400e-03
  -4.1648674e-03
  -8.1780649e-03
  -1.4505766e-02
  -2.7787085e-07
  -1.1275695e-06
  -3.3115872e-06
  -8.1234906e-06
  -1.7640920e-05
  -3.4997631e-05
   5.0741071e-08
  -2.1767689e-07
   6.7446568e-07
  -1.7419554e-06
   3.9750580e-06
   7.4198137e-05
  -2.9677167e-04
   8.4991892e-04
  -2.0107196e-03
   4.1636810e-03
   2.9298747e-03
  -1.0236976e-02
   2.5080512e-02
  -4.9570871e-02
   8.3428610e-02
   2.7398897e-02
  -7.6715155e-02
   1.4312806e-01
  -2.0055009e-01
   2.1354991e-01
   1.0934730e-01
  -2.1376681e-01
   2.3566112e-01
  -1.2075226e-01
  -7.1849496e-02
   2.3502132e-01
  -2.3608938e-01
   1.6351908e-03
   2.0533520e-01
  -1.2837183e-01
   3.0045402e-01
  -2.1060757e-16
  -2.2947555e-01
   2.9157298e-16
   2.1134365e-01
   2.3502132e-01
   2.3608938e-01
   1.6351908e-03
  -2.0533520e-01
  -1.2837183e-01
   1.0934730e-01
   2.1376681e-01
   2.3566112e-01
   1.2075226e-01
  -7.1849496e-02
   2.7398897e-02
   7.6715155e-02
   1.4312806e-01
   2.0055009e-01
   2.1354991e-01
   2.9298747e-03
   1.0236976e-02
   2.5080512e-02
   4.9570871e-02
   8.3428610e-02
   7.4198137e-05
   2.9677167e-04
   8.4991892e-04
   2.0107196e-03
   4.1636810e-03
   5.0741071e-08
   2.1767689e-07
   6.7446568e-07
   1.7419554e-06
   3.9750580e-06
  -9.2353286e-09
   4.1652194e-08
  -1.3544529e-07
   3.6650776e-07
  -3.0302621e-05
   1.2742144e-04
  -3.8331431e-04
   9.5182341e-04
  -1.7997449e-03
   6.6109891e-03
  -1.7049603e-02
   3.5540391e-02
  -2.1574261e-02
   6.3506306e-02
  -1.2539332e-01
   1.8812523e-01
  -1.0041125e-01
   2.0637042e-01
  -2.4548192e-01
   1.5319389e-01
  -2.3496184e-01
   2.4814148e-01
  -2.0548500e-02
  -2.0142783e-01
  -3.0868716e-01
   2.2748218e-16
   2.3407363e-01
  -3.1149280e-16
  -2.3496184e-01
  -2.4814148e-01
  -2.0548500e-02
   2.0142783e-01
  -1.0041125e-01
  -2.0637042e-01
  -2.4548192e-01
  -1.5319389e-01
  -2.1574261e-02
  -6.3506306e-02
  -1.2539332e-01
  -1.8812523e-01
  -1.7997449e-03
  -6.6109891e-03
  -1.7049603e-02
  -3.5540391e-02
  -3.0302621e-05
  -1.2742144e-04
  -3.8331431e-04
  -9.5182341e-04
  -9.2353286e-09
  -4.1652194e-08
  -1.3544529e-07
  -3.6650776e-07
   1.6764831e-09
  -7.9129602e-09
   2.6889159e-08
   1.2343022e-05
  -5.4317287e-05
   1.7087266e-04
   1.1026228e-03
  -4.2387394e-03
   1.1451462e-02
   1.6943099e-02
  -5.2194898e-02
   1.0842986e-01
   9.1962508e-02
  -1.9780176e-01
   2.5137637e-01
   2.3428340e-01
  -2.5893921e-01
   3.9125907e-02
   3.1631021e-01
  -2.4394746e-16
  -2.3842779e-01
   2.3428340e-01
   2.5893921e-01
   3.9125907e-02
   9.1962508e-02
   1.9780176e-01
   2.5137637e-01
   1.6943099e-02
   5.2194898e-02
   1.0842986e-01
   1.1026228e-03
   4.2387394e-03
   1.1451462e-02
   1.2343022e-05
   5.4317287e-05
   1.7087266e-04
   1.6764831e-09
   7.9129602e-09
   2.6889159e-08
  -3.0367143e-10
   1.4943414e-09
  -5.0167301e-06
   2.3016717e-05
  -6.7406363e-04
   2.7015732e-03
  -1.3277237e-02
   4.2643123e-02
  -8.4042151e-02
   1.8846148e-01
  -2.3310072e-01
   2.6860000e-01
  -3.2341919e-01
   2.6004887e-16
  -2.3310072e-01
  -2.6860000e-01
  -8.4042151e-02
  -1.8846148e-01
  -1.3277237e-02
  -4.2643123e-02
  -6.7406363e-04
  -2.7015732e-03
  -5.0167301e-06
  -2.3016717e-05
  -3.0367143e-10
  -1.4943414e-09
   5.4906086e-11
   2.0353157e-06
   4.1132645e-04
   1.0385667e-02
   7.6664678e-02
   2.3150349e-01
   3.3008833e-01
   2.3150349e-01
   7.6664678e-02
   1.0385667e-02
   4.1132645e-04
   2.0353157e-06
   5.4906086e-11
