   7.0710678e-01
   7.0710678e-01
   7.0710678e-01
   7.0710678e-01
   7.0710678e-01
   7.0710678e-01
   7.0710678e-01
   7.0710678e-01
   7.0710678e-01
   7.0710678e-01
   7.0710678e-01
   7.0710678e-01
   7.0710678e-01
  -1.2053731e+00
  -1.1238239e+00
  -9.8172866e-01
  -7.8671406e-01
  -5.4928920e-01
  -2.8225264e-01
  -1.9695400e-16
   2.8225264e-01
   5.4928920e-01
   7.8671406e-01
   9.8172866e-01
   1.1238239e+00
   1.2053731e+00
   1.5067058e+00
   1.2063777e+00
   7.3331820e-01
   1.8802747e-01
  -3.1351039e-01
  -6.6460553e-01
  -7.9056942e-01
  -6.6460553e-01
  -3.1351039e-01
   1.8802747e-01
   7.3331820e-01
   1.2063777e+00
   1.5067058e+00
  -1.6967757e+00
  -1.0385284e+00
  -1.5943698e-01
   5.6297036e-01
   8.3664975e-01
   5.8947525e-01
   4.5127830e-16
  -5.8947525e-01
  -8.3664975e-01
  -5.6297036e-01
   1.5943698e-01
   1.0385284e+00
   1.6967757e+00
   1.7975868e+00
   6.7706145e-01
  -4.8428958e-01
  -9.0677364e-01
  -4.2911288e-01
   3.9917848e-01
   7.9549513e-01
   3.9917848e-01
  -4.2911288e-01
  -9.0677364e-01
  -4.8428958e-01
   6.7706145e-01
   1.7975868e+00
  -1.8189562e+00
  -1.9482126e-01
   9.3239199e-01
   5.9451506e-01
  -4.5605811e-01
  -7.7422281e-01
  -7.0713411e-16
   7.7422281e-01
   4.5605811e-01
  -5.9451506e-01
  -9.3239199e-01
   1.9482126e-01
   1.8189562e+00
   1.7675595e+00
  -3.2181375e-01
  -1.0045344e+00
   1.4705580e-01
   8.3742922e-01
  -4.4183076e-02
  -7.9672180e-01
  -4.4183076e-02
   8.3742922e-01
   1.4705580e-01
  -1.0045344e+00
  -3.2181375e-01
   1.7675595e+00
  -1.6496746e+00
   7.8408493e-01
   6.7305553e-01
  -7.8350614e-01
  -2.9276221e-01
   7.9525338e-01
   9.6338052e-16
  -7.9525338e-01
   2.9276221e-01
   7.8350614e-01
  -6.7305553e-01
  -7.8408493e-01
   1.6496746e+00
   1.4721938e+00
  -1.1141299e+00
  -7.1765726e-02
   8.5745727e-01
  -5.7584227e-01
  -3.2161928e-01
   7.9720045e-01
  -3.2161928e-01
  -5.7584227e-01
   8.5745727e-01
  -7.1765726e-02
  -1.1141299e+00
   1.4721938e+00
  -1.2429877e+00
   1.2570823e+00
  -5.5845847e-01
  -3.1604445e-01
   8.0860711e-01
  -6.4756985e-01
  -1.2197801e-15
   6.4756985e-01
  -8.0860711e-01
   3.1604445e-01
   5.5845847e-01
  -1.2570823e+00
   1.2429877e+00
   9.7096788e-01
  -1.1896503e+00
   9.6596316e-01
  -4.5219539e-01
  -1.4839004e-01
   6.1981624e-01
  -7.9743489e-01
   6.1981624e-01
  -1.4839004e-01
  -4.5219539e-01
   9.6596316e-01
  -1.1896503e+00
   9.7096788e-01
  -6.6598685e-01
   9.2363021e-01
  -9.8840929e-01
   8.9644754e-01
  -6.7581681e-01
   3.6232233e-01
   1.4762549e-15
  -3.6232233e-01
   6.7581681e-01
  -8.9644754e-01
   9.8840929e-01
  -9.2363021e-01
   6.6598685e-01
   3.3863909e-01
  -5.0372419e-01
   6.1707550e-01
  -6.9839468e-01
   7.5408602e-01
  -7.8677408e-01
   7.9756673e-01
  -7.8677408e-01
   7.5408602e-01
  -6.9839468e-01
   6.1707550e-01
  -5.0372419e-01
   3.3863909e-01
  -1.5342029e-01
  -3.4425264e-01
  -5.1778801e-01
  -6.6373225e-01
  -7.7404179e-01
  -8.4271390e-01
  -8.6602540e-01
  -8.4271390e-01
  -7.7404179e-01
  -6.6373225e-01
  -5.1778801e-01
  -3.4425264e-01
  -1.5342029e-01
   3.3763207e-01
   7.0634184e-01
   9.2807448e-01
   9.5334304e-01
   7.7625576e-01
   4.3426772e-01
   3.1141161e-16
  -4.3426772e-01
  -7.7625576e-01
  -9.5334304e-01
  -9.2807448e-01
  -7.0634184e-01
  -3.3763207e-01
  -5.5152654e-01
  -1.0336593e+00
  -1.0716827e+00
  -6.6001848e-01
  -4.1478920e-03
   5.7895307e-01
   8.1009259e-01
   5.7895307e-01
  -4.1478920e-03
  -6.6001848e-01
  -1.0716827e+00
  -1.0336593e+00
  -5.5152654e-01
   7.8160477e-01
   1.2517432e+00
   8.5117917e-01
  -6.5217159e-02
  -7.5675973e-01
  -6.9893268e-01
  -5.7209966e-16
   6.9893268e-01
   7.5675973e-01
   6.5217159e-02
  -8.5117917e-01
  -1.2517432e+00
  -7.8160477e-01
  -1.0157582e+00
  -1.3084241e+00
  -3.2365958e-01
   7.3918237e-01
   6.9343790e-01
  -2.4661599e-01
  -8.0282704e-01
  -2.4661599e-01
   6.9343790e-01
   7.3918237e-01
  -3.2365958e-01
  -1.3084241e+00
  -1.0157582e+00
   1.2428185e+00
   1.1810383e+00
  -3.2270946e-01
  -8.9484140e-01
   1.2451475e-01
   8.1047732e-01
   8.3032959e-16
  -8.1047732e-01
  -1.2451475e-01
   8.9484140e-01
   3.2270946e-01
  -1.1810383e+00
  -1.2428185e+00
  -1.4524913e+00
  -8.7960355e-01
   8.4411860e-01
   4.2146858e-01
  -8.0402220e-01
  -1.3055524e-01
   8.0054303e-01
  -1.3055524e-01
  -8.0402220e-01
   4.2146858e-01
   8.4411860e-01
  -8.7960355e-01
  -1.4524913e+00
   1.6354621e+00
   4.4495254e-01
  -1.0391673e+00
   3.4852742e-01
   6.0118990e-01
  -7.4845936e-01
  -1.0878098e-15
   7.4845936e-01
  -6.0118990e-01
  -3.4852742e-01
   1.0391673e+00
  -4.4495254e-01
  -1.6354621e+00
  -1.7835683e+00
   5.8109117e-02
   8.3067566e-01
  -8.7078808e-01
   2.6123604e-01
   4.7698262e-01
  -7.9954172e-01
   4.7698262e-01
   2.6123604e-01
  -8.7078808e-01
   8.3067566e-01
   5.8109117e-02
  -1.7835683e+00
   1.8899847e+00
  -5.5160064e-01
  -2.9849687e-01
   7.7471315e-01
  -8.3586471e-01
   5.2711157e-01
   1.3449643e-15
  -5.2711157e-01
   8.3586471e-01
  -7.7471315e-01
   2.9849687e-01
   5.5160064e-01
  -1.8899847e+00
  -1.9493948e+00
   9.5738335e-01
  -3.5009877e-01
  -1.2816334e-01
   4.9103375e-01
  -7.2038125e-01
   7.9901554e-01
  -7.2038125e-01
   4.9103375e-01
  -1.2816334e-01
  -3.5009877e-01
   9.5738335e-01
  -1.9493948e+00
   1.9581315e+00
  -1.2102633e+00
   8.6108066e-01
  -6.0924360e-01
   3.9384342e-01
  -1.9394293e-01
  -1.6019483e-15
   1.9394293e-01
  -3.9384342e-01
   6.0924360e-01
  -8.6108066e-01
   1.2102633e+00
  -1.9581315e+00
   3.0387151e-02
   1.5299560e-01
   3.4612132e-01
   5.6873533e-01
   7.7348730e-01
   9.1682130e-01
   9.6824584e-01
   9.1682130e-01
   7.7348730e-01
   5.6873533e-01
   3.4612132e-01
   1.5299560e-01
   3.0387151e-02
  -7.9125213e-02
  -3.7143311e-01
  -7.3404589e-01
  -9.6656377e-01
  -9.1782025e-01
  -5.5901839e-01
  -4.1195884e-16
   5.5901839e-01
   9.1782025e-01
   9.6656377e-01
   7.3404589e-01
   3.7143311e-01
   7.9125213e-02
   1.5211500e-01
   6.4843337e-01
   1.0484327e+00
   9.3005630e-01
   2.7331629e-01
  -4.9880292e-01
  -8.3852549e-01
  -4.9880292e-01
   2.7331629e-01
   9.3005630e-01
   1.0484327e+00
   6.4843337e-01
   1.5211500e-01
  -2.5007466e-01
  -9.3991860e-01
  -1.1291250e+00
  -3.8122216e-01
   6.0358149e-01
   7.7932102e-01
   6.8315645e-16
  -7.7932102e-01
  -6.0358149e-01
   3.8122216e-01
   1.1291250e+00
   9.3991860e-01
   2.5007466e-01
   3.7218106e-01
   1.1918855e+00
   8.9252568e-01
  -3.8785480e-01
  -8.3835162e-01
   1.0597349e-01
   8.1639690e-01
   1.0597349e-01
  -8.3835162e-01
  -3.8785480e-01
   8.9252568e-01
   1.1918855e+00
   3.7218106e-01
  -5.1624587e-01
  -1.3510924e+00
  -3.7739887e-01
   8.9402431e-01
   1.8832927e-01
  -8.1826172e-01
  -9.4602089e-16
   8.1826172e-01
  -1.8832927e-01
  -8.9402431e-01
   3.7739887e-01
   1.3510924e+00
   5.1624587e-01
   6.7884963e-01
   1.3754617e+00
  -2.6025209e-01
  -7.9979282e-01
   6.5612378e-01
   2.8380821e-01
  -8.0850883e-01
   2.8380821e-01
   6.5612378e-01
  -7.9979282e-01
  -2.6025209e-01
   1.3754617e+00
   6.7884963e-01
  -8.5549308e-01
  -1.2426888e+00
   8.0220387e-01
   1.6401549e-01
  -7.8979668e-01
   6.7897155e-01
   1.2061509e-15
  -6.7897155e-01
   7.8979668e-01
  -1.6401549e-01
  -8.0220387e-01
   1.2426888e+00
   8.5549308e-01
   1.0407749e+00
   9.5556834e-01
  -1.0518825e+00
   5.8132232e-01
   6.9038724e-02
  -6.0150395e-01
   8.0478468e-01
  -6.0150395e-01
   6.9038724e-02
   5.8132232e-01
  -1.0518825e+00
   9.5556834e-01
   1.0407749e+00
  -1.2285958e+00
  -5.4304866e-01
   9.1365052e-01
  -9.2215915e-01
   7.2421621e-01
  -3.9502582e-01
  -1.4650285e-15
   3.9502582e-01
  -7.2421621e-01
   9.2215915e-01
  -9.1365052e-01
   5.4304866e-01
   1.2285958e+00
   1.4123841e+00
   5.6732748e-02
  -4.3501601e-01
   6.2062081e-01
  -7.2711648e-01
   7.8446388e-01
  -8.0272903e-01
   7.8446388e-01
  -7.2711648e-01
   6.2062081e-01
  -4.3501601e-01
   5.6732748e-02
   1.4123841e+00
  -5.8145426e-03
  -6.5689959e-02
  -2.2352346e-01
  -4.7081023e-01
  -7.4672443e-01
  -9.6362402e-01
  -1.0458250e+00
  -9.6362402e-01
  -7.4672443e-01
  -4.7081023e-01
  -2.2352346e-01
  -6.5689959e-02
  -5.8145426e-03
   1.7167723e-02
   1.8083100e-01
   5.3751452e-01
   9.0727392e-01
   1.0047015e+00
   6.6622550e-01
   5.0454448e-16
  -6.6622550e-01
  -1.0047015e+00
  -9.0727392e-01
  -5.3751452e-01
  -1.8083100e-01
  -1.7167723e-02
  -3.7207558e-02
  -3.5827903e-01
  -8.8641451e-01
  -1.0592886e+00
  -5.0170547e-01
   4.1707584e-01
   8.6715231e-01
   4.1707584e-01
  -5.0170547e-01
  -1.0592886e+00
  -8.8641451e-01
  -3.5827903e-01
  -3.7207558e-02
   6.8390600e-02
   5.8928714e-01
   1.1378920e+00
   7.2653169e-01
  -4.1170082e-01
  -8.3758607e-01
  -7.8771981e-16
   8.3758607e-01
   4.1170082e-01
  -7.2653169e-01
  -1.1378920e+00
  -5.8928714e-01
  -6.8390600e-02
  -1.1291691e-01
  -8.5016311e-01
  -1.1634538e+00
  -1.4132385e-02
   8.8902260e-01
   2.6051864e-02
  -8.3194872e-01
   2.6051864e-02
   8.8902260e-01
  -1.4132385e-02
  -1.1634538e+00
  -8.5016311e-01
  -1.1291691e-01
   1.7259378e-01
   1.1050631e+00
   8.9840057e-01
  -6.8897954e-01
  -4.5703517e-01
   8.0390083e-01
   1.0562723e-15
  -8.0390083e-01
   4.5703517e-01
   6.8897954e-01
  -8.9840057e-01
  -1.1050631e+00
  -1.7259378e-01
  -2.4870702e-01
  -1.3114316e+00
  -3.8083823e-01
   9.5127490e-01
  -4.4034825e-01
  -4.1802704e-01
   8.1835704e-01
  -4.1802704e-01
  -4.4034825e-01
   9.5127490e-01
  -3.8083823e-01
  -1.3114316e+00
  -2.4870702e-01
   3.4191207e-01
   1.4272974e+00
  -2.4895691e-01
  -5.9836712e-01
   8.6537544e-01
  -5.9302861e-01
  -1.3198225e-15
   5.9302861e-01
  -8.6537544e-01
   5.9836712e-01
   2.4895691e-01
  -1.4272974e+00
  -3.4191207e-01
  -4.5214992e-01
  -1.4191648e+00
   7.9210751e-01
  -1.4523449e-01
  -3.6926857e-01
   6.9838826e-01
  -8.1159923e-01
   6.9838826e-01
  -3.6926857e-01
  -1.4523449e-01
   7.9210751e-01
  -1.4191648e+00
  -4.5214992e-01
   5.7859132e-01
   1.2690654e+00
  -1.0629639e+00
   7.8719631e-01
  -5.1822272e-01
   2.5718967e-01
   1.5810069e-15
  -2.5718967e-01
   5.1822272e-01
  -7.8719631e-01
   1.0629639e+00
  -1.2690654e+00
  -5.7859132e-01
   1.0925567e-03
   2.7696310e-02
   1.4174924e-01
   3.8272289e-01
   7.0789753e-01
   9.9456553e-01
   1.1092650e+00
   9.9456553e-01
   7.0789753e-01
   3.8272289e-01
   1.4174924e-01
   2.7696310e-02
   1.0925567e-03
  -3.5662864e-03
  -8.4288999e-02
  -3.7684513e-01
  -8.1536499e-01
  -1.0529850e+00
  -7.6018996e-01
  -5.9163084e-16
   7.6018996e-01
   1.0529850e+00
   8.1536499e-01
   3.7684513e-01
   8.4288999e-02
   3.5662864e-03
   8.5043870e-03
   1.8448292e-01
   6.9343984e-01
   1.0919172e+00
   6.9206326e-01
  -3.3338974e-01
  -8.9431800e-01
  -3.3338974e-01
   6.9206326e-01
   1.0919172e+00
   6.9343984e-01
   1.8448292e-01
   8.5043870e-03
  -1.7103930e-02
  -3.3487297e-01
  -1.0085990e+00
  -9.6374706e-01
   2.0275503e-01
   8.7785085e-01
   8.8744626e-16
  -8.7785085e-01
  -2.0275503e-01
   9.6374706e-01
   1.0085990e+00
   3.3487297e-01
   1.7103930e-02
   3.0735408e-02
   5.3332054e-01
   1.2059299e+00
   3.9153798e-01
  -8.6579093e-01
  -1.5018469e-01
   8.4797121e-01
  -1.5018469e-01
  -8.6579093e-01
   3.9153798e-01
   1.2059299e+00
   5.3332054e-01
   3.0735408e-02
  -5.0888861e-02
  -7.6702815e-01
  -1.1793581e+00
   3.7144337e-01
   6.6949651e-01
  -7.7186120e-01
  -1.1622761e-15
   7.7186120e-01
  -6.6949651e-01
  -3.7144337e-01
   1.1793581e+00
   7.6702815e-01
   5.0888861e-02
   7.9105675e-02
   1.0125250e+00
   8.8130884e-01
  -9.0281250e-01
   1.9206624e-01
   5.3451889e-01
  -8.2905498e-01
   5.3451889e-01
   1.9206624e-01
  -9.0281250e-01
   8.8130884e-01
   1.0125250e+00
   7.9105675e-02
  -1.1690032e-01
  -1.2378588e+00
  -3.5455314e-01
   8.7826057e-01
  -8.4359111e-01
   4.9537521e-01
   1.4297214e-15
  -4.9537521e-01
   8.4359111e-01
  -8.7826057e-01
   3.5455314e-01
   1.2378588e+00
   1.1690032e-01
   1.6567558e-01
   1.4068356e+00
  -2.6855978e-01
  -3.0353386e-01
   6.1209077e-01
  -7.7018455e-01
   8.1928188e-01
  -7.7018455e-01
   6.1209077e-01
  -3.0353386e-01
  -2.6855978e-01
   1.4068356e+00
   1.6567558e-01
  -2.0299835e-04
  -1.1546887e-02
  -8.8887036e-02
  -3.0764019e-01
  -6.6359104e-01
  -1.0150309e+00
  -1.1634069e+00
  -1.0150309e+00
  -6.6359104e-01
  -3.0764019e-01
  -8.8887036e-02
  -1.1546887e-02
  -2.0299835e-04
   7.2034421e-04
   3.8202275e-02
   2.5689517e-01
   7.1250190e-01
   1.0730689e+00
   8.4341891e-01
   6.7456295e-16
  -8.4341891e-01
  -1.0730689e+00
  -7.1250190e-01
  -2.5689517e-01
  -3.8202275e-02
  -7.2034421e-04
  -1.8603357e-03
  -9.0791646e-02
  -5.1669533e-01
  -1.0613639e+00
  -8.4719764e-01
   2.4840439e-01
   9.1975392e-01
   2.4840439e-01
  -8.4719764e-01
  -1.0613639e+00
  -5.1669533e-01
  -9.0791646e-02
  -1.8603357e-03
   4.0355164e-03
   1.7875772e-01
   8.2860131e-01
   1.1041413e+00
   8.9611985e-03
  -9.0298799e-01
  -9.8333602e-16
   9.0298799e-01
  -8.9611985e-03
  -1.1041413e+00
  -8.2860131e-01
  -1.7875772e-01
  -4.0355164e-03
  -7.7912745e-03
  -3.0866138e-01
  -1.1098466e+00
  -7.0648809e-01
   7.8605662e-01
   2.6647563e-01
  -8.6385551e-01
   2.6647563e-01
   7.8605662e-01
  -7.0648809e-01
  -1.1098466e+00
  -3.0866138e-01
  -7.7912745e-03
   1.3810753e-02
   4.8158955e-01
   1.2561577e+00
  -1.3685107e-02
  -8.2174579e-01
   7.2557606e-01
   1.2648055e-15
  -7.2557606e-01
   8.2174579e-01
   1.3685107e-02
  -1.2561577e+00
  -4.8158955e-01
  -1.3810753e-02
  -2.2911274e-02
  -6.9104649e-01
  -1.1792336e+00
   7.0676559e-01
   6.2240602e-02
  -6.3421391e-01
   8.4008502e-01
  -6.3421391e-01
   6.2240602e-02
   7.0676559e-01
  -1.1792336e+00
  -6.9104649e-01
  -2.2911274e-02
   3.6031768e-02
   9.2190999e-01
   8.4678704e-01
  -9.8453489e-01
   7.4394362e-01
  -3.8977505e-01
  -1.5364625e-15
   3.8977505e-01
  -7.4394362e-01
   9.8453489e-01
  -8.4678704e-01
  -9.2190999e-01
  -3.6031768e-02
   3.7430509e-05
   4.7774111e-03
   5.5314735e-02
   2.4540669e-01
   6.1732710e-01
   1.0280396e+00
   1.2109123e+00
   1.0280396e+00
   6.1732710e-01
   2.4540669e-01
   5.5314735e-02
   4.7774111e-03
   3.7430509e-05
  -1.4267479e-04
  -1.6978170e-02
  -1.7172452e-01
  -6.1052481e-01
  -1.0723002e+00
  -9.1758830e-01
  -7.5418430e-16
   9.1758830e-01
   1.0723002e+00
   6.1052481e-01
   1.7172452e-01
   1.6978170e-02
   1.4267479e-04
   3.9458877e-04
   4.3292273e-02
   3.7230171e-01
   9.9227359e-01
   9.7030167e-01
  -1.6287945e-01
  -9.4353526e-01
  -1.6287945e-01
   9.7030167e-01
   9.9227359e-01
   3.7230171e-01
   4.3292273e-02
   3.9458877e-04
  -9.1377315e-04
  -9.1355694e-02
  -6.4707896e-01
  -1.1656356e+00
  -2.1392545e-01
   9.1518045e-01
   1.0760585e-15
  -9.1518045e-01
   2.1392545e-01
   1.1656356e+00
   6.4707896e-01
   9.1355694e-02
   9.1377315e-04
   1.8777435e-03
   1.6896041e-01
   9.4811524e-01
   9.4475359e-01
  -6.6473104e-01
  -3.7481926e-01
   8.7934559e-01
  -3.7481926e-01
  -6.6473104e-01
   9.4475359e-01
   9.4811524e-01
   1.6896041e-01
   1.8777435e-03
  -3.5329271e-03
  -2.8235684e-01
  -1.1938692e+00
  -3.3378412e-01
   9.1490088e-01
  -6.6781378e-01
  -1.3644025e-15
   6.6781378e-01
  -9.1490088e-01
   3.3378412e-01
   1.1938692e+00
   2.8235684e-01
   3.5329271e-03
   6.2053398e-03
   4.3427640e-01
   1.2903913e+00
  -4.1976534e-01
  -3.0335148e-01
   7.1792613e-01
  -8.5117240e-01
   7.1792613e-01
  -3.0335148e-01
  -4.1976534e-01
   1.2903913e+00
   4.3427640e-01
   6.2053398e-03
  -6.8637194e-06
  -1.9657165e-03
  -3.4232909e-02
  -1.9468402e-01
  -5.7112442e-01
  -1.0354783e+00
  -1.2534133e+00
  -1.0354783e+00
  -5.7112442e-01
  -1.9468402e-01
  -3.4232909e-02
  -1.9657165e-03
  -6.8637194e-06
   2.7852223e-05
   7.4370035e-03
   1.1313946e-01
   5.1561560e-01
   1.0561136e+00
   9.8391558e-01
   8.3107062e-16
  -9.8391558e-01
  -1.0561136e+00
  -5.1561560e-01
  -1.1313946e-01
  -7.4370035e-03
  -2.7852223e-05
  -8.1799892e-05
  -2.0166194e-02
  -2.6175027e-01
  -9.0224719e-01
  -1.0647660e+00
   7.7484973e-02
   9.6581982e-01
   7.7484973e-02
  -1.0647660e+00
  -9.0224719e-01
  -2.6175027e-01
  -2.0166194e-02
  -8.1799892e-05
   2.0065926e-04
   4.5210591e-02
   4.8725292e-01
   1.1671138e+00
   4.0591445e-01
  -9.1617662e-01
  -1.1660931e-15
   9.1617662e-01
  -4.0591445e-01
  -1.1671138e+00
  -4.8725292e-01
  -4.5210591e-02
  -2.0065926e-04
  -4.3575038e-04
  -8.8774769e-02
  -7.6921923e-01
  -1.1062720e+00
   5.1444499e-01
   4.7511321e-01
  -8.9433880e-01
   4.7511321e-01
   5.1444499e-01
  -1.1062720e+00
  -7.6921923e-01
  -8.8774769e-02
  -4.3575038e-04
   8.6448045e-04
   1.5746341e-01
   1.0541113e+00
   6.3964923e-01
  -9.5319802e-01
   6.0087227e-01
   1.4614674e-15
  -6.0087227e-01
   9.5319802e-01
  -6.3964923e-01
  -1.0541113e+00
  -1.5746341e-01
  -8.6448045e-04
   1.2533610e-06
   8.0543778e-04
   2.1097434e-02
   1.5380026e-01
   5.2617351e-01
   1.0386160e+00
   1.2919889e+00
   1.0386160e+00
   5.2617351e-01
   1.5380026e-01
   2.1097434e-02
   8.0543778e-04
   1.2533610e-06
  -5.3768615e-06
  -3.2215246e-03
  -7.3714390e-02
  -4.3063085e-01
  -1.0286348e+00
  -1.0433360e+00
  -9.0563822e-16
   1.0433360e+00
   1.0286348e+00
   4.3063085e-01
   7.3714390e-02
   3.2215246e-03
   5.3768615e-06
   1.6660053e-05
   9.2260647e-03
   1.8059968e-01
   8.0343130e-01
   1.1339891e+00
   7.2263027e-03
  -9.8677280e-01
   7.2263027e-03
   1.1339891e+00
   8.0343130e-01
   1.8059968e-01
   9.2260647e-03
   1.6660053e-05
  -4.3028239e-05
  -2.1826823e-02
  -3.5694980e-01
  -1.1257626e+00
  -5.8105361e-01
   9.0742582e-01
   1.2537993e-15
  -9.0742582e-01
   5.8105361e-01
   1.1257626e+00
   3.5694980e-01
   2.1826823e-02
   4.3028239e-05
   9.8188358e-05
   4.5197712e-02
   6.0075251e-01
   1.1987355e+00
  -3.4573604e-01
  -5.6730612e-01
   9.0880343e-01
  -5.6730612e-01
  -3.4573604e-01
   1.1987355e+00
   6.0075251e-01
   4.5197712e-02
   9.8188358e-05
  -2.2812290e-07
  -3.2894190e-04
  -1.2959598e-02
  -1.2110439e-01
  -4.8317371e-01
  -1.0383531e+00
  -1.3273924e+00
  -1.0383531e+00
  -4.8317371e-01
  -1.2110439e-01
  -1.2959598e-02
  -3.2894190e-04
  -2.2812290e-07
   1.0288556e-06
   1.3831889e-03
   4.7604392e-02
   3.5648464e-01
   9.9304373e-01
   1.0965971e+00
   9.7820107e-16
  -1.0965971e+00
  -9.9304373e-01
  -3.5648464e-01
  -4.7604392e-02
  -1.3831889e-03
  -1.0288556e-06
  -3.3456494e-06
  -4.1609647e-03
  -1.2277073e-01
  -7.0387962e-01
  -1.1812462e+00
  -9.0808781e-02
   1.0065451e+00
  -9.0808781e-02
  -1.1812462e+00
  -7.0387962e-01
  -1.2277073e-01
  -4.1609647e-03
  -3.3456494e-06
   9.0531498e-06
   1.0332261e-02
   2.5591915e-01
   1.0560173e+00
   7.3716101e-01
  -8.9015822e-01
  -1.3394570e-15
   8.9015822e-01
  -7.3716101e-01
  -1.0560173e+00
  -2.5591915e-01
  -1.0332261e-02
  -9.0531498e-06
   4.1410999e-08
   1.3398633e-04
   7.9397632e-03
   9.5107951e-02
   4.4251880e-01
   1.0353549e+00
   1.3601724e+00
   1.0353549e+00
   4.4251880e-01
   9.5107951e-02
   7.9397632e-03
   1.3398633e-04
   4.1410999e-08
  -1.9545893e-07
  -5.8962660e-04
  -3.0522303e-02
  -2.9298948e-01
  -9.5181177e-01
  -1.1443149e+00
  -1.0490038e-15
   1.1443149e+00
   9.5181177e-01
   2.9298948e-01
   3.0522303e-02
   5.8962660e-04
   1.9545893e-07
   6.6419216e-07
   1.8548619e-03
   8.2459657e-02
   6.0865734e-01
   1.2096100e+00
   1.7290683e-01
  -1.0252685e+00
   1.7290683e-01
   1.2096100e+00
   6.0865734e-01
   8.2459657e-02
   1.8548619e-03
   6.6419216e-07
  -7.5010224e-09
  -5.4457755e-05
  -4.8537956e-03
  -7.4530098e-02
  -4.0440645e-01
  -1.0301284e+00
  -1.3907419e+00
  -1.0301284e+00
  -4.0440645e-01
  -7.4530098e-02
  -4.8537956e-03
  -5.4457755e-05
  -7.5010224e-09
   3.6911896e-08
   2.4985174e-04
   1.9453481e-02
   2.3937179e-01
   9.0686682e-01
   1.1870083e+00
   1.1182418e-15
  -1.1870083e+00
  -9.0686682e-01
  -2.3937179e-01
  -1.9453481e-02
  -2.4985174e-04
  -3.6911896e-08
   1.3562415e-09
   2.2093818e-05
   2.9618784e-03
   5.8298631e-02
   3.6890644e-01
   1.0230698e+00
   1.4194200e+00
   1.0230698e+00
   3.6890644e-01
   5.8298631e-02
   2.9618784e-03
   2.2093818e-05
   1.3562415e-09
