   7.0710678118654746e-01
   7.0710678118654746e-01
   7.0710678118654746e-01
   7.0710678118654746e-01
   7.0710678118654746e-01
   7.0710678118654746e-01
   7.0710678118654746e-01
   7.0710678118654746e-01
   7.0710678118654746e-01
   7.0710678118654746e-01
   7.0710678118654746e-01
   7.0710678118654746e-01
   7.0710678118654746e-01
  -1.2053731487770984e+00
  -1.1238239334454738e+00
  -9.8172865564548295e-01
  -7.8671405912133185e-01
  -5.4928919668819276e-01
  -2.8225264053559318e-01
  -1.9695399677601134e-16
   2.8225264053559357e-01
   5.4928919668819332e-01
   7.8671405912133108e-01
   9.8172865564548273e-01
   1.1238239334454738e+00
   1.2053731487770984e+00
   1.5067058149189805e+00
   1.2063776735914948e+00
   7.3331820155664706e-01
   1.8802746564137951e-01
  -3.1351038667344933e-01
  -6.6460553449361570e-01
  -7.9056941504209466e-01
  -6.6460553449361526e-01
  -3.1351038667344827e-01
   1.8802746564137832e-01
   7.3331820155664651e-01
   1.2063776735914948e+00
   1.5067058149189796e+00
  -1.6967756855917331e+00
  -1.0385284410620086e+00
  -1.5943698169130671e-01
   5.6297035576371723e-01
   8.3664974942741910e-01
   5.8947524945977625e-01
   4.5127829932508041e-16
  -5.8947524945977692e-01
  -8.3664974942741932e-01
  -5.6297035576371857e-01
   1.5943698169130543e-01
   1.0385284410620086e+00
   1.6967756855917318e+00
   1.7975867655172413e+00
   6.7706145400833573e-01
  -4.8428957928855570e-01
  -9.0677364475550859e-01
  -4.2911288143116394e-01
   3.9917847746379786e-01
   7.9549512883486562e-01
   3.9917847746379675e-01
  -4.2911288143116577e-01
  -9.0677364475550881e-01
  -4.8428957928855709e-01
   6.7706145400833573e-01
   1.7975867655172397e+00
  -1.8189561620557559e+00
  -1.9482125941749143e-01
   9.3239198677945012e-01
   5.9451506284299882e-01
  -4.5605811443721955e-01
  -7.7422281323194486e-01
  -7.0713410810365378e-16
   7.7422281323194553e-01
   4.5605811443721750e-01
  -5.9451506284299660e-01
  -9.3239198677945012e-01
   1.9482125941749143e-01
   1.8189561620557526e+00
   1.7675594775619097e+00
  -3.2181375040166815e-01
  -1.0045343975104146e+00
   1.4705580171441923e-01
   8.3742921661210956e-01
  -4.4183076325573209e-02
  -7.9672179899887263e-01
  -4.4183076325571488e-02
   8.3742921661211001e-01
   1.4705580171442229e-01
  -1.0045343975104140e+00
  -3.2181375040166815e-01
   1.7675594775619046e+00
  -1.6496745778781736e+00
   7.8408492708493283e-01
   6.7305553336681256e-01
  -7.8350613848839856e-01
  -2.9276220876733217e-01
   7.9525338089425224e-01
   9.6338052394376553e-16
  -7.9525338089425179e-01
   2.9276220876733522e-01
   7.8350613848840023e-01
  -6.7305553336681012e-01
  -7.8408492708493283e-01
   1.6496745778781672e+00
   1.4721938149901559e+00
  -1.1141298584243438e+00
  -7.1765726406795724e-02
   8.5745727165113794e-01
  -5.7584227064698712e-01
  -3.2161927945780144e-01
   7.9720045437338094e-01
  -3.2161927945780361e-01
  -5.7584227064698468e-01
   8.5745727165113705e-01
  -7.1765726406792935e-02
  -1.1141298584243438e+00
   1.4721938149901472e+00
  -1.2429877004611061e+00
   1.2570822611024211e+00
  -5.5845847215786681e-01
  -3.1604444745702731e-01
   8.0860711240364835e-01
  -6.4756984502392645e-01
  -1.2197801331054074e-15
   6.4756984502392456e-01
  -8.0860711240364980e-01
   3.1604444745702309e-01
   5.5845847215786915e-01
  -1.2570822611024211e+00
   1.2429877004610956e+00
   9.7096788209912788e-01
  -1.1896502991851885e+00
   9.6596316208706812e-01
  -4.5219538873123188e-01
  -1.4839004214990537e-01
   6.1981624323587314e-01
  -7.9743489062440420e-01
   6.1981624323587525e-01
  -1.4839004214990997e-01
  -4.5219538873123610e-01
   9.6596316208706878e-01
  -1.1896502991851885e+00
   9.7096788209911455e-01
  -6.6598684715376189e-01
   9.2363020941915730e-01
  -9.8840928853779408e-01
   8.9644754409741423e-01
  -6.7581681237726143e-01
   3.6232233206488090e-01
   1.4762549209310901e-15
  -3.6232233206487807e-01
   6.7581681237725788e-01
  -8.9644754409741512e-01
   9.8840928853779220e-01
  -9.2363020941915730e-01
   6.6598684715374756e-01
   3.3863909329841235e-01
  -5.0372418806013552e-01
   6.1707549953462548e-01
  -6.9839468182183639e-01
   7.5408601624232174e-01
  -7.8677407798128740e-01
   7.9756673073287321e-01
  -7.8677407798128796e-01
   7.5408601624232430e-01
  -6.9839468182183351e-01
   6.1707549953462193e-01
  -5.0372418806013552e-01
   3.3863909329839648e-01
  -1.5342029234619325e-01
  -3.4425264459052668e-01
  -5.1778801004103614e-01
  -6.6373224615835780e-01
  -7.7404178776137145e-01
  -8.4271390367985666e-01
  -8.6602540378443871e-01
  -8.4271390367985655e-01
  -7.7404178776137134e-01
  -6.6373224615835813e-01
  -5.1778801004103636e-01
  -3.4425264459052668e-01
  -1.5342029234619375e-01
   3.3763206999173051e-01
   7.0634184377020737e-01
   9.2807447866001347e-01
   9.5334304273205994e-01
   7.7625576302565569e-01
   4.3426771687681248e-01
   3.1141161204282791e-16
  -4.3426771687681304e-01
  -7.7625576302565624e-01
  -9.5334304273205961e-01
  -9.2807447866001369e-01
  -7.0634184377020737e-01
  -3.3763206999173162e-01
  -5.5152654352765529e-01
  -1.0336593316555034e+00
  -1.0716827035932339e+00
  -6.6001848316065126e-01
  -4.1478920430092717e-03
   5.7895306800659785e-01
   8.1009258730098233e-01
   5.7895306800659696e-01
  -4.1478920430109128e-03
  -6.6001848316065004e-01
  -1.0716827035932333e+00
  -1.0336593316555034e+00
  -5.5152654352765695e-01
   7.8160476701671888e-01
   1.2517432330257279e+00
   8.5117917199922055e-01
  -6.5217158761954996e-02
  -7.5675973221837867e-01
  -6.9893268430248978e-01
  -5.7209966211186094e-16
   6.9893268430249011e-01
   7.5675973221837767e-01
   6.5217158761957120e-02
  -8.5117917199922011e-01
  -1.2517432330257279e+00
  -7.8160476701672144e-01
  -1.0157582099607738e+00
  -1.3084240696773668e+00
  -3.2365958034152975e-01
   7.3918237338589687e-01
   6.9343789634335629e-01
  -2.4661599330359529e-01
  -8.0282703616657047e-01
  -2.4661599330359366e-01
   6.9343789634335773e-01
   7.3918237338589821e-01
  -3.2365958034152742e-01
  -1.3084240696773668e+00
  -1.0157582099607767e+00
   1.2428185251008912e+00
   1.1810383158179583e+00
  -3.2270945683326030e-01
  -8.9484140122008726e-01
   1.2451475218593529e-01
   8.1047731522274169e-01
   8.3032958829213073e-16
  -8.1047731522274180e-01
  -1.2451475218593246e-01
   8.9484140122008660e-01
   3.2270945683326230e-01
  -1.1810383158179583e+00
  -1.2428185251008943e+00
  -1.4524912537862853e+00
  -8.7960354936058516e-01
   8.4411860287092677e-01
   4.2146858449851476e-01
  -8.0402220341947339e-01
  -1.3055523752591469e-01
   8.0054302859059379e-01
  -1.3055523752591663e-01
  -8.0402220341947250e-01
   4.2146858449851099e-01
   8.4411860287092777e-01
  -8.7960354936058516e-01
  -1.4524912537862884e+00
   1.6354620588993027e+00
   4.4495253697516657e-01
  -1.0391673357097688e+00
   3.4852741880934512e-01
   6.0118989991589977e-01
  -7.4845935707544875e-01
  -1.0878097688661194e-15
   7.4845935707544742e-01
  -6.0118989991590288e-01
  -3.4852741880934884e-01
   1.0391673357097677e+00
  -4.4495253697516657e-01
  -1.6354620588993052e+00
  -1.7835683284014237e+00
   5.8109117392769916e-02
   8.3067565522873987e-01
  -8.7078807819668036e-01
   2.6123604458109795e-01
   4.7698261637085859e-01
  -7.9954172359761000e-01
   4.7698261637086059e-01
   2.6123604458109384e-01
  -8.7078807819668136e-01
   8.3067565522873732e-01
   5.8109117392769916e-02
  -1.7835683284014257e+00
   1.8899847474309830e+00
  -5.5160063894452960e-01
  -2.9849687415772697e-01
   7.7471314968238369e-01
  -8.3586470543151192e-01
   5.2711157150020427e-01
   1.3449642636426539e-15
  -5.2711157150020183e-01
   8.3586470543151126e-01
  -7.7471314968238059e-01
   2.9849687415772369e-01
   5.5160063894452960e-01
  -1.8899847474309819e+00
  -1.9493948423590284e+00
   9.5738334816706894e-01
  -3.5009877011355139e-01
  -1.2816334057509701e-01
   4.9103374612456940e-01
  -7.2038124907505674e-01
   7.9901553616082244e-01
  -7.2038124907505818e-01
   4.9103374612457384e-01
  -1.2816334057509174e-01
  -3.5009877011355445e-01
   9.5738334816706894e-01
  -1.9493948423590270e+00
   1.9581315040110607e+00
  -1.2102632676617269e+00
   8.6108066372564518e-01
  -6.0924359591051125e-01
   3.9384341884372459e-01
  -1.9394292991289394e-01
  -1.6019483068308926e-15
   1.9394292991289058e-01
  -3.9384341884371959e-01
   6.0924359591051558e-01
  -8.6108066372564707e-01
   1.2102632676617269e+00
  -1.9581315040110563e+00
   3.0387151195267276e-02
   1.5299560147040289e-01
   3.4612132221636699e-01
   5.6873533295955692e-01
   7.7348730377000319e-01
   9.1682129765774345e-01
   9.6824583655185426e-01
   9.1682129765774312e-01
   7.7348730377000274e-01
   5.6873533295955747e-01
   3.4612132221636727e-01
   1.5299560147040289e-01
   3.0387151195267487e-02
  -7.9125212614423790e-02
  -3.7143310819578296e-01
  -7.3404589170874557e-01
  -9.6656376863768056e-01
  -9.1782025436846693e-01
  -5.5901839293992683e-01
  -4.1195884042152487e-16
   5.5901839293992750e-01
   9.1782025436846759e-01
   9.6656376863768079e-01
   7.3404589170874590e-01
   3.7143310819578296e-01
   7.9125212614424345e-02
   1.5211500257049151e-01
   6.4843336930424045e-01
   1.0484326943655160e+00
   9.3005630168227937e-01
   2.7331629308881666e-01
  -4.9880291884532552e-01
  -8.3852549156242095e-01
  -4.9880291884532452e-01
   2.7331629308881850e-01
   9.3005630168227882e-01
   1.0484326943655164e+00
   6.4843336930424045e-01
   1.5211500257049257e-01
  -2.5007466322759886e-01
  -9.3991859568318747e-01
  -1.1291249792900904e+00
  -3.8122216403167358e-01
   6.0358148518748933e-01
   7.7932101798679887e-01
   6.8315645137404659e-16
  -7.7932101798679965e-01
  -6.0358148518748767e-01
   3.8122216403167114e-01
   1.1291249792900890e+00
   9.3991859568318747e-01
   2.5007466322760058e-01
   3.7218105970347765e-01
   1.1918854537417669e+00
   8.9252567709174535e-01
  -3.8785479568132969e-01
  -8.3835161892635801e-01
   1.0597348601174154e-01
   8.1639690485082061e-01
   1.0597348601173989e-01
  -8.3835161892635901e-01
  -3.8785479568133235e-01
   8.9252567709174346e-01
   1.1918854537417669e+00
   3.7218105970348009e-01
  -5.1624586874714340e-01
  -1.3510923501146421e+00
  -3.7739886535759415e-01
   8.9402430610174588e-01
   1.8832926505764869e-01
  -8.1826171620215793e-01
  -9.4602089443254117e-16
   8.1826171620215737e-01
  -1.8832926505765180e-01
  -8.9402430610174655e-01
   3.7739886535759171e-01
   1.3510923501146421e+00
   5.1624586874714673e-01
   6.7884962905030832e-01
   1.3754616992931132e+00
  -2.6025208612516310e-01
  -7.9979282482572500e-01
   6.5612377707500946e-01
   2.8380820570964771e-01
  -8.0850882706220362e-01
   2.8380820570964982e-01
   6.5612377707500735e-01
  -7.9979282482572345e-01
  -2.6025208612516532e-01
   1.3754616992931132e+00
   6.7884962905031232e-01
  -8.5549307515090334e-01
  -1.2426888159458929e+00
   8.0220387450814667e-01
   1.6401549192570788e-01
  -7.8979667722088842e-01
   6.7897155285184851e-01
   1.2061508770300891e-15
  -6.7897155285184685e-01
   7.8979667722089053e-01
  -1.6401549192570361e-01
  -8.0220387450814812e-01
   1.2426888159458929e+00
   8.5549307515090856e-01
   1.0407749353278346e+00
   9.5556834203307850e-01
  -1.0518824896395691e+00
   5.8132232027196373e-01
   6.9038724054505160e-02
  -6.0150394900809601e-01
   8.0478467632289075e-01
  -6.0150394900809800e-01
   6.9038724054509781e-02
   5.8132232027196740e-01
  -1.0518824896395687e+00
   9.5556834203307850e-01
   1.0407749353278395e+00
  -1.2285958139692092e+00
  -5.4304866091852300e-01
   9.1365052211709086e-01
  -9.2215915378783864e-01
   7.2421621276679249e-01
  -3.9502581603676346e-01
  -1.4650284848418158e-15
   3.9502581603676062e-01
  -7.2421621276678971e-01
   9.2215915378783864e-01
  -9.1365052211708808e-01
   5.4304866091852300e-01
   1.2285958139692152e+00
   1.4123841309312888e+00
   5.6732748365638346e-02
  -4.3501601107006560e-01
   6.2062081162974381e-01
  -7.2711648360909031e-01
   7.8446388316334437e-01
  -8.0272902883712394e-01
   7.8446388316334514e-01
  -7.2711648360909342e-01
   6.2062081162974025e-01
  -4.3501601107006177e-01
   5.6732748365638346e-02
   1.4123841309312939e+00
  -5.8145425883507091e-03
  -6.5689959431981512e-02
  -2.2352345764861603e-01
  -4.7081022961366858e-01
  -7.4672442979597331e-01
  -9.6362401720680302e-01
  -1.0458250331675945e+00
  -9.6362401720680269e-01
  -7.4672442979597287e-01
  -4.7081022961366925e-01
  -2.2352345764861628e-01
  -6.5689959431981512e-02
  -5.8145425883507707e-03
   1.7167722859182982e-02
   1.8083100485942574e-01
   5.3751451924825644e-01
   9.0727391998228479e-01
   1.0047014813559541e+00
   6.6622550465820363e-01
   5.0454447703068850e-16
  -6.6622550465820440e-01
  -1.0047014813559541e+00
  -9.0727391998228557e-01
  -5.3751451924825699e-01
  -1.8083100485942574e-01
  -1.7167722859183158e-02
  -3.7207557855600218e-02
  -3.5827902507267756e-01
  -8.8641451459300880e-01
  -1.0592886494466891e+00
  -5.0170547071997806e-01
   4.1707584366481643e-01
   8.6715230784447561e-01
   4.1707584366481509e-01
  -5.0170547071998006e-01
  -1.0592886494466887e+00
  -8.8641451459300913e-01
  -3.5827902507267756e-01
  -3.7207557855600613e-02
   6.8390600305658730e-02
   5.8928713925472176e-01
   1.1378919905289420e+00
   7.2653169018775121e-01
  -4.1170081973084949e-01
  -8.3758606559633031e-01
  -7.8771981228990420e-16
   8.3758606559633064e-01
   4.1170081973084716e-01
  -7.2653169018774910e-01
  -1.1378919905289420e+00
  -5.8928713925472176e-01
  -6.8390600305659438e-02
  -1.1291690988641376e-01
  -8.5016311171642123e-01
  -1.1634538388599289e+00
  -1.4132384858900802e-02
   8.8902259901243974e-01
   2.6051863700018735e-02
  -8.3194871949838356e-01
   2.6051863700020661e-02
   8.8902259901244018e-01
  -1.4132384858896950e-02
  -1.1634538388599278e+00
  -8.5016311171642123e-01
  -1.1291690988641491e-01
   1.7259378158576386e-01
   1.1050630688048093e+00
   8.9840056951714609e-01
  -6.8897954453924826e-01
  -4.5703516547543477e-01
   8.0390083375326182e-01
   1.0562723279389984e-15
  -8.0390083375326093e-01
   4.5703516547543838e-01
   6.8897954453925092e-01
  -8.9840056951714387e-01
  -1.1050630688048093e+00
  -1.7259378158576560e-01
  -2.4870702190936922e-01
  -1.3114316147029286e+00
  -3.8083823184212545e-01
   9.5127489671725673e-01
  -4.4034824642552084e-01
  -4.1802704306731303e-01
   8.1835704429859013e-01
  -4.1802704306731514e-01
  -4.4034824642551734e-01
   9.5127489671725629e-01
  -3.8083823184212234e-01
  -1.3114316147029286e+00
  -2.4870702190937172e-01
   3.4191206958416920e-01
   1.4272974200082413e+00
  -2.4895691206750564e-01
  -5.9836711970212464e-01
   8.6537543723756105e-01
  -5.9302861083226766e-01
  -1.3198225278054047e-15
   5.9302861083226543e-01
  -8.6537543723756116e-01
   5.9836711970212042e-01
   2.4895691206750842e-01
  -1.4272974200082413e+00
  -3.4191206958417231e-01
  -4.5214992013898120e-01
  -1.4191647861903067e+00
   7.9210750848287836e-01
  -1.4523448755154972e-01
  -3.6926857370858596e-01
   6.9838826404717680e-01
  -8.1159923213285012e-01
   6.9838826404717846e-01
  -3.6926857370859079e-01
  -1.4523448755155480e-01
   7.9210750848287992e-01
  -1.4191647861903067e+00
  -4.5214992013898531e-01
   5.7859131803104169e-01
   1.2690654133800550e+00
  -1.0629638786826128e+00
   7.8719630957502507e-01
  -5.1822272453285867e-01
   2.5718967064023468e-01
   1.5810069055759769e-15
  -2.5718967064023140e-01
   5.1822272453285423e-01
  -7.8719630957502817e-01
   1.0629638786826130e+00
  -1.2690654133800550e+00
  -5.7859131803104658e-01
   1.0925567168334782e-03
   2.7696309801823610e-02
   1.4174923574311141e-01
   3.8272289010781946e-01
   7.0789752964749819e-01
   9.9456553302075812e-01
   1.1092649593311781e+00
   9.9456553302075756e-01
   7.0789752964749741e-01
   3.8272289010782012e-01
   1.4174923574311163e-01
   2.7696309801823610e-02
   1.0925567168334940e-03
  -3.5662863980534462e-03
  -8.4288999387823693e-02
  -3.7684512968819411e-01
  -8.1536499395647144e-01
  -1.0529849580556234e+00
  -7.6018996289497587e-01
  -5.9163084164915293e-16
   7.6018996289497687e-01
   1.0529849580556234e+00
   8.1536499395647244e-01
   3.7684512968819456e-01
   8.4288999387823693e-02
   3.5662863980534974e-03
   8.5043869612567366e-03
   1.8448291731908609e-01
   6.9343984115475743e-01
   1.0919171793630948e+00
   6.9206325978098548e-01
  -3.3338973709057240e-01
  -8.9431800132838646e-01
  -3.3338973709057090e-01
   6.9206325978098737e-01
   1.0919171793630951e+00
   6.9343984115475810e-01
   1.8448291731908609e-01
   8.5043869612568546e-03
  -1.7103930441280640e-02
  -3.3487297476557293e-01
  -1.0085989815095817e+00
  -9.6374705630177682e-01
   2.0275503328058614e-01
   8.7785085018240461e-01
   8.8744626247372969e-16
  -8.7785085018240461e-01
  -2.0275503328058342e-01
   9.6374705630177460e-01
   1.0085989815095822e+00
   3.3487297476557293e-01
   1.7103930441280880e-02
   3.0735407575573706e-02
   5.3332053664163970e-01
   1.2059299431478885e+00
   3.9153797818479302e-01
  -8.6579093031897858e-01
  -1.5018468942376834e-01
   8.4797121164650957e-01
  -1.5018468942377053e-01
  -8.6579093031897791e-01
   3.9153797818479003e-01
   1.2059299431478880e+00
   5.3332053664163970e-01
   3.0735407575574143e-02
  -5.0888860629160197e-02
  -7.6702814805055941e-01
  -1.1793580837643791e+00
   3.7144337181315318e-01
   6.6949651286636136e-01
  -7.7186119984654367e-01
  -1.1622760674053642e-15
   7.7186119984654233e-01
  -6.6949651286636436e-01
  -3.7144337181315673e-01
   1.1793580837643776e+00
   7.6702814805055941e-01
   5.0888860629160898e-02
   7.9105674552797531e-02
   1.0125249962061118e+00
   8.8130883637173441e-01
  -9.0281249815480258e-01
   1.9206623722362851e-01
   5.3451888897633770e-01
  -8.2905497605424971e-01
   5.3451888897634003e-01
   1.9206623722362404e-01
  -9.0281249815480391e-01
   8.8130883637173185e-01
   1.0125249962061118e+00
   7.9105674552798572e-02
  -1.1690031693380679e-01
  -1.2378588498912024e+00
  -3.5455313984113879e-01
   8.7826057461132323e-01
  -8.4359110920169567e-01
   4.9537521346226737e-01
   1.4297214052288066e-15
  -4.9537521346226482e-01
   8.4359110920169422e-01
  -8.7826057461132079e-01
   3.5455313984113523e-01
   1.2378588498912024e+00
   1.1690031693380835e-01
   1.6567557777528055e-01
   1.4068355751677639e+00
  -2.6855978222241389e-01
  -3.0353385740407685e-01
   6.1209076776569638e-01
  -7.7018455255606622e-01
   8.1928188432118232e-01
  -7.7018455255606733e-01
   6.1209076776570037e-01
  -3.0353385740407235e-01
  -2.6855978222241739e-01
   1.4068355751677639e+00
   1.6567557777528263e-01
  -2.0299835012541770e-04
  -1.1546886702587651e-02
  -8.8887036401044506e-02
  -3.0764018647889069e-01
  -6.6359104238980926e-01
  -1.0150309263522590e+00
  -1.1634069043116431e+00
  -1.0150309263522583e+00
  -6.6359104238980826e-01
  -3.0764018647889135e-01
  -8.8887036401044686e-02
  -1.1546886702587651e-02
  -2.0299835012542136e-04
   7.2034420643379675e-04
   3.8202275125936262e-02
   2.5689517117228977e-01
   7.1250189531132024e-01
   1.0730689269260887e+00
   8.4341891177027928e-01
   6.7456294637908370e-16
  -8.4341891177028006e-01
  -1.0730689269260885e+00
  -7.1250189531132135e-01
  -2.5689517117229016e-01
  -3.8202275125936262e-02
  -7.2034420643380954e-04
  -1.8603357327732180e-03
  -9.0791645595873272e-02
  -5.1669532850102529e-01
  -1.0613638941301495e+00
  -8.4719764209606330e-01
   2.4840439013573232e-01
   9.1975391579758958e-01
   2.4840439013573065e-01
  -8.4719764209606518e-01
  -1.0613638941301498e+00
  -5.1669532850102584e-01
  -9.0791645595873272e-02
  -1.8603357327732508e-03
   4.0355164413671376e-03
   1.7875772262706591e-01
   8.2860130601045601e-01
   1.1041412745506747e+00
   8.9611984884686025e-03
  -9.0298799387365303e-01
  -9.8333602259538674e-16
   9.0298799387365281e-01
  -8.9611984884720962e-03
  -1.1041412745506742e+00
  -8.2860130601045634e-01
  -1.7875772262706591e-01
  -4.0355164413672096e-03
  -7.7912745220471043e-03
  -3.0866137930124765e-01
  -1.1098466444945099e+00
  -7.0648809059522732e-01
   7.8605661539856286e-01
   2.6647563232414334e-01
  -8.6385550753041096e-01
   2.6647563232414567e-01
   7.8605661539856087e-01
  -7.0648809059522422e-01
  -1.1098466444945103e+00
  -3.0866137930124765e-01
  -7.7912745220472422e-03
   1.3810753068246999e-02
   4.8158955330627962e-01
   1.2561577298813618e+00
  -1.3685107343064504e-02
  -8.2174578796524311e-01
   7.2557606246007933e-01
   1.2648055244607826e-15
  -7.2557606246007766e-01
   8.2174578796524500e-01
   1.3685107343069328e-02
  -1.2561577298813609e+00
  -4.8158955330627962e-01
  -1.3810753068247235e-02
  -2.2911274399156478e-02
  -6.9104649312641186e-01
  -1.1792336347284147e+00
   7.0676559280516771e-01
   6.2240602090091073e-02
  -6.3421391188299348e-01
   8.4008501712537109e-01
  -6.3421391188299558e-01
   6.2240602090096145e-02
   7.0676559280517104e-01
  -1.1792336347284127e+00
  -6.9104649312641186e-01
  -2.2911274399156870e-02
   3.6031767567457913e-02
   9.2190998625780873e-01
   8.4678704312201991e-01
  -9.8453489044292708e-01
   7.4394362039322404e-01
  -3.8977505093769083e-01
  -1.5364625353052912e-15
   3.8977505093768777e-01
  -7.4394362039322137e-01
   9.8453489044292763e-01
  -8.4678704312201714e-01
  -9.2190998625780873e-01
  -3.6031767567458524e-02
   3.7430509229999496e-05
   4.7774110666187275e-03
   5.5314735190580007e-02
   2.4540669400604884e-01
   6.1732710184617723e-01
   1.0280396270790531e+00
   1.2109122981248477e+00
   1.0280396270790522e+00
   6.1732710184617623e-01
   2.4540669400604950e-01
   5.5314735190580132e-02
   4.7774110666187275e-03
   3.7430509230000302e-05
  -1.4267479209429193e-04
  -1.6978170399772924e-02
  -1.7172451774251385e-01
  -6.1052480877585358e-01
  -1.0723002351693607e+00
  -9.1758830343455333e-01
  -7.5418430160308840e-16
   9.1758830343455400e-01
   1.0723002351693605e+00
   6.1052480877585469e-01
   1.7172451774251421e-01
   1.6978170399772924e-02
   1.4267479209429499e-04
   3.9458876801727399e-04
   4.3292273111788925e-02
   3.7230171300680931e-01
   9.9227358765376517e-01
   9.7030167391394007e-01
  -1.6287945465679754e-01
  -9.4353526116542108e-01
  -1.6287945465679551e-01
   9.7030167391394195e-01
   9.9227358765376661e-01
   3.7230171300680986e-01
   4.3292273111788925e-02
   3.9458876801728244e-04
  -9.1377315389521254e-04
  -9.1355693880444885e-02
  -6.4707895766827239e-01
  -1.1656355648296512e+00
  -2.1392544724874446e-01
   9.1518045009381011e-01
   1.0760585446884828e-15
  -9.1518045009380944e-01
   2.1392544724874818e-01
   1.1656355648296510e+00
   6.4707895766827306e-01
   9.1355693880444885e-02
   9.1377315389523206e-04
   1.8777435099804282e-03
   1.6896041469579381e-01
   9.4811523871251024e-01
   9.4475359300078365e-01
  -6.6473104143862172e-01
  -3.7481925521509857e-01
   8.7934559331661566e-01
  -3.7481925521510118e-01
  -6.6473104143861883e-01
   9.4475359300078088e-01
   9.4811523871251058e-01
   1.6896041469579381e-01
   1.8777435099804674e-03
  -3.5329270981033990e-03
  -2.8235683512564902e-01
  -1.1938692196121488e+00
  -3.3378412343421959e-01
   9.1490088422485327e-01
  -6.6781377612035975e-01
  -1.3644024602958798e-15
   6.6781377612035775e-01
  -9.1490088422485438e-01
   3.3378412343421499e-01
   1.1938692196121490e+00
   2.8235683512564902e-01
   3.5329270981034745e-03
   6.2053397927502741e-03
   4.3427639672397911e-01
   1.2903912511497035e+00
  -4.1976533724162862e-01
  -3.0335148362767744e-01
   7.1792613202731725e-01
  -8.5117240159962504e-01
   7.1792613202731903e-01
  -3.0335148362768238e-01
  -4.1976533724163301e-01
   1.2903912511497029e+00
   4.3427639672397911e-01
   6.2053397927504033e-03
  -6.8637194160243795e-06
  -1.9657164700369041e-03
  -3.4232909129083139e-02
  -1.9468401868043314e-01
  -5.7112442138061192e-01
  -1.0354782824539404e+00
  -1.2534133084800880e+00
  -1.0354782824539395e+00
  -5.7112442138061081e-01
  -1.9468401868043370e-01
  -3.4232909129083229e-02
  -1.9657164700369041e-03
  -6.8637194160245514e-06
   2.7852223113953687e-05
   7.4370034751055549e-03
   1.1313946120627297e-01
   5.1561559577168614e-01
   1.0561135622476809e+00
   9.8391558414027425e-01
   8.3107062332430797e-16
  -9.8391558414027480e-01
  -1.0561135622476803e+00
  -5.1561559577168736e-01
  -1.1313946120627323e-01
  -7.4370034751055549e-03
  -2.7852223113954385e-05
  -8.1799891701513417e-05
  -2.0166193632614841e-02
  -2.6175027074071711e-01
  -9.0224718999526643e-01
  -1.0647659834025716e+00
   7.7484972944369526e-02
   9.6581981878779033e-01
   7.7484972944367292e-02
  -1.0647659834025727e+00
  -9.0224718999526765e-01
  -2.6175027074071761e-01
  -2.0166193632614841e-02
  -8.1799891701515490e-05
   2.0065926340573549e-04
   4.5210590779164943e-02
   4.8725292078080795e-01
   1.1671138033658768e+00
   4.0591445202062926e-01
  -9.1617662439529834e-01
  -1.1660930762595827e-15
   9.1617662439529757e-01
  -4.0591445202063281e-01
  -1.1671138033658772e+00
  -4.8725292078080862e-01
  -4.5210590779164943e-02
  -2.0065926340574042e-04
  -4.3575038037611330e-04
  -8.8774768864202880e-02
  -7.6921922809229504e-01
  -1.1062720288440893e+00
   5.1444498712343090e-01
   4.7511320862543849e-01
  -8.9433879531100480e-01
   4.7511320862544082e-01
   5.1444498712342701e-01
  -1.1062720288440877e+00
  -7.6921922809229626e-01
  -8.8774768864202880e-02
  -4.3575038037612431e-04
   8.6448044909236772e-04
   1.5746341374941530e-01
   1.0541112999868743e+00
   6.3964923205265889e-01
  -9.5319801988657327e-01
   6.0087227489250095e-01
   1.4614673859733373e-15
  -6.0087227489249839e-01
   9.5319801988657349e-01
  -6.3964923205265545e-01
  -1.0541112999868756e+00
  -1.5746341374941530e-01
  -8.6448044909238908e-04
   1.2533609661380179e-06
   8.0543778472610082e-04
   2.1097433884887724e-02
   1.5380025572954686e-01
   5.2617350533659968e-01
   1.0386159592114603e+00
   1.2919888658545740e+00
   1.0386159592114594e+00
   5.2617350533659857e-01
   1.5380025572954739e-01
   2.1097433884887787e-02
   8.0543778472610082e-04
   1.2533609661380539e-06
  -5.3768614885617516e-06
  -3.2215245635914408e-03
  -7.3714389538609440e-02
  -4.3063085084377856e-01
  -1.0286347799669520e+00
  -1.0433359597692073e+00
  -9.0563821550400401e-16
   1.0433359597692082e+00
   1.0286347799669506e+00
   4.3063085084377967e-01
   7.3714389538609634e-02
   3.2215245635914408e-03
   5.3768614885619075e-06
   1.6660053267423495e-05
   9.2260646908626856e-03
   1.8059968072962784e-01
   8.0343130404441554e-01
   1.1339890550421736e+00
   7.2263027218243438e-03
  -9.8677279580312116e-01
   7.2263027218269120e-03
   1.1339890550421743e+00
   8.0343130404441709e-01
   1.8059968072962826e-01
   9.2260646908626856e-03
   1.6660053267423970e-05
  -4.3028239229951152e-05
  -2.1826822730318447e-02
  -3.5694979595880694e-01
  -1.1257626430135159e+00
  -5.8105360526721539e-01
   9.0742581923986521e-01
   1.2537993353460166e-15
  -9.0742581923986421e-01
   5.8105360526721916e-01
   1.1257626430135170e+00
   3.5694979595880777e-01
   2.1826822730318447e-02
   4.3028239229952392e-05
   9.8188358214778372e-05
   4.5197711942324949e-02
   6.0075251329855150e-01
   1.1987355000612621e+00
  -3.4573603590242974e-01
  -5.6730611855269375e-01
   9.0880343378486150e-01
  -5.6730611855269619e-01
  -3.4573603590242552e-01
   1.1987355000612621e+00
   6.0075251329855262e-01
   4.5197711942324949e-02
   9.8188358214781137e-05
  -2.2812290183529383e-07
  -3.2894190321242854e-04
  -1.2959598306890184e-02
  -1.2110439135275208e-01
  -4.8317371422296213e-01
  -1.0383531078614225e+00
  -1.3273923760589903e+00
  -1.0383531078614214e+00
  -4.8317371422296096e-01
  -1.2110439135275257e-01
  -1.2959598306890226e-02
  -3.2894190321242854e-04
  -2.2812290183530127e-07
   1.0288555816240646e-06
   1.3831889012338179e-03
   4.7604392363400624e-02
   3.5648463883798498e-01
   9.9304373296801418e-01
   1.0965971137642971e+00
   9.7820107354171094e-16
  -1.0965971137642978e+00
  -9.9304373296801274e-01
  -3.5648463883798609e-01
  -4.7604392363400763e-02
  -1.3831889012338179e-03
  -1.0288555816240974e-06
  -3.3456494306384419e-06
  -4.1609647402645689e-03
  -1.2277073329237900e-01
  -7.0387961694818291e-01
  -1.1812462207329903e+00
  -9.0808781023193841e-02
   1.0065451053038954e+00
  -9.0808781023196283e-02
  -1.1812462207329908e+00
  -7.0387961694818491e-01
  -1.2277073329237936e-01
  -4.1609647402645689e-03
  -3.3456494306385516e-06
   9.0531498234245640e-06
   1.0332261296945359e-02
   2.5591915221581762e-01
   1.0560172720774086e+00
   7.3716101132554024e-01
  -8.9015822326008276e-01
  -1.3394569843864122e-15
   8.9015822326008143e-01
  -7.3716101132554390e-01
  -1.0560172720774106e+00
  -2.5591915221581829e-01
  -1.0332261296945359e-02
  -9.0531498234248520e-06
   4.1410999346711135e-08
   1.3398633381298504e-04
   7.9397631624198162e-03
   9.5107951291120457e-02
   4.4251879874470990e-01
   1.0353549024078363e+00
   1.3601724324586602e+00
   1.0353549024078352e+00
   4.4251879874470879e-01
   9.5107951291120887e-02
   7.9397631624198474e-03
   1.3398633381298504e-04
   4.1410999346712624e-08
  -1.9545892796092182e-07
  -5.8962660198108813e-04
  -3.0522303339974806e-02
  -2.9298947971363248e-01
  -9.5181176961720337e-01
  -1.1443148825169032e+00
  -1.0490037851790048e-15
   1.1443148825169036e+00
   9.5181176961720171e-01
   2.9298947971363365e-01
   3.0522303339974910e-02
   5.8962660198108813e-04
   1.9545892796092892e-07
   6.6419215955976296e-07
   1.8548619098411846e-03
   8.2459657041919099e-02
   6.0865733977035519e-01
   1.2096100100624512e+00
   1.7290682697703652e-01
  -1.0252685474205443e+00
   1.7290682697703913e-01
   1.2096100100624512e+00
   6.0865733977035696e-01
   8.2459657041919349e-02
   1.8548619098411846e-03
   6.6419215955978657e-07
  -7.5010224118669359e-09
  -5.4457755168179628e-05
  -4.8537955979872710e-03
  -7.4530097626700195e-02
  -4.0440645405529896e-01
  -1.0301283735153188e+00
  -1.3907419219851309e+00
  -1.0301283735153177e+00
  -4.0440645405529774e-01
  -7.4530097626700556e-02
  -4.8537955979872909e-03
  -5.4457755168179628e-05
  -7.5010224118672353e-09
   3.6911895754118961e-08
   2.4985174483799233e-04
   1.9453481041221903e-02
   2.3937179489467469e-01
   9.0686681558077664e-01
   1.1870082508897097e+00
   1.1182417922995535e-15
  -1.1870082508897100e+00
  -9.0686681558077498e-01
  -2.3937179489467569e-01
  -1.9453481041221975e-02
  -2.4985174483799233e-04
  -3.6911895754120417e-08
   1.3562414734033974e-09
   2.2093817998806833e-05
   2.9618784021211027e-03
   5.8298631385821809e-02
   3.6890644030916420e-01
   1.0230697894969631e+00
   1.4194200303171416e+00
   1.0230697894969616e+00
   3.6890644030916314e-01
   5.8298631385822114e-02
   2.9618784021211157e-03
   2.2093817998806833e-05
   1.3562414734034563e-09
