   7.0710678118654746e-01
   7.0710678118654746e-01
   7.0710678118654746e-01
   7.0710678118654746e-01
   7.0710678118654746e-01
   7.0710678118654746e-01
   7.0710678118654746e-01
  -1.1624150480389712e+00
  -9.0818651653978255e-01
  -4.9705676772861024e-01
  -1.9695399677601134e-16
   4.9705676772861013e-01
   9.0818651653978277e-01
   1.1624150480389712e+00
   1.3458791974992488e+00
   5.1355823828475955e-01
  -3.9992466955244921e-01
  -7.9056941504209466e-01
  -3.9992466955244954e-01
   5.1355823828476044e-01
   1.3458791974992488e+00
  -1.3352908496833198e+00
   1.7386579768311905e-01
   8.2625251908666286e-01
   4.5127829932508041e-16
  -8.2625251908666297e-01
  -1.7386579768311761e-01
   1.3352908496833198e+00
   1.1605253292459405e+00
  -7.7258941708257445e-01
  -2.6298455249699715e-01
   7.9549512883486562e-01
  -2.6298455249699670e-01
  -7.7258941708257334e-01
   1.1605253292459405e+00
  -8.5278470030804765e-01
   9.6569305738634625e-01
  -6.1621785843137233e-01
  -7.0713410810365378e-16
   6.1621785843137278e-01
  -9.6569305738634625e-01
   8.5278470030804765e-01
   4.5082401017726775e-01
  -6.5342074807485395e-01
   7.6182838521738949e-01
  -7.9672179899887263e-01
   7.6182838521738938e-01
  -6.5342074807485606e-01
   4.5082401017726775e-01
  -2.7275561964197553e-01
  -5.8103237912156624e-01
  -7.9149686343509484e-01
  -8.6602540378443871e-01
  -7.9149686343509507e-01
  -5.8103237912156602e-01
  -2.7275561964197553e-01
   5.7886101706891246e-01
   9.6341800271072542e-01
   7.1828130358255460e-01
   3.1141161204282791e-16
  -7.1828130358255460e-01
  -9.6341800271072520e-01
  -5.7886101706891246e-01
  -8.9401631360715117e-01
  -9.5077818347690812e-01
   1.3063855159581830e-01
   8.1009258730098233e-01
   1.3063855159581864e-01
  -9.5077818347690857e-01
  -8.9401631360715117e-01
   1.1717786963758912e+00
   5.0093196337633017e-01
  -8.1242573737523294e-01
  -5.7209966211186094e-16
   8.1242573737523316e-01
  -5.0093196337633161e-01
  -1.1717786963758912e+00
  -1.3727779516565612e+00
   1.8781878394611887e-01
   5.4019566713282652e-01
  -8.0282703616657047e-01
   5.4019566713282618e-01
   1.8781878394611703e-01
  -1.3727779516565612e+00
   1.4674149896578332e+00
  -7.8005645028655046e-01
   3.6540319493084833e-01
   8.3032958829213073e-16
  -3.6540319493084900e-01
   7.8005645028654913e-01
  -1.4674149896578332e+00
   9.6044342817958719e-02
   4.3583795153451638e-01
   8.0876578702701540e-01
   9.6824583655185426e-01
   8.0876578702701563e-01
   4.3583795153451599e-01
   9.6044342817958719e-02
  -2.4117728573410030e-01
  -8.5507357439573817e-01
  -8.6842467137599433e-01
  -4.1195884042152487e-16
   8.6842467137599433e-01
   8.5507357439573750e-01
   2.4117728573410030e-01
   4.4130644041280831e-01
   1.0753757613998964e+00
   1.0714338701177936e-01
  -8.3852549156242095e-01
   1.0714338701177897e-01
   1.0753757613998962e+00
   4.4130644041280831e-01
  -6.8087724770761515e-01
  -9.2112702359508447e-01
   7.2851195977397787e-01
   6.8315645137404659e-16
  -7.2851195977397798e-01
   9.2112702359508503e-01
   6.8087724770761515e-01
   9.3642371150132342e-01
   3.9691942388556617e-01
  -7.2933036347756464e-01
   8.1639690485082061e-01
  -7.2933036347756430e-01
   3.9691942388556845e-01
   9.3642371150132342e-01
  -3.2672943335598087e-02
  -3.1584073580279903e-01
  -7.9838934507789816e-01
  -1.0458250331675945e+00
  -7.9838934507789849e-01
  -3.1584073580279853e-01
  -3.2672943335598087e-02
   9.3030447118028242e-02
   7.0261726584130391e-01
   9.7206733383372179e-01
   5.0454447703068850e-16
  -9.7206733383372179e-01
  -7.0261726584130302e-01
  -9.3030447118028242e-02
  -1.9254238786198163e-01
  -1.0341212106210265e+00
  -3.1933881145314502e-01
   8.6715230784447561e-01
  -3.1933881145314447e-01
  -1.0341212106210256e+00
  -1.9254238786198163e-01
   3.3448975246445245e-01
   1.1147146145061304e+00
  -6.0107981754594109e-01
  -7.8771981228990420e-16
   6.0107981754594164e-01
  -1.1147146145061306e+00
  -3.3448975246445245e-01
   1.0914594271665483e-02
   2.2475745573667075e-01
   7.7394403992622729e-01
   1.1092649593311781e+00
   7.7394403992622762e-01
   2.2475745573667025e-01
   1.0914594271665483e-02
  -3.4357340012381866e-02
  -5.5276415173735494e-01
  -1.0417566094614501e+00
  -5.9163084164915293e-16
   1.0417566094614501e+00
   5.5276415173735394e-01
   3.4357340012381866e-02
   7.8394683259438783e-02
   9.1482441723382801e-01
   5.0655000439508757e-01
  -8.9431800132838646e-01
   5.0655000439508713e-01
   9.1482441723382701e-01
   7.8394683259438783e-02
  -3.6053465372885602e-03
  -1.5815399000832039e-01
  -7.4186429439311941e-01
  -1.1634069043116431e+00
  -7.4186429439311985e-01
  -1.5815399000831998e-01
  -3.6053465372885602e-03
   1.2337702234699531e-02
   4.2284504860901850e-01
   1.0855666859624145e+00
   6.7456294637908370e-16
  -1.0855666859624147e+00
  -4.2284504860901762e-01
  -1.2337702234699531e-02
   1.1818739029288814e-03
   1.1044114725688799e-01
   7.0570645320657188e-01
   1.2109122981248477e+00
   7.0570645320657233e-01
   1.1044114725688767e-01
   1.1818739029288814e-03
