   9.1559697639718413e-02
  -1.5051527316951119e-01
   1.7427112235557565e-01
  -1.7290009049684588e-01
   1.5027058299552692e-01
  -1.1042279806871719e-01
   5.8374931705917663e-02
   1.9778157905650562e-01
  -2.5402466515404237e-01
   1.4364500809198194e-01
   4.8631201007552201e-02
  -2.1609742536555360e-01
   2.7010955467472458e-01
  -1.8276530614749312e-01
   2.6999461797297147e-01
  -1.8979121072572638e-01
  -1.5270325677345464e-01
   3.1548804109284218e-01
  -1.0041540496199451e-01
  -2.3529049600700708e-01
   2.9088897080378900e-01
   2.9554177303470336e-01
  -8.2318731713728672e-17
  -3.3042574734820551e-01
   1.8861590959546184e-16
   3.3248449466404117e-01
  -2.9555319457066946e-16
  -3.3299719272442618e-01
   2.6999461797297158e-01
   1.8979121072572644e-01
  -1.5270325677345484e-01
  -3.1548804109284234e-01
  -1.0041540496199437e-01
   2.3529049600700735e-01
   2.9088897080378906e-01
   1.9778157905650545e-01
   2.5402466515404226e-01
   1.4364500809198208e-01
  -4.8631201007551757e-02
  -2.1609742536555313e-01
  -2.7010955467472436e-01
  -1.8276530614749356e-01
   9.1559697639718524e-02
   1.5051527316951135e-01
   1.7427112235557587e-01
   1.7290009049684610e-01
   1.5027058299552712e-01
   1.1042279806871734e-01
   5.8374931705917739e-02
  -3.5317752181710280e-02
   7.4953799211645605e-02
  -1.1576167212183952e-01
   1.5172772485763444e-01
  -1.7775410662762001e-01
   1.9000818029153674e-01
  -1.6251788907014356e-01
   2.6947320961602056e-01
  -2.6593778402887197e-01
   1.4011337092566847e-01
   5.2533926492689065e-02
  -2.1818599481113515e-01
  -3.0221728734006542e-01
   2.7426138642380943e-01
   4.9881724753746880e-02
  -3.1020856033364363e-01
   2.0626293886397354e-01
   1.3952192037517760e-01
  -3.6196327080623003e-01
   1.3015734315585927e-16
   3.3858563648824669e-01
  -2.3911430775614064e-16
  -3.3554893266717006e-01
   3.4704387690250626e-16
  -3.0221728734006564e-01
  -2.7426138642380954e-01
   4.9881724753747025e-02
   3.1020856033364386e-01
   2.0626293886397348e-01
  -1.3952192037517794e-01
  -1.6251788907014336e-01
  -2.6947320961602028e-01
  -2.6593778402887192e-01
  -1.4011337092566878e-01
   5.2533926492688510e-02
   2.1818599481113460e-01
  -3.5317752181710328e-02
  -7.4953799211645702e-02
  -1.1576167212183967e-01
  -1.5172772485763464e-01
  -1.7775410662762023e-01
  -1.9000818029153699e-01
   1.2436298480494703e-02
  -3.1228832683979784e-02
   5.7142549506956776e-02
  -8.8163367384573629e-02
   1.2125279260347621e-01
   1.2190622485984633e-01
  -2.3916868887849516e-01
   3.0078839834043708e-01
  -2.5764419474601535e-01
   1.1102050284761047e-01
   3.0881108130733748e-01
  -3.3159063613138717e-01
   4.0910564873997211e-02
   2.7816775839408109e-01
  -2.7848024952155520e-01
   4.0468723944044771e-01
  -1.7218198064964927e-16
  -3.5046942994282348e-01
   2.8553151273756019e-16
   3.4122058390499543e-01
   3.0881108130733770e-01
   3.3159063613138734e-01
   4.0910564873997080e-02
  -2.7816775839408125e-01
  -2.7848024952155520e-01
   1.2190622485984613e-01
   2.3916868887849477e-01
   3.0078839834043680e-01
   2.5764419474601530e-01
   1.1102050284761102e-01
   1.2436298480494719e-02
   3.1228832683979826e-02
   5.7142549506956845e-02
   8.8163367384573740e-02
   1.2125279260347636e-01
  -4.2306549624473132e-03
   1.2046044297752703e-02
  -2.4931344578382069e-02
   4.3311394281693207e-02
  -8.8342356655983140e-02
   1.9652583740926716e-01
  -2.8924927806411904e-01
   3.1179168764925541e-01
  -3.0484904395384266e-01
   3.7116451917210624e-01
  -1.2193315450539899e-01
  -2.2951033709117433e-01
  -4.3711217712800604e-01
   2.1087899774670370e-16
   3.6243427070724138e-01
  -3.2923472970810629e-16
  -3.0484904395384288e-01
  -3.7116451917210641e-01
  -1.2193315450539884e-01
   2.2951033709117463e-01
  -8.8342356655982918e-02
  -1.9652583740926674e-01
  -2.8924927806411854e-01
  -3.1179168764925524e-01
  -4.2306549624473184e-03
  -1.2046044297752719e-02
  -2.4931344578382100e-02
  -4.3311394281693262e-02
   1.4132758700135435e-03
  -4.4487590091556173e-03
   1.0150932909667683e-02
   6.2865872146959281e-02
  -1.5461111346293485e-01
   2.5588132176633732e-01
   2.9551509185316710e-01
  -3.9777397880470688e-01
   1.9341601376154446e-01
   4.6362747687964256e-01
  -2.4727754361172712e-16
  -3.7378842177970045e-01
   2.9551509185316738e-01
   3.9777397880470705e-01
   1.9341601376154438e-01
   6.2865872146959087e-02
   1.5461111346293444e-01
   2.5588132176633682e-01
   1.4132758700135454e-03
   4.4487590091556234e-03
   1.0150932909667695e-02
  -4.6683817440786057e-04
   1.5975469564616562e-03
  -4.4236523690868418e-02
   1.1827203986048777e-01
  -2.8326608099606915e-01
   4.1450198252770321e-01
  -4.8625660000617155e-01
   2.8193977840497161e-16
  -2.8326608099606942e-01
  -4.1450198252770348e-01
  -4.4236523690868272e-02
  -1.1827203986048744e-01
  -4.6683817440786116e-04
  -1.5975469564616584e-03
   1.5303490233661612e-04
   3.0890984330012718e-02
   2.6945993066965362e-01
   5.0611191562442526e-01
   2.6945993066965396e-01
   3.0890984330012604e-02
   1.5303490233661634e-04
