   9.1559698e-02
  -1.5051527e-01
   1.7427112e-01
  -1.7290009e-01
   1.5027058e-01
  -1.1042280e-01
   5.8374932e-02
   1.9778158e-01
  -2.5402467e-01
   1.4364501e-01
   4.8631201e-02
  -2.1609743e-01
   2.7010955e-01
  -1.8276531e-01
   2.6999462e-01
  -1.8979121e-01
  -1.5270326e-01
   3.1548804e-01
  -1.0041540e-01
  -2.3529050e-01
   2.9088897e-01
   2.9554177e-01
  -8.2318732e-17
  -3.3042575e-01
   1.8861591e-16
   3.3248449e-01
  -2.9555319e-16
  -3.3299719e-01
   2.6999462e-01
   1.8979121e-01
  -1.5270326e-01
  -3.1548804e-01
  -1.0041540e-01
   2.3529050e-01
   2.9088897e-01
   1.9778158e-01
   2.5402467e-01
   1.4364501e-01
  -4.8631201e-02
  -2.1609743e-01
  -2.7010955e-01
  -1.8276531e-01
   9.1559698e-02
   1.5051527e-01
   1.7427112e-01
   1.7290009e-01
   1.5027058e-01
   1.1042280e-01
   5.8374932e-02
  -3.5317752e-02
   7.4953799e-02
  -1.1576167e-01
   1.5172772e-01
  -1.7775411e-01
   1.9000818e-01
  -1.6251789e-01
   2.6947321e-01
  -2.6593778e-01
   1.4011337e-01
   5.2533926e-02
  -2.1818599e-01
  -3.0221729e-01
   2.7426139e-01
   4.9881725e-02
  -3.1020856e-01
   2.0626294e-01
   1.3952192e-01
  -3.6196327e-01
   1.3015734e-16
   3.3858564e-01
  -2.3911431e-16
  -3.3554893e-01
   3.4704388e-16
  -3.0221729e-01
  -2.7426139e-01
   4.9881725e-02
   3.1020856e-01
   2.0626294e-01
  -1.3952192e-01
  -1.6251789e-01
  -2.6947321e-01
  -2.6593778e-01
  -1.4011337e-01
   5.2533926e-02
   2.1818599e-01
  -3.5317752e-02
  -7.4953799e-02
  -1.1576167e-01
  -1.5172772e-01
  -1.7775411e-01
  -1.9000818e-01
   1.2436298e-02
  -3.1228833e-02
   5.7142550e-02
  -8.8163367e-02
   1.2125279e-01
   1.2190622e-01
  -2.3916869e-01
   3.0078840e-01
  -2.5764419e-01
   1.1102050e-01
   3.0881108e-01
  -3.3159064e-01
   4.0910565e-02
   2.7816776e-01
  -2.7848025e-01
   4.0468724e-01
  -1.7218198e-16
  -3.5046943e-01
   2.8553151e-16
   3.4122058e-01
   3.0881108e-01
   3.3159064e-01
   4.0910565e-02
  -2.7816776e-01
  -2.7848025e-01
   1.2190622e-01
   2.3916869e-01
   3.0078840e-01
   2.5764419e-01
   1.1102050e-01
   1.2436298e-02
   3.1228833e-02
   5.7142550e-02
   8.8163367e-02
   1.2125279e-01
  -4.2306550e-03
   1.2046044e-02
  -2.4931345e-02
   4.3311394e-02
  -8.8342357e-02
   1.9652584e-01
  -2.8924928e-01
   3.1179169e-01
  -3.0484904e-01
   3.7116452e-01
  -1.2193315e-01
  -2.2951034e-01
  -4.3711218e-01
   2.1087900e-16
   3.6243427e-01
  -3.2923473e-16
  -3.0484904e-01
  -3.7116452e-01
  -1.2193315e-01
   2.2951034e-01
  -8.8342357e-02
  -1.9652584e-01
  -2.8924928e-01
  -3.1179169e-01
  -4.2306550e-03
  -1.2046044e-02
  -2.4931345e-02
  -4.3311394e-02
   1.4132759e-03
  -4.4487590e-03
   1.0150933e-02
   6.2865872e-02
  -1.5461111e-01
   2.5588132e-01
   2.9551509e-01
  -3.9777398e-01
   1.9341601e-01
   4.6362748e-01
  -2.4727754e-16
  -3.7378842e-01
   2.9551509e-01
   3.9777398e-01
   1.9341601e-01
   6.2865872e-02
   1.5461111e-01
   2.5588132e-01
   1.4132759e-03
   4.4487590e-03
   1.0150933e-02
  -4.6683817e-04
   1.5975470e-03
  -4.4236524e-02
   1.1827204e-01
  -2.8326608e-01
   4.1450198e-01
  -4.8625660e-01
   2.8193978e-16
  -2.8326608e-01
  -4.1450198e-01
  -4.4236524e-02
  -1.1827204e-01
  -4.6683817e-04
  -1.5975470e-03
   1.5303490e-04
   3.0890984e-02
   2.6945993e-01
   5.0611192e-01
   2.6945993e-01
   3.0890984e-02
   1.5303490e-04
