   7.0710678e-01
   7.0710678e-01
   7.0710678e-01
   7.0710678e-01
   7.0710678e-01
   7.0710678e-01
   7.0710678e-01
  -1.1624150e+00
  -9.0818652e-01
  -4.9705677e-01
  -1.9695400e-16
   4.9705677e-01
   9.0818652e-01
   1.1624150e+00
   1.3458792e+00
   5.1355824e-01
  -3.9992467e-01
  -7.9056942e-01
  -3.9992467e-01
   5.1355824e-01
   1.3458792e+00
  -1.3352908e+00
   1.7386580e-01
   8.2625252e-01
   4.5127830e-16
  -8.2625252e-01
  -1.7386580e-01
   1.3352908e+00
   1.1605253e+00
  -7.7258942e-01
  -2.6298455e-01
   7.9549513e-01
  -2.6298455e-01
  -7.7258942e-01
   1.1605253e+00
  -8.5278470e-01
   9.6569306e-01
  -6.1621786e-01
  -7.0713411e-16
   6.1621786e-01
  -9.6569306e-01
   8.5278470e-01
   4.5082401e-01
  -6.5342075e-01
   7.6182839e-01
  -7.9672180e-01
   7.6182839e-01
  -6.5342075e-01
   4.5082401e-01
  -2.7275562e-01
  -5.8103238e-01
  -7.9149686e-01
  -8.6602540e-01
  -7.9149686e-01
  -5.8103238e-01
  -2.7275562e-01
   5.7886102e-01
   9.6341800e-01
   7.1828130e-01
   3.1141161e-16
  -7.1828130e-01
  -9.6341800e-01
  -5.7886102e-01
  -8.9401631e-01
  -9.5077818e-01
   1.3063855e-01
   8.1009259e-01
   1.3063855e-01
  -9.5077818e-01
  -8.9401631e-01
   1.1717787e+00
   5.0093196e-01
  -8.1242574e-01
  -5.7209966e-16
   8.1242574e-01
  -5.0093196e-01
  -1.1717787e+00
  -1.3727780e+00
   1.8781878e-01
   5.4019567e-01
  -8.0282704e-01
   5.4019567e-01
   1.8781878e-01
  -1.3727780e+00
   1.4674150e+00
  -7.8005645e-01
   3.6540319e-01
   8.3032959e-16
  -3.6540319e-01
   7.8005645e-01
  -1.4674150e+00
   9.6044343e-02
   4.3583795e-01
   8.0876579e-01
   9.6824584e-01
   8.0876579e-01
   4.3583795e-01
   9.6044343e-02
  -2.4117729e-01
  -8.5507357e-01
  -8.6842467e-01
  -4.1195884e-16
   8.6842467e-01
   8.5507357e-01
   2.4117729e-01
   4.4130644e-01
   1.0753758e+00
   1.0714339e-01
  -8.3852549e-01
   1.0714339e-01
   1.0753758e+00
   4.4130644e-01
  -6.8087725e-01
  -9.2112702e-01
   7.2851196e-01
   6.8315645e-16
  -7.2851196e-01
   9.2112702e-01
   6.8087725e-01
   9.3642371e-01
   3.9691942e-01
  -7.2933036e-01
   8.1639690e-01
  -7.2933036e-01
   3.9691942e-01
   9.3642371e-01
  -3.2672943e-02
  -3.1584074e-01
  -7.9838935e-01
  -1.0458250e+00
  -7.9838935e-01
  -3.1584074e-01
  -3.2672943e-02
   9.3030447e-02
   7.0261727e-01
   9.7206733e-01
   5.0454448e-16
  -9.7206733e-01
  -7.0261727e-01
  -9.3030447e-02
  -1.9254239e-01
  -1.0341212e+00
  -3.1933881e-01
   8.6715231e-01
  -3.1933881e-01
  -1.0341212e+00
  -1.9254239e-01
   3.3448975e-01
   1.1147146e+00
  -6.0107982e-01
  -7.8771981e-16
   6.0107982e-01
  -1.1147146e+00
  -3.3448975e-01
   1.0914594e-02
   2.2475746e-01
   7.7394404e-01
   1.1092650e+00
   7.7394404e-01
   2.2475746e-01
   1.0914594e-02
  -3.4357340e-02
  -5.5276415e-01
  -1.0417566e+00
  -5.9163084e-16
   1.0417566e+00
   5.5276415e-01
   3.4357340e-02
   7.8394683e-02
   9.1482442e-01
   5.0655000e-01
  -8.9431800e-01
   5.0655000e-01
   9.1482442e-01
   7.8394683e-02
  -3.6053465e-03
  -1.5815399e-01
  -7.4186429e-01
  -1.1634069e+00
  -7.4186429e-01
  -1.5815399e-01
  -3.6053465e-03
   1.2337702e-02
   4.2284505e-01
   1.0855667e+00
   6.7456295e-16
  -1.0855667e+00
  -4.2284505e-01
  -1.2337702e-02
   1.1818739e-03
   1.1044115e-01
   7.0570645e-01
   1.2109123e+00
   7.0570645e-01
   1.1044115e-01
   1.1818739e-03
