   0.0000000e+00   0.0000000e+00   0.0000000e+00
   0.0000000e+00   0.0000000e+00   1.0000000e+01
   0.0000000e+00   7.0710678e+00   7.0710678e+00
   0.0000000e+00   1.0000000e+01   6.1232340e-16
   0.0000000e+00   7.0710678e+00  -7.0710678e+00
   0.0000000e+00   1.2246468e-15  -1.0000000e+01
   0.0000000e+00  -7.0710678e+00  -7.0710678e+00
   0.0000000e+00  -1.0000000e+01  -1.8369702e-15
   0.0000000e+00  -7.0710678e+00   7.0710678e+00
   0.0000000e+00   0.0000000e+00   2.0000000e+01
   0.0000000e+00   1.4142136e+01   1.4142136e+01
   0.0000000e+00   2.0000000e+01   1.2246468e-15
   0.0000000e+00   1.4142136e+01  -1.4142136e+01
   0.0000000e+00   2.4492936e-15  -2.0000000e+01
   0.0000000e+00  -1.4142136e+01  -1.4142136e+01
   0.0000000e+00  -2.0000000e+01  -3.6739404e-15
   0.0000000e+00  -1.4142136e+01   1.4142136e+01
