   5.9827371091245446e-02
   5.9827371091245446e-02
   5.9827371091245446e-02
   5.9827371091245446e-02
   5.9827371091245446e-02
   5.9827371091245446e-02
   5.9827371091245446e-02
   5.9827371091245446e-02
   5.9827371091245446e-02
   5.9827371091245446e-02
   5.9827371091245446e-02
   5.9827371091245446e-02
   5.9827371091245446e-02
   5.9827371091245446e-02
   5.9827371091245446e-02
   5.9827371091245446e-02
   5.9827371091245446e-02
   5.9827371091245446e-02
   5.9827371091245446e-02
   5.9827371091245446e-02
   5.9827371091245446e-02
   5.9827371091245446e-02
   5.9827371091245446e-02
   5.9827371091245446e-02
   6.0671254260341763e-02
   6.0671254260341763e-02
   6.0671254260341763e-02
   6.0671254260341763e-02
   6.0671254260341763e-02
   6.0671254260341763e-02
   6.0671254260341763e-02
   6.0671254260341763e-02
   6.0671254260341763e-02
   6.0671254260341763e-02
   6.0671254260341763e-02
   6.0671254260341763e-02
   6.0671254260341763e-02
   6.0671254260341763e-02
   6.0671254260341763e-02
   6.0671254260341763e-02
   6.0671254260341763e-02
   6.0671254260341763e-02
   6.0671254260341763e-02
   6.0671254260341763e-02
   6.0671254260341763e-02
   6.0671254260341763e-02
   6.0671254260341763e-02
   6.0671254260341763e-02
   6.0808834808105595e-02
   6.0808834808105595e-02
   6.0808834808105595e-02
   6.0808834808105595e-02
   6.0808834808105595e-02
   6.0808834808105595e-02
   6.0808834808105595e-02
   6.0808834808105595e-02
   6.0808834808105595e-02
   6.0808834808105595e-02
   6.0808834808105595e-02
   6.0808834808105595e-02
   6.0808834808105595e-02
   6.0808834808105595e-02
   6.0808834808105595e-02
   6.0808834808105595e-02
   6.0808834808105595e-02
   6.0808834808105595e-02
   6.0808834808105595e-02
   6.0808834808105595e-02
   6.0808834808105595e-02
   6.0808834808105595e-02
   6.0808834808105595e-02
   6.0808834808105595e-02
   6.0853052664892993e-02
   6.0853052664892993e-02
   6.0853052664892993e-02
   6.0853052664892993e-02
   6.0853052664892993e-02
   6.0853052664892993e-02
   6.0853052664892993e-02
   6.0853052664892993e-02
   6.0853052664892993e-02
   6.0853052664892993e-02
   6.0853052664892993e-02
   6.0853052664892993e-02
   6.0853052664892993e-02
   6.0853052664892993e-02
   6.0853052664892993e-02
   6.0853052664892993e-02
   6.0853052664892993e-02
   6.0853052664892993e-02
   6.0853052664892993e-02
   6.0853052664892993e-02
   6.0853052664892993e-02
   6.0853052664892993e-02
   6.0853052664892993e-02
   6.0853052664892993e-02
   6.0871489895627247e-02
   6.0871489895627247e-02
   6.0871489895627247e-02
   6.0871489895627247e-02
   6.0871489895627247e-02
   6.0871489895627247e-02
   6.0871489895627247e-02
   6.0871489895627247e-02
   6.0871489895627247e-02
   6.0871489895627247e-02
   6.0871489895627247e-02
   6.0871489895627247e-02
   6.0871489895627247e-02
   6.0871489895627247e-02
   6.0871489895627247e-02
   6.0871489895627247e-02
   6.0871489895627247e-02
   6.0871489895627247e-02
   6.0871489895627247e-02
   6.0871489895627247e-02
   6.0871489895627247e-02
   6.0871489895627247e-02
   6.0871489895627247e-02
   6.0871489895627247e-02
   6.0879541488741903e-02
   6.0879541488741903e-02
   6.0879541488741903e-02
   6.0879541488741903e-02
   6.0879541488741903e-02
   6.0879541488741903e-02
   6.0879541488741903e-02
   6.0879541488741903e-02
   6.0879541488741903e-02
   6.0879541488741903e-02
   6.0879541488741903e-02
   6.0879541488741903e-02
   6.0879541488741903e-02
   6.0879541488741903e-02
   6.0879541488741903e-02
   6.0879541488741903e-02
   6.0879541488741903e-02
   6.0879541488741903e-02
   6.0879541488741903e-02
   6.0879541488741903e-02
   6.0879541488741903e-02
   6.0879541488741903e-02
   6.0879541488741903e-02
   6.0879541488741903e-02
   6.0881854267584218e-02
   6.0881854267584218e-02
   6.0881854267584218e-02
   6.0881854267584218e-02
   6.0881854267584218e-02
   6.0881854267584218e-02
   6.0881854267584218e-02
   6.0881854267584218e-02
   6.0881854267584218e-02
   6.0881854267584218e-02
   6.0881854267584218e-02
   6.0881854267584218e-02
   6.0881854267584218e-02
   6.0881854267584218e-02
   6.0881854267584218e-02
   6.0881854267584218e-02
   6.0881854267584218e-02
   6.0881854267584218e-02
   6.0881854267584218e-02
   6.0881854267584218e-02
   6.0881854267584218e-02
   6.0881854267584218e-02
   6.0881854267584218e-02
   6.0881854267584218e-02
   6.0879541488741827e-02
   6.0879541488741827e-02
   6.0879541488741827e-02
   6.0879541488741827e-02
   6.0879541488741827e-02
   6.0879541488741827e-02
   6.0879541488741827e-02
   6.0879541488741827e-02
   6.0879541488741827e-02
   6.0879541488741827e-02
   6.0879541488741827e-02
   6.0879541488741827e-02
   6.0879541488741827e-02
   6.0879541488741827e-02
   6.0879541488741827e-02
   6.0879541488741827e-02
   6.0879541488741827e-02
   6.0879541488741827e-02
   6.0879541488741827e-02
   6.0879541488741827e-02
   6.0879541488741827e-02
   6.0879541488741827e-02
   6.0879541488741827e-02
   6.0879541488741827e-02
   6.0871489895627497e-02
   6.0871489895627497e-02
   6.0871489895627497e-02
   6.0871489895627497e-02
   6.0871489895627497e-02
   6.0871489895627497e-02
   6.0871489895627497e-02
   6.0871489895627497e-02
   6.0871489895627497e-02
   6.0871489895627497e-02
   6.0871489895627497e-02
   6.0871489895627497e-02
   6.0871489895627497e-02
   6.0871489895627497e-02
   6.0871489895627497e-02
   6.0871489895627497e-02
   6.0871489895627497e-02
   6.0871489895627497e-02
   6.0871489895627497e-02
   6.0871489895627497e-02
   6.0871489895627497e-02
   6.0871489895627497e-02
   6.0871489895627497e-02
   6.0871489895627497e-02
   6.0853052664893242e-02
   6.0853052664893242e-02
   6.0853052664893242e-02
   6.0853052664893242e-02
   6.0853052664893242e-02
   6.0853052664893242e-02
   6.0853052664893242e-02
   6.0853052664893242e-02
   6.0853052664893242e-02
   6.0853052664893242e-02
   6.0853052664893242e-02
   6.0853052664893242e-02
   6.0853052664893242e-02
   6.0853052664893242e-02
   6.0853052664893242e-02
   6.0853052664893242e-02
   6.0853052664893242e-02
   6.0853052664893242e-02
   6.0853052664893242e-02
   6.0853052664893242e-02
   6.0853052664893242e-02
   6.0853052664893242e-02
   6.0853052664893242e-02
   6.0853052664893242e-02
   6.0808834808105172e-02
   6.0808834808105172e-02
   6.0808834808105172e-02
   6.0808834808105172e-02
   6.0808834808105172e-02
   6.0808834808105172e-02
   6.0808834808105172e-02
   6.0808834808105172e-02
   6.0808834808105172e-02
   6.0808834808105172e-02
   6.0808834808105172e-02
   6.0808834808105172e-02
   6.0808834808105172e-02
   6.0808834808105172e-02
   6.0808834808105172e-02
   6.0808834808105172e-02
   6.0808834808105172e-02
   6.0808834808105172e-02
   6.0808834808105172e-02
   6.0808834808105172e-02
   6.0808834808105172e-02
   6.0808834808105172e-02
   6.0808834808105172e-02
   6.0808834808105172e-02
   6.0671254260341749e-02
   6.0671254260341749e-02
   6.0671254260341749e-02
   6.0671254260341749e-02
   6.0671254260341749e-02
   6.0671254260341749e-02
   6.0671254260341749e-02
   6.0671254260341749e-02
   6.0671254260341749e-02
   6.0671254260341749e-02
   6.0671254260341749e-02
   6.0671254260341749e-02
   6.0671254260341749e-02
   6.0671254260341749e-02
   6.0671254260341749e-02
   6.0671254260341749e-02
   6.0671254260341749e-02
   6.0671254260341749e-02
   6.0671254260341749e-02
   6.0671254260341749e-02
   6.0671254260341749e-02
   6.0671254260341749e-02
   6.0671254260341749e-02
   6.0671254260341749e-02
   5.9827371091245238e-02
   5.9827371091245238e-02
   5.9827371091245238e-02
   5.9827371091245238e-02
   5.9827371091245238e-02
   5.9827371091245238e-02
   5.9827371091245238e-02
   5.9827371091245238e-02
   5.9827371091245238e-02
   5.9827371091245238e-02
   5.9827371091245238e-02
   5.9827371091245238e-02
   5.9827371091245238e-02
   5.9827371091245238e-02
   5.9827371091245238e-02
   5.9827371091245238e-02
   5.9827371091245238e-02
   5.9827371091245238e-02
   5.9827371091245238e-02
   5.9827371091245238e-02
   5.9827371091245238e-02
   5.9827371091245238e-02
   5.9827371091245238e-02
   5.9827371091245238e-02
