   2.1526572910144479e-01
   2.1526572910144479e-01
   2.1526572910144479e-01
   2.1526572910144479e-01
   2.1526572910144479e-01
   2.1526572910144479e-01
   2.1526572910144479e-01
   2.1526572910144479e-01
   2.1526572910144479e-01
   2.1526572910144479e-01
   2.1526572910144479e-01
   2.1526572910144479e-01
   2.1828794723244993e-01
   2.1828794723244993e-01
   2.1828794723244993e-01
   2.1828794723244993e-01
   2.1828794723244993e-01
   2.1828794723244993e-01
   2.1828794723244993e-01
   2.1828794723244993e-01
   2.1828794723244993e-01
   2.1828794723244993e-01
   2.1828794723244993e-01
   2.1828794723244993e-01
   2.1875105728340521e-01
   2.1875105728340521e-01
   2.1875105728340521e-01
   2.1875105728340521e-01
   2.1875105728340521e-01
   2.1875105728340521e-01
   2.1875105728340521e-01
   2.1875105728340521e-01
   2.1875105728340521e-01
   2.1875105728340521e-01
   2.1875105728340521e-01
   2.1875105728340521e-01
   2.1884291682149268e-01
   2.1884291682149268e-01
   2.1884291682149268e-01
   2.1884291682149268e-01
   2.1884291682149268e-01
   2.1884291682149268e-01
   2.1884291682149268e-01
   2.1884291682149268e-01
   2.1884291682149268e-01
   2.1884291682149268e-01
   2.1884291682149268e-01
   2.1884291682149268e-01
   2.1875105728340527e-01
   2.1875105728340527e-01
   2.1875105728340527e-01
   2.1875105728340527e-01
   2.1875105728340527e-01
   2.1875105728340527e-01
   2.1875105728340527e-01
   2.1875105728340527e-01
   2.1875105728340527e-01
   2.1875105728340527e-01
   2.1875105728340527e-01
   2.1875105728340527e-01
   2.1828794723244987e-01
   2.1828794723244987e-01
   2.1828794723244987e-01
   2.1828794723244987e-01
   2.1828794723244987e-01
   2.1828794723244987e-01
   2.1828794723244987e-01
   2.1828794723244987e-01
   2.1828794723244987e-01
   2.1828794723244987e-01
   2.1828794723244987e-01
   2.1828794723244987e-01
   2.1526572910144520e-01
   2.1526572910144520e-01
   2.1526572910144520e-01
   2.1526572910144520e-01
   2.1526572910144520e-01
   2.1526572910144520e-01
   2.1526572910144520e-01
   2.1526572910144520e-01
   2.1526572910144520e-01
   2.1526572910144520e-01
   2.1526572910144520e-01
   2.1526572910144520e-01
