   5.9827371e-02
   5.9827371e-02
   5.9827371e-02
   5.9827371e-02
   5.9827371e-02
   5.9827371e-02
   5.9827371e-02
   5.9827371e-02
   5.9827371e-02
   5.9827371e-02
   5.9827371e-02
   5.9827371e-02
   5.9827371e-02
   5.9827371e-02
   5.9827371e-02
   5.9827371e-02
   5.9827371e-02
   5.9827371e-02
   5.9827371e-02
   5.9827371e-02
   5.9827371e-02
   5.9827371e-02
   5.9827371e-02
   5.9827371e-02
   6.0671254e-02
   6.0671254e-02
   6.0671254e-02
   6.0671254e-02
   6.0671254e-02
   6.0671254e-02
   6.0671254e-02
   6.0671254e-02
   6.0671254e-02
   6.0671254e-02
   6.0671254e-02
   6.0671254e-02
   6.0671254e-02
   6.0671254e-02
   6.0671254e-02
   6.0671254e-02
   6.0671254e-02
   6.0671254e-02
   6.0671254e-02
   6.0671254e-02
   6.0671254e-02
   6.0671254e-02
   6.0671254e-02
   6.0671254e-02
   6.0808835e-02
   6.0808835e-02
   6.0808835e-02
   6.0808835e-02
   6.0808835e-02
   6.0808835e-02
   6.0808835e-02
   6.0808835e-02
   6.0808835e-02
   6.0808835e-02
   6.0808835e-02
   6.0808835e-02
   6.0808835e-02
   6.0808835e-02
   6.0808835e-02
   6.0808835e-02
   6.0808835e-02
   6.0808835e-02
   6.0808835e-02
   6.0808835e-02
   6.0808835e-02
   6.0808835e-02
   6.0808835e-02
   6.0808835e-02
   6.0853053e-02
   6.0853053e-02
   6.0853053e-02
   6.0853053e-02
   6.0853053e-02
   6.0853053e-02
   6.0853053e-02
   6.0853053e-02
   6.0853053e-02
   6.0853053e-02
   6.0853053e-02
   6.0853053e-02
   6.0853053e-02
   6.0853053e-02
   6.0853053e-02
   6.0853053e-02
   6.0853053e-02
   6.0853053e-02
   6.0853053e-02
   6.0853053e-02
   6.0853053e-02
   6.0853053e-02
   6.0853053e-02
   6.0853053e-02
   6.0871490e-02
   6.0871490e-02
   6.0871490e-02
   6.0871490e-02
   6.0871490e-02
   6.0871490e-02
   6.0871490e-02
   6.0871490e-02
   6.0871490e-02
   6.0871490e-02
   6.0871490e-02
   6.0871490e-02
   6.0871490e-02
   6.0871490e-02
   6.0871490e-02
   6.0871490e-02
   6.0871490e-02
   6.0871490e-02
   6.0871490e-02
   6.0871490e-02
   6.0871490e-02
   6.0871490e-02
   6.0871490e-02
   6.0871490e-02
   6.0879541e-02
   6.0879541e-02
   6.0879541e-02
   6.0879541e-02
   6.0879541e-02
   6.0879541e-02
   6.0879541e-02
   6.0879541e-02
   6.0879541e-02
   6.0879541e-02
   6.0879541e-02
   6.0879541e-02
   6.0879541e-02
   6.0879541e-02
   6.0879541e-02
   6.0879541e-02
   6.0879541e-02
   6.0879541e-02
   6.0879541e-02
   6.0879541e-02
   6.0879541e-02
   6.0879541e-02
   6.0879541e-02
   6.0879541e-02
   6.0881854e-02
   6.0881854e-02
   6.0881854e-02
   6.0881854e-02
   6.0881854e-02
   6.0881854e-02
   6.0881854e-02
   6.0881854e-02
   6.0881854e-02
   6.0881854e-02
   6.0881854e-02
   6.0881854e-02
   6.0881854e-02
   6.0881854e-02
   6.0881854e-02
   6.0881854e-02
   6.0881854e-02
   6.0881854e-02
   6.0881854e-02
   6.0881854e-02
   6.0881854e-02
   6.0881854e-02
   6.0881854e-02
   6.0881854e-02
   6.0879541e-02
   6.0879541e-02
   6.0879541e-02
   6.0879541e-02
   6.0879541e-02
   6.0879541e-02
   6.0879541e-02
   6.0879541e-02
   6.0879541e-02
   6.0879541e-02
   6.0879541e-02
   6.0879541e-02
   6.0879541e-02
   6.0879541e-02
   6.0879541e-02
   6.0879541e-02
   6.0879541e-02
   6.0879541e-02
   6.0879541e-02
   6.0879541e-02
   6.0879541e-02
   6.0879541e-02
   6.0879541e-02
   6.0879541e-02
   6.0871490e-02
   6.0871490e-02
   6.0871490e-02
   6.0871490e-02
   6.0871490e-02
   6.0871490e-02
   6.0871490e-02
   6.0871490e-02
   6.0871490e-02
   6.0871490e-02
   6.0871490e-02
   6.0871490e-02
   6.0871490e-02
   6.0871490e-02
   6.0871490e-02
   6.0871490e-02
   6.0871490e-02
   6.0871490e-02
   6.0871490e-02
   6.0871490e-02
   6.0871490e-02
   6.0871490e-02
   6.0871490e-02
   6.0871490e-02
   6.0853053e-02
   6.0853053e-02
   6.0853053e-02
   6.0853053e-02
   6.0853053e-02
   6.0853053e-02
   6.0853053e-02
   6.0853053e-02
   6.0853053e-02
   6.0853053e-02
   6.0853053e-02
   6.0853053e-02
   6.0853053e-02
   6.0853053e-02
   6.0853053e-02
   6.0853053e-02
   6.0853053e-02
   6.0853053e-02
   6.0853053e-02
   6.0853053e-02
   6.0853053e-02
   6.0853053e-02
   6.0853053e-02
   6.0853053e-02
   6.0808835e-02
   6.0808835e-02
   6.0808835e-02
   6.0808835e-02
   6.0808835e-02
   6.0808835e-02
   6.0808835e-02
   6.0808835e-02
   6.0808835e-02
   6.0808835e-02
   6.0808835e-02
   6.0808835e-02
   6.0808835e-02
   6.0808835e-02
   6.0808835e-02
   6.0808835e-02
   6.0808835e-02
   6.0808835e-02
   6.0808835e-02
   6.0808835e-02
   6.0808835e-02
   6.0808835e-02
   6.0808835e-02
   6.0808835e-02
   6.0671254e-02
   6.0671254e-02
   6.0671254e-02
   6.0671254e-02
   6.0671254e-02
   6.0671254e-02
   6.0671254e-02
   6.0671254e-02
   6.0671254e-02
   6.0671254e-02
   6.0671254e-02
   6.0671254e-02
   6.0671254e-02
   6.0671254e-02
   6.0671254e-02
   6.0671254e-02
   6.0671254e-02
   6.0671254e-02
   6.0671254e-02
   6.0671254e-02
   6.0671254e-02
   6.0671254e-02
   6.0671254e-02
   6.0671254e-02
   5.9827371e-02
   5.9827371e-02
   5.9827371e-02
   5.9827371e-02
   5.9827371e-02
   5.9827371e-02
   5.9827371e-02
   5.9827371e-02
   5.9827371e-02
   5.9827371e-02
   5.9827371e-02
   5.9827371e-02
   5.9827371e-02
   5.9827371e-02
   5.9827371e-02
   5.9827371e-02
   5.9827371e-02
   5.9827371e-02
   5.9827371e-02
   5.9827371e-02
   5.9827371e-02
   5.9827371e-02
   5.9827371e-02
   5.9827371e-02
