   2.1526573e-01
   2.1526573e-01
   2.1526573e-01
   2.1526573e-01
   2.1526573e-01
   2.1526573e-01
   2.1526573e-01
   2.1526573e-01
   2.1526573e-01
   2.1526573e-01
   2.1526573e-01
   2.1526573e-01
   2.1828795e-01
   2.1828795e-01
   2.1828795e-01
   2.1828795e-01
   2.1828795e-01
   2.1828795e-01
   2.1828795e-01
   2.1828795e-01
   2.1828795e-01
   2.1828795e-01
   2.1828795e-01
   2.1828795e-01
   2.1875106e-01
   2.1875106e-01
   2.1875106e-01
   2.1875106e-01
   2.1875106e-01
   2.1875106e-01
   2.1875106e-01
   2.1875106e-01
   2.1875106e-01
   2.1875106e-01
   2.1875106e-01
   2.1875106e-01
   2.1884292e-01
   2.1884292e-01
   2.1884292e-01
   2.1884292e-01
   2.1884292e-01
   2.1884292e-01
   2.1884292e-01
   2.1884292e-01
   2.1884292e-01
   2.1884292e-01
   2.1884292e-01
   2.1884292e-01
   2.1875106e-01
   2.1875106e-01
   2.1875106e-01
   2.1875106e-01
   2.1875106e-01
   2.1875106e-01
   2.1875106e-01
   2.1875106e-01
   2.1875106e-01
   2.1875106e-01
   2.1875106e-01
   2.1875106e-01
   2.1828795e-01
   2.1828795e-01
   2.1828795e-01
   2.1828795e-01
   2.1828795e-01
   2.1828795e-01
   2.1828795e-01
   2.1828795e-01
   2.1828795e-01
   2.1828795e-01
   2.1828795e-01
   2.1828795e-01
   2.1526573e-01
   2.1526573e-01
   2.1526573e-01
   2.1526573e-01
   2.1526573e-01
   2.1526573e-01
   2.1526573e-01
   2.1526573e-01
   2.1526573e-01
   2.1526573e-01
   2.1526573e-01
   2.1526573e-01
