# dumbbell
   4.8405714064057670e-01
   4.1920578067799630e-01
   2.4202857032028841e-01
   2.9639951394495124e-17
  -2.4202857032028824e-01
  -4.1920578067799630e-01
  -4.8405714064057670e-01
  -4.1920578067799635e-01
  -2.4202857032028857e-01
  -8.8919854183485354e-17
   2.4202857032028841e-01
   4.1920578067799613e-01
   8.0837622651790852e-01
   7.0007434797991264e-01
   4.0418811325895437e-01
   4.9498767915598620e-17
  -4.0418811325895410e-01
  -7.0007434797991264e-01
  -8.0837622651790852e-01
  -7.0007434797991275e-01
  -4.0418811325895460e-01
  -1.4849630374679584e-16
   4.0418811325895437e-01
   7.0007434797991230e-01
   7.6812530156312731e-01
   6.6521602444325112e-01
   3.8406265078156376e-01
   4.7034109595168961e-17
  -3.8406265078156349e-01
  -6.6521602444325112e-01
  -7.6812530156312731e-01
  -6.6521602444325112e-01
  -3.8406265078156399e-01
  -1.4110232878550689e-16
   3.8406265078156376e-01
   6.6521602444325079e-01
   6.8460843474748001e-01
   5.9288829613641891e-01
   3.4230421737374006e-01
   4.1920176414139051e-17
  -3.4230421737373984e-01
  -5.9288829613641891e-01
  -6.8460843474748001e-01
  -5.9288829613641902e-01
  -3.4230421737374028e-01
  -1.2576052924241713e-16
   3.4230421737374006e-01
   5.9288829613641869e-01
   7.6812530156312731e-01
   6.6521602444325112e-01
   3.8406265078156376e-01
   4.7034109595168961e-17
  -3.8406265078156349e-01
  -6.6521602444325112e-01
  -7.6812530156312731e-01
  -6.6521602444325112e-01
  -3.8406265078156399e-01
  -1.4110232878550689e-16
   3.8406265078156376e-01
   6.6521602444325079e-01
   8.0837622651790841e-01
   7.0007434797991253e-01
   4.0418811325895432e-01
   4.9498767915598614e-17
  -4.0418811325895404e-01
  -7.0007434797991253e-01
  -8.0837622651790841e-01
  -7.0007434797991264e-01
  -4.0418811325895454e-01
  -1.4849630374679584e-16
   4.0418811325895432e-01
   7.0007434797991230e-01
   4.8405714064057648e-01
   4.1920578067799608e-01
   2.4202857032028829e-01
   2.9639951394495106e-17
  -2.4202857032028813e-01
  -4.1920578067799608e-01
  -4.8405714064057648e-01
  -4.1920578067799613e-01
  -2.4202857032028846e-01
  -8.8919854183485317e-17
   2.4202857032028829e-01
   4.1920578067799591e-01
   0.0000000000000000e+00
   2.4202857032028832e-01
   4.1920578067799624e-01
   4.8405714064057670e-01
   4.1920578067799630e-01
   2.4202857032028832e-01
   5.9279902788990248e-17
  -2.4202857032028821e-01
  -4.1920578067799619e-01
  -4.8405714064057670e-01
  -4.1920578067799624e-01
  -2.4202857032028857e-01
   0.0000000000000000e+00
   4.0418811325895421e-01
   7.0007434797991253e-01
   8.0837622651790852e-01
   7.0007434797991264e-01
   4.0418811325895421e-01
   9.8997535831197240e-17
  -4.0418811325895404e-01
  -7.0007434797991241e-01
  -8.0837622651790852e-01
  -7.0007434797991253e-01
  -4.0418811325895460e-01
   0.0000000000000000e+00
   3.8406265078156360e-01
   6.6521602444325101e-01
   7.6812530156312731e-01
   6.6521602444325112e-01
   3.8406265078156360e-01
   9.4068219190337923e-17
  -3.8406265078156343e-01
  -6.6521602444325090e-01
  -7.6812530156312731e-01
  -6.6521602444325101e-01
  -3.8406265078156399e-01
   0.0000000000000000e+00
   3.4230421737373995e-01
   5.9288829613641891e-01
   6.8460843474748001e-01
   5.9288829613641891e-01
   3.4230421737373995e-01
   8.3840352828278101e-17
  -3.4230421737373984e-01
  -5.9288829613641880e-01
  -6.8460843474748001e-01
  -5.9288829613641891e-01
  -3.4230421737374028e-01
   0.0000000000000000e+00
   3.8406265078156360e-01
   6.6521602444325101e-01
   7.6812530156312731e-01
   6.6521602444325112e-01
   3.8406265078156360e-01
   9.4068219190337923e-17
  -3.8406265078156343e-01
  -6.6521602444325090e-01
  -7.6812530156312731e-01
  -6.6521602444325101e-01
  -3.8406265078156399e-01
   0.0000000000000000e+00
   4.0418811325895415e-01
   7.0007434797991241e-01
   8.0837622651790841e-01
   7.0007434797991253e-01
   4.0418811325895415e-01
   9.8997535831197227e-17
  -4.0418811325895398e-01
  -7.0007434797991230e-01
  -8.0837622651790841e-01
  -7.0007434797991241e-01
  -4.0418811325895454e-01
   0.0000000000000000e+00
   2.4202857032028821e-01
   4.1920578067799602e-01
   4.8405714064057648e-01
   4.1920578067799608e-01
   2.4202857032028821e-01
   5.9279902788990211e-17
  -2.4202857032028810e-01
  -4.1920578067799597e-01
  -4.8405714064057648e-01
  -4.1920578067799602e-01
  -2.4202857032028846e-01
  -1.4587106357829154e+00
  -1.4587106357829154e+00
  -1.4587106357829154e+00
  -1.4587106357829154e+00
  -1.4587106357829154e+00
  -1.4587106357829154e+00
  -1.4587106357829154e+00
  -1.4587106357829154e+00
  -1.4587106357829154e+00
  -1.4587106357829154e+00
  -1.4587106357829154e+00
  -1.4587106357829154e+00
  -8.9345616512819737e-01
  -8.9345616512819737e-01
  -8.9345616512819737e-01
  -8.9345616512819737e-01
  -8.9345616512819737e-01
  -8.9345616512819737e-01
  -8.9345616512819737e-01
  -8.9345616512819737e-01
  -8.9345616512819737e-01
  -8.9345616512819737e-01
  -8.9345616512819737e-01
  -8.9345616512819737e-01
  -3.4109383196687848e-01
  -3.4109383196687848e-01
  -3.4109383196687848e-01
  -3.4109383196687848e-01
  -3.4109383196687848e-01
  -3.4109383196687848e-01
  -3.4109383196687848e-01
  -3.4109383196687848e-01
  -3.4109383196687848e-01
  -3.4109383196687848e-01
  -3.4109383196687848e-01
  -3.4109383196687848e-01
  -1.1009343300770923e-16
  -1.1009343300770923e-16
  -1.1009343300770923e-16
  -1.1009343300770923e-16
  -1.1009343300770923e-16
  -1.1009343300770923e-16
  -1.1009343300770923e-16
  -1.1009343300770923e-16
  -1.1009343300770923e-16
  -1.1009343300770923e-16
  -1.1009343300770923e-16
  -1.1009343300770923e-16
   3.4109383196687831e-01
   3.4109383196687831e-01
   3.4109383196687831e-01
   3.4109383196687831e-01
   3.4109383196687831e-01
   3.4109383196687831e-01
   3.4109383196687831e-01
   3.4109383196687831e-01
   3.4109383196687831e-01
   3.4109383196687831e-01
   3.4109383196687831e-01
   3.4109383196687831e-01
   8.9345616512819803e-01
   8.9345616512819803e-01
   8.9345616512819803e-01
   8.9345616512819803e-01
   8.9345616512819803e-01
   8.9345616512819803e-01
   8.9345616512819803e-01
   8.9345616512819803e-01
   8.9345616512819803e-01
   8.9345616512819803e-01
   8.9345616512819803e-01
   8.9345616512819803e-01
   1.4587106357829154e+00
   1.4587106357829154e+00
   1.4587106357829154e+00
   1.4587106357829154e+00
   1.4587106357829154e+00
   1.4587106357829154e+00
   1.4587106357829154e+00
   1.4587106357829154e+00
   1.4587106357829154e+00
   1.4587106357829154e+00
   1.4587106357829154e+00
   1.4587106357829154e+00
# oblate65
   9.1335807645501116e-02
   7.9099129696172929e-02
   4.5667903822750565e-02
   5.5927052240300646e-18
  -4.5667903822750537e-02
  -7.9099129696172929e-02
  -9.1335807645501116e-02
  -7.9099129696172943e-02
  -4.5667903822750600e-02
  -1.6778115672090194e-17
   4.5667903822750565e-02
   7.9099129696172901e-02
   1.9456633628636047e-01
   1.6849938994525421e-01
   9.7283168143180263e-02
   1.1913752047745944e-17
  -9.7283168143180193e-02
  -1.6849938994525421e-01
  -1.9456633628636047e-01
  -1.6849938994525424e-01
  -9.7283168143180318e-02
  -3.5741256143237831e-17
   9.7283168143180263e-02
   1.6849938994525415e-01
   2.6504313775685789e-01
   2.2953409039617748e-01
   1.3252156887842897e-01
   1.6229211514495350e-17
  -1.3252156887842889e-01
  -2.2953409039617748e-01
  -2.6504313775685789e-01
  -2.2953409039617750e-01
  -1.3252156887842906e-01
  -4.8687634543486049e-17
   1.3252156887842897e-01
   2.2953409039617739e-01
   2.8999999999999998e-01
   2.5114736709748720e-01
   1.4500000000000002e-01
   1.7757378587636619e-17
  -1.4499999999999993e-01
  -2.5114736709748720e-01
  -2.8999999999999998e-01
  -2.5114736709748725e-01
  -1.4500000000000013e-01
  -5.3272135762909857e-17
   1.4500000000000002e-01
   2.5114736709748708e-01
   2.6504313775685795e-01
   2.2953409039617753e-01
   1.3252156887842900e-01
   1.6229211514495353e-17
  -1.3252156887842892e-01
  -2.2953409039617753e-01
  -2.6504313775685795e-01
  -2.2953409039617756e-01
  -1.3252156887842909e-01
  -4.8687634543486061e-17
   1.3252156887842900e-01
   2.2953409039617742e-01
   1.9456633628636036e-01
   1.6849938994525412e-01
   9.7283168143180207e-02
   1.1913752047745937e-17
  -9.7283168143180138e-02
  -1.6849938994525412e-01
  -1.9456633628636036e-01
  -1.6849938994525415e-01
  -9.7283168143180263e-02
  -3.5741256143237807e-17
   9.7283168143180207e-02
   1.6849938994525404e-01
   9.1335807645501074e-02
   7.9099129696172887e-02
   4.5667903822750544e-02
   5.5927052240300623e-18
  -4.5667903822750516e-02
  -7.9099129696172887e-02
  -9.1335807645501074e-02
  -7.9099129696172901e-02
  -4.5667903822750579e-02
  -1.6778115672090185e-17
   4.5667903822750544e-02
   7.9099129696172860e-02
   0.0000000000000000e+00
   1.5747553042327778e-01
   2.7275561964197559e-01
   3.1495106084655561e-01
   2.7275561964197564e-01
   1.5747553042327778e-01
   3.8570380855379761e-17
  -1.5747553042327772e-01
  -2.7275561964197559e-01
  -3.1495106084655561e-01
  -2.7275561964197559e-01
  -1.5747553042327794e-01
   0.0000000000000000e+00
   3.3545920049372491e-01
   5.8103237912156624e-01
   6.7091840098744993e-01
   5.8103237912156624e-01
   3.3545920049372491e-01
   8.2163807225834097e-17
  -3.3545920049372480e-01
  -5.8103237912156613e-01
  -6.7091840098744993e-01
  -5.8103237912156624e-01
  -3.3545920049372524e-01
   0.0000000000000000e+00
   4.5697092716699639e-01
   7.9149686343509473e-01
   9.1394185433399289e-01
   7.9149686343509484e-01
   4.5697092716699639e-01
   1.1192559665169210e-16
  -4.5697092716699617e-01
  -7.9149686343509462e-01
  -9.1394185433399289e-01
  -7.9149686343509473e-01
  -4.5697092716699683e-01
   0.0000000000000000e+00
   4.9999999999999994e-01
   8.6602540378443860e-01
   1.0000000000000000e+00
   8.6602540378443871e-01
   4.9999999999999994e-01
   1.2246467991473532e-16
  -4.9999999999999972e-01
  -8.6602540378443849e-01
  -1.0000000000000000e+00
  -8.6602540378443860e-01
  -5.0000000000000044e-01
   0.0000000000000000e+00
   4.5697092716699644e-01
   7.9149686343509484e-01
   9.1394185433399300e-01
   7.9149686343509496e-01
   4.5697092716699644e-01
   1.1192559665169210e-16
  -4.5697092716699622e-01
  -7.9149686343509473e-01
  -9.1394185433399300e-01
  -7.9149686343509484e-01
  -4.5697092716699689e-01
   0.0000000000000000e+00
   3.3545920049372474e-01
   5.8103237912156591e-01
   6.7091840098744959e-01
   5.8103237912156602e-01
   3.3545920049372474e-01
   8.2163807225834060e-17
  -3.3545920049372463e-01
  -5.8103237912156580e-01
  -6.7091840098744959e-01
  -5.8103237912156591e-01
  -3.3545920049372507e-01
   0.0000000000000000e+00
   1.5747553042327769e-01
   2.7275561964197548e-01
   3.1495106084655544e-01
   2.7275561964197548e-01
   1.5747553042327769e-01
   3.8570380855379743e-17
  -1.5747553042327764e-01
  -2.7275561964197542e-01
  -3.1495106084655544e-01
  -2.7275561964197548e-01
  -1.5747553042327786e-01
  -9.4910791234275849e-01
  -9.4910791234275849e-01
  -9.4910791234275849e-01
  -9.4910791234275849e-01
  -9.4910791234275849e-01
  -9.4910791234275849e-01
  -9.4910791234275849e-01
  -9.4910791234275849e-01
  -9.4910791234275849e-01
  -9.4910791234275849e-01
  -9.4910791234275849e-01
  -9.4910791234275849e-01
  -7.4153118559939424e-01
  -7.4153118559939424e-01
  -7.4153118559939424e-01
  -7.4153118559939424e-01
  -7.4153118559939424e-01
  -7.4153118559939424e-01
  -7.4153118559939424e-01
  -7.4153118559939424e-01
  -7.4153118559939424e-01
  -7.4153118559939424e-01
  -7.4153118559939424e-01
  -7.4153118559939424e-01
  -4.0584515137739718e-01
  -4.0584515137739718e-01
  -4.0584515137739718e-01
  -4.0584515137739718e-01
  -4.0584515137739718e-01
  -4.0584515137739718e-01
  -4.0584515137739718e-01
  -4.0584515137739718e-01
  -4.0584515137739718e-01
  -4.0584515137739718e-01
  -4.0584515137739718e-01
  -4.0584515137739718e-01
  -1.6081226496766366e-16
  -1.6081226496766366e-16
  -1.6081226496766366e-16
  -1.6081226496766366e-16
  -1.6081226496766366e-16
  -1.6081226496766366e-16
  -1.6081226496766366e-16
  -1.6081226496766366e-16
  -1.6081226496766366e-16
  -1.6081226496766366e-16
  -1.6081226496766366e-16
  -1.6081226496766366e-16
   4.0584515137739707e-01
   4.0584515137739707e-01
   4.0584515137739707e-01
   4.0584515137739707e-01
   4.0584515137739707e-01
   4.0584515137739707e-01
   4.0584515137739707e-01
   4.0584515137739707e-01
   4.0584515137739707e-01
   4.0584515137739707e-01
   4.0584515137739707e-01
   4.0584515137739707e-01
   7.4153118559939457e-01
   7.4153118559939457e-01
   7.4153118559939457e-01
   7.4153118559939457e-01
   7.4153118559939457e-01
   7.4153118559939457e-01
   7.4153118559939457e-01
   7.4153118559939457e-01
   7.4153118559939457e-01
   7.4153118559939457e-01
   7.4153118559939457e-01
   7.4153118559939457e-01
   9.4910791234275849e-01
   9.4910791234275849e-01
   9.4910791234275849e-01
   9.4910791234275849e-01
   9.4910791234275849e-01
   9.4910791234275849e-01
   9.4910791234275849e-01
   9.4910791234275849e-01
   9.4910791234275849e-01
   9.4910791234275849e-01
   9.4910791234275849e-01
   9.4910791234275849e-01
# oblate75
   1.1527208826983935e-01
   9.9828556788963088e-02
   5.7636044134919691e-02
   7.0583796965344957e-18
  -5.7636044134919649e-02
  -9.9828556788963088e-02
  -1.1527208826983935e-01
  -9.9828556788963102e-02
  -5.7636044134919726e-02
  -2.1175139089603489e-17
   5.7636044134919691e-02
   9.9828556788963047e-02
   2.4555613476140667e-01
   2.1265785075849325e-01
   1.2277806738070336e-01
   1.5035976722327639e-17
  -1.2277806738070328e-01
  -2.1265785075849325e-01
  -2.4555613476140667e-01
  -2.1265785075849328e-01
  -1.2277806738070345e-01
  -4.5107930166982913e-17
   1.2277806738070336e-01
   2.1265785075849317e-01
   3.3450271868624137e-01
   2.8968785201724467e-01
   1.6725135934312071e-01
   2.0482384187259651e-17
  -1.6725135934312060e-01
  -2.8968785201724467e-01
  -3.3450271868624137e-01
  -2.8968785201724473e-01
  -1.6725135934312083e-01
  -6.1447152561778952e-17
   1.6725135934312071e-01
   2.8968785201724456e-01
   3.6599999999999999e-01
   3.1696529778510457e-01
   1.8300000000000002e-01
   2.2411036424396563e-17
  -1.8299999999999991e-01
  -3.1696529778510457e-01
  -3.6599999999999999e-01
  -3.1696529778510463e-01
  -1.8300000000000016e-01
  -6.7233109273189690e-17
   1.8300000000000002e-01
   3.1696529778510446e-01
   3.3450271868624143e-01
   2.8968785201724473e-01
   1.6725135934312074e-01
   2.0482384187259654e-17
  -1.6725135934312063e-01
  -2.8968785201724473e-01
  -3.3450271868624143e-01
  -2.8968785201724478e-01
  -1.6725135934312085e-01
  -6.1447152561778964e-17
   1.6725135934312074e-01
   2.8968785201724462e-01
   2.4555613476140656e-01
   2.1265785075849317e-01
   1.2277806738070331e-01
   1.5035976722327632e-17
  -1.2277806738070322e-01
  -2.1265785075849317e-01
  -2.4555613476140656e-01
  -2.1265785075849319e-01
  -1.2277806738070339e-01
  -4.5107930166982894e-17
   1.2277806738070331e-01
   2.1265785075849308e-01
   1.1527208826983928e-01
   9.9828556788963033e-02
   5.7636044134919656e-02
   7.0583796965344926e-18
  -5.7636044134919615e-02
  -9.9828556788963033e-02
  -1.1527208826983928e-01
  -9.9828556788963047e-02
  -5.7636044134919691e-02
  -2.1175139089603473e-17
   5.7636044134919656e-02
   9.9828556788962991e-02
   0.0000000000000000e+00
   1.5747553042327778e-01
   2.7275561964197559e-01
   3.1495106084655561e-01
   2.7275561964197564e-01
   1.5747553042327778e-01
   3.8570380855379761e-17
  -1.5747553042327772e-01
  -2.7275561964197559e-01
  -3.1495106084655561e-01
  -2.7275561964197559e-01
  -1.5747553042327794e-01
   0.0000000000000000e+00
   3.3545920049372491e-01
   5.8103237912156624e-01
   6.7091840098744993e-01
   5.8103237912156624e-01
   3.3545920049372491e-01
   8.2163807225834097e-17
  -3.3545920049372480e-01
  -5.8103237912156613e-01
  -6.7091840098744993e-01
  -5.8103237912156624e-01
  -3.3545920049372524e-01
   0.0000000000000000e+00
   4.5697092716699639e-01
   7.9149686343509473e-01
   9.1394185433399289e-01
   7.9149686343509484e-01
   4.5697092716699639e-01
   1.1192559665169210e-16
  -4.5697092716699617e-01
  -7.9149686343509462e-01
  -9.1394185433399289e-01
  -7.9149686343509473e-01
  -4.5697092716699683e-01
   0.0000000000000000e+00
   4.9999999999999994e-01
   8.6602540378443860e-01
   1.0000000000000000e+00
   8.6602540378443871e-01
   4.9999999999999994e-01
   1.2246467991473532e-16
  -4.9999999999999972e-01
  -8.6602540378443849e-01
  -1.0000000000000000e+00
  -8.6602540378443860e-01
  -5.0000000000000044e-01
   0.0000000000000000e+00
   4.5697092716699644e-01
   7.9149686343509484e-01
   9.1394185433399300e-01
   7.9149686343509496e-01
   4.5697092716699644e-01
   1.1192559665169210e-16
  -4.5697092716699622e-01
  -7.9149686343509473e-01
  -9.1394185433399300e-01
  -7.9149686343509484e-01
  -4.5697092716699689e-01
   0.0000000000000000e+00
   3.3545920049372474e-01
   5.8103237912156591e-01
   6.7091840098744959e-01
   5.8103237912156602e-01
   3.3545920049372474e-01
   8.2163807225834060e-17
  -3.3545920049372463e-01
  -5.8103237912156580e-01
  -6.7091840098744959e-01
  -5.8103237912156591e-01
  -3.3545920049372507e-01
   0.0000000000000000e+00
   1.5747553042327769e-01
   2.7275561964197548e-01
   3.1495106084655544e-01
   2.7275561964197548e-01
   1.5747553042327769e-01
   3.8570380855379743e-17
  -1.5747553042327764e-01
  -2.7275561964197542e-01
  -3.1495106084655544e-01
  -2.7275561964197548e-01
  -1.5747553042327786e-01
  -9.4910791234275849e-01
  -9.4910791234275849e-01
  -9.4910791234275849e-01
  -9.4910791234275849e-01
  -9.4910791234275849e-01
  -9.4910791234275849e-01
  -9.4910791234275849e-01
  -9.4910791234275849e-01
  -9.4910791234275849e-01
  -9.4910791234275849e-01
  -9.4910791234275849e-01
  -9.4910791234275849e-01
  -7.4153118559939424e-01
  -7.4153118559939424e-01
  -7.4153118559939424e-01
  -7.4153118559939424e-01
  -7.4153118559939424e-01
  -7.4153118559939424e-01
  -7.4153118559939424e-01
  -7.4153118559939424e-01
  -7.4153118559939424e-01
  -7.4153118559939424e-01
  -7.4153118559939424e-01
  -7.4153118559939424e-01
  -4.0584515137739718e-01
  -4.0584515137739718e-01
  -4.0584515137739718e-01
  -4.0584515137739718e-01
  -4.0584515137739718e-01
  -4.0584515137739718e-01
  -4.0584515137739718e-01
  -4.0584515137739718e-01
  -4.0584515137739718e-01
  -4.0584515137739718e-01
  -4.0584515137739718e-01
  -4.0584515137739718e-01
  -1.6081226496766366e-16
  -1.6081226496766366e-16
  -1.6081226496766366e-16
  -1.6081226496766366e-16
  -1.6081226496766366e-16
  -1.6081226496766366e-16
  -1.6081226496766366e-16
  -1.6081226496766366e-16
  -1.6081226496766366e-16
  -1.6081226496766366e-16
  -1.6081226496766366e-16
  -1.6081226496766366e-16
   4.0584515137739707e-01
   4.0584515137739707e-01
   4.0584515137739707e-01
   4.0584515137739707e-01
   4.0584515137739707e-01
   4.0584515137739707e-01
   4.0584515137739707e-01
   4.0584515137739707e-01
   4.0584515137739707e-01
   4.0584515137739707e-01
   4.0584515137739707e-01
   4.0584515137739707e-01
   7.4153118559939457e-01
   7.4153118559939457e-01
   7.4153118559939457e-01
   7.4153118559939457e-01
   7.4153118559939457e-01
   7.4153118559939457e-01
   7.4153118559939457e-01
   7.4153118559939457e-01
   7.4153118559939457e-01
   7.4153118559939457e-01
   7.4153118559939457e-01
   7.4153118559939457e-01
   9.4910791234275849e-01
   9.4910791234275849e-01
   9.4910791234275849e-01
   9.4910791234275849e-01
   9.4910791234275849e-01
   9.4910791234275849e-01
   9.4910791234275849e-01
   9.4910791234275849e-01
   9.4910791234275849e-01
   9.4910791234275849e-01
   9.4910791234275849e-01
   9.4910791234275849e-01
# oblate85
   1.4802699859788113e-01
   1.2819514123172854e-01
   7.4013499298940577e-02
   9.0640395010142429e-18
  -7.4013499298940535e-02
  -1.2819514123172854e-01
  -1.4802699859788113e-01
  -1.2819514123172857e-01
  -7.4013499298940633e-02
  -2.7192118503042729e-17
   7.4013499298940577e-02
   1.2819514123172848e-01
   3.1533164846410144e-01
   2.7308521818713616e-01
   1.5766582423205075e-01
   1.9308494698071010e-17
  -1.5766582423205064e-01
  -2.7308521818713616e-01
  -3.1533164846410144e-01
  -2.7308521818713616e-01
  -1.5766582423205086e-01
  -5.7925484094213033e-17
   1.5766582423205075e-01
   2.7308521818713605e-01
   4.2955267153697663e-01
   3.7200352581449453e-01
   2.1477633576848837e-01
   2.6302515213147641e-17
  -2.1477633576848823e-01
  -3.7200352581449453e-01
  -4.2955267153697663e-01
  -3.7200352581449458e-01
  -2.1477633576848851e-01
  -7.8907545639442917e-17
   2.1477633576848837e-01
   3.7200352581449442e-01
   4.6999999999999997e-01
   4.0703193977868618e-01
   2.3500000000000004e-01
   2.8779199779962798e-17
  -2.3499999999999988e-01
  -4.0703193977868618e-01
  -4.6999999999999997e-01
  -4.0703193977868624e-01
  -2.3500000000000021e-01
  -8.6337599339888395e-17
   2.3500000000000004e-01
   4.0703193977868601e-01
   4.2955267153697668e-01
   3.7200352581449458e-01
   2.1477633576848840e-01
   2.6302515213147644e-17
  -2.1477633576848826e-01
  -3.7200352581449458e-01
  -4.2955267153697668e-01
  -3.7200352581449464e-01
  -2.1477633576848854e-01
  -7.8907545639442929e-17
   2.1477633576848840e-01
   3.7200352581449447e-01
   3.1533164846410128e-01
   2.7308521818713599e-01
   1.5766582423205067e-01
   1.9308494698071001e-17
  -1.5766582423205056e-01
  -2.7308521818713599e-01
  -3.1533164846410128e-01
  -2.7308521818713605e-01
  -1.5766582423205078e-01
  -5.7925484094212996e-17
   1.5766582423205067e-01
   2.7308521818713588e-01
   1.4802699859788104e-01
   1.2819514123172848e-01
   7.4013499298940535e-02
   9.0640395010142383e-18
  -7.4013499298940494e-02
  -1.2819514123172848e-01
  -1.4802699859788104e-01
  -1.2819514123172848e-01
  -7.4013499298940591e-02
  -2.7192118503042713e-17
   7.4013499298940535e-02
   1.2819514123172843e-01
   0.0000000000000000e+00
   1.5747553042327778e-01
   2.7275561964197559e-01
   3.1495106084655561e-01
   2.7275561964197564e-01
   1.5747553042327778e-01
   3.8570380855379761e-17
  -1.5747553042327772e-01
  -2.7275561964197559e-01
  -3.1495106084655561e-01
  -2.7275561964197559e-01
  -1.5747553042327794e-01
   0.0000000000000000e+00
   3.3545920049372491e-01
   5.8103237912156624e-01
   6.7091840098744993e-01
   5.8103237912156624e-01
   3.3545920049372491e-01
   8.2163807225834097e-17
  -3.3545920049372480e-01
  -5.8103237912156613e-01
  -6.7091840098744993e-01
  -5.8103237912156624e-01
  -3.3545920049372524e-01
   0.0000000000000000e+00
   4.5697092716699639e-01
   7.9149686343509473e-01
   9.1394185433399289e-01
   7.9149686343509484e-01
   4.5697092716699639e-01
   1.1192559665169210e-16
  -4.5697092716699617e-01
  -7.9149686343509462e-01
  -9.1394185433399289e-01
  -7.9149686343509473e-01
  -4.5697092716699683e-01
   0.0000000000000000e+00
   4.9999999999999994e-01
   8.6602540378443860e-01
   1.0000000000000000e+00
   8.6602540378443871e-01
   4.9999999999999994e-01
   1.2246467991473532e-16
  -4.9999999999999972e-01
  -8.6602540378443849e-01
  -1.0000000000000000e+00
  -8.6602540378443860e-01
  -5.0000000000000044e-01
   0.0000000000000000e+00
   4.5697092716699644e-01
   7.9149686343509484e-01
   9.1394185433399300e-01
   7.9149686343509496e-01
   4.5697092716699644e-01
   1.1192559665169210e-16
  -4.5697092716699622e-01
  -7.9149686343509473e-01
  -9.1394185433399300e-01
  -7.9149686343509484e-01
  -4.5697092716699689e-01
   0.0000000000000000e+00
   3.3545920049372474e-01
   5.8103237912156591e-01
   6.7091840098744959e-01
   5.8103237912156602e-01
   3.3545920049372474e-01
   8.2163807225834060e-17
  -3.3545920049372463e-01
  -5.8103237912156580e-01
  -6.7091840098744959e-01
  -5.8103237912156591e-01
  -3.3545920049372507e-01
   0.0000000000000000e+00
   1.5747553042327769e-01
   2.7275561964197548e-01
   3.1495106084655544e-01
   2.7275561964197548e-01
   1.5747553042327769e-01
   3.8570380855379743e-17
  -1.5747553042327764e-01
  -2.7275561964197542e-01
  -3.1495106084655544e-01
  -2.7275561964197548e-01
  -1.5747553042327786e-01
  -9.4910791234275849e-01
  -9.4910791234275849e-01
  -9.4910791234275849e-01
  -9.4910791234275849e-01
  -9.4910791234275849e-01
  -9.4910791234275849e-01
  -9.4910791234275849e-01
  -9.4910791234275849e-01
  -9.4910791234275849e-01
  -9.4910791234275849e-01
  -9.4910791234275849e-01
  -9.4910791234275849e-01
  -7.4153118559939424e-01
  -7.4153118559939424e-01
  -7.4153118559939424e-01
  -7.4153118559939424e-01
  -7.4153118559939424e-01
  -7.4153118559939424e-01
  -7.4153118559939424e-01
  -7.4153118559939424e-01
  -7.4153118559939424e-01
  -7.4153118559939424e-01
  -7.4153118559939424e-01
  -7.4153118559939424e-01
  -4.0584515137739718e-01
  -4.0584515137739718e-01
  -4.0584515137739718e-01
  -4.0584515137739718e-01
  -4.0584515137739718e-01
  -4.0584515137739718e-01
  -4.0584515137739718e-01
  -4.0584515137739718e-01
  -4.0584515137739718e-01
  -4.0584515137739718e-01
  -4.0584515137739718e-01
  -4.0584515137739718e-01
  -1.6081226496766366e-16
  -1.6081226496766366e-16
  -1.6081226496766366e-16
  -1.6081226496766366e-16
  -1.6081226496766366e-16
  -1.6081226496766366e-16
  -1.6081226496766366e-16
  -1.6081226496766366e-16
  -1.6081226496766366e-16
  -1.6081226496766366e-16
  -1.6081226496766366e-16
  -1.6081226496766366e-16
   4.0584515137739707e-01
   4.0584515137739707e-01
   4.0584515137739707e-01
   4.0584515137739707e-01
   4.0584515137739707e-01
   4.0584515137739707e-01
   4.0584515137739707e-01
   4.0584515137739707e-01
   4.0584515137739707e-01
   4.0584515137739707e-01
   4.0584515137739707e-01
   4.0584515137739707e-01
   7.4153118559939457e-01
   7.4153118559939457e-01
   7.4153118559939457e-01
   7.4153118559939457e-01
   7.4153118559939457e-01
   7.4153118559939457e-01
   7.4153118559939457e-01
   7.4153118559939457e-01
   7.4153118559939457e-01
   7.4153118559939457e-01
   7.4153118559939457e-01
   7.4153118559939457e-01
   9.4910791234275849e-01
   9.4910791234275849e-01
   9.4910791234275849e-01
   9.4910791234275849e-01
   9.4910791234275849e-01
   9.4910791234275849e-01
   9.4910791234275849e-01
   9.4910791234275849e-01
   9.4910791234275849e-01
   9.4910791234275849e-01
   9.4910791234275849e-01
   9.4910791234275849e-01
# biconcave_ra65
   1.7699562000000000e-01
   1.5642349000000000e-01
   9.3935494000000000e-02
  -2.0060852000000000e-14
  -9.3935494000000000e-02
  -1.5642349000000000e-01
  -1.7699562000000000e-01
  -1.5642349000000000e-01
  -9.3935494000000000e-02
   1.5773869000000000e-14
   9.3935494000000000e-02
   1.5642349000000000e-01
   2.6727978000000000e-01
   2.6199662000000000e-01
   1.8640996000000000e-01
  -3.8640597000000000e-14
  -1.8640996000000000e-01
  -2.6199662000000000e-01
  -2.6727978000000000e-01
  -2.6199662000000000e-01
  -1.8640996000000000e-01
   4.0427411000000000e-14
   1.8640996000000000e-01
   2.6199662000000000e-01
   1.9895041000000000e-01
   2.4991531000000000e-01
   2.3343851000000000e-01
  -5.1853169000000000e-14
  -2.3343851000000000e-01
  -2.4991531000000000e-01
  -1.9895041000000000e-01
  -2.4991531000000000e-01
  -2.3343851000000000e-01
   5.9476777000000000e-14
   2.3343851000000000e-01
   2.4991531000000000e-01
   1.4004577000000000e-01
   2.2321351000000000e-01
   2.4582317000000000e-01
  -5.5975758000000000e-14
  -2.4582317000000000e-01
  -2.2321351000000000e-01
  -1.4004577000000000e-01
  -2.2321351000000000e-01
  -2.4582317000000000e-01
   6.7226462000000000e-14
   2.4582317000000000e-01
   2.2321351000000000e-01
   1.9895041000000000e-01
   2.4991531000000000e-01
   2.3343851000000000e-01
  -4.9080208000000000e-14
  -2.3343851000000000e-01
  -2.4991531000000000e-01
  -1.9895041000000000e-01
  -2.4991531000000000e-01
  -2.3343851000000000e-01
   6.0416272000000000e-14
   2.3343851000000000e-01
   2.4991531000000000e-01
   2.6727978000000000e-01
   2.6199662000000000e-01
   1.8640996000000000e-01
  -3.4227452000000000e-14
  -1.8640996000000000e-01
  -2.6199662000000000e-01
  -2.6727978000000000e-01
  -2.6199662000000000e-01
  -1.8640996000000000e-01
   4.2209325000000000e-14
   1.8640996000000000e-01
   2.6199662000000000e-01
   1.7699562000000000e-01
   1.5642349000000000e-01
   9.3935494000000000e-02
  -1.5587346000000000e-14
  -9.3935494000000000e-02
  -1.5642349000000000e-01
  -1.7699562000000000e-01
  -1.5642349000000000e-01
  -9.3935494000000000e-02
   1.9270692000000000e-14
   9.3935494000000000e-02
   1.5642349000000000e-01
   1.2499763000000000e-13
   1.4548297000000000e-01
   2.5527497000000000e-01
   2.9666983000000000e-01
   2.5527497000000000e-01
   1.4548297000000000e-01
  -6.4310979000000000e-14
  -1.4548297000000000e-01
  -2.5527497000000000e-01
  -2.9666983000000000e-01
  -2.5527497000000000e-01
  -1.4548297000000000e-01
  -3.2179029000000000e-13
   2.8867072000000000e-01
   5.3151993000000000e-01
   6.3210579000000000e-01
   5.3151993000000000e-01
   2.8867072000000000e-01
   2.7089924000000000e-13
  -2.8867072000000000e-01
  -5.3151993000000000e-01
  -6.3210579000000000e-01
  -5.3151993000000000e-01
  -2.8867072000000000e-01
  -6.7088941000000000e-13
   3.6193171000000000e-01
   7.0578568000000000e-01
   8.6126136000000000e-01
   7.0578568000000000e-01
   3.6193171000000000e-01
   5.9429555000000000e-13
  -3.6193171000000000e-01
  -7.0578568000000000e-01
  -8.6126136000000000e-01
  -7.0578568000000000e-01
  -3.6193171000000000e-01
  -1.1832486000000000e-13
   3.8152375000000000e-01
   7.6372806000000000e-01
   9.4244692000000000e-01
   7.6372806000000000e-01
   3.8152375000000000e-01
   1.1631185000000000e-13
  -3.8152375000000000e-01
  -7.6372806000000000e-01
  -9.4244692000000000e-01
  -7.6372806000000000e-01
  -3.8152375000000000e-01
   4.8054303000000000e-13
   3.6193171000000000e-01
   7.0578568000000000e-01
   8.6126136000000000e-01
   7.0578568000000000e-01
   3.6193171000000000e-01
  -4.3378459000000000e-13
  -3.6193171000000000e-01
  -7.0578568000000000e-01
  -8.6126136000000000e-01
  -7.0578568000000000e-01
  -3.6193171000000000e-01
   2.3763754000000000e-13
   2.8867072000000000e-01
   5.3151993000000000e-01
   6.3210579000000000e-01
   5.3151993000000000e-01
   2.8867072000000000e-01
  -2.3017570000000000e-13
  -2.8867072000000000e-01
  -5.3151993000000000e-01
  -6.3210579000000000e-01
  -5.3151993000000000e-01
  -2.8867072000000000e-01
  -1.2563144000000000e-13
   1.4548297000000000e-01
   2.5527497000000000e-01
   2.9666983000000000e-01
   2.5527497000000000e-01
   1.4548297000000000e-01
   6.6268481000000000e-14
  -1.4548297000000000e-01
  -2.5527497000000000e-01
  -2.9666983000000000e-01
  -2.5527497000000000e-01
  -1.4548297000000000e-01
  -8.7177201000000000e-01
  -8.7751111000000000e-01
  -8.8901123000000000e-01
  -8.9477226000000000e-01
  -8.8901123000000000e-01
  -8.7751111000000000e-01
  -8.7177201000000000e-01
  -8.7751111000000000e-01
  -8.8901123000000000e-01
  -8.9477226000000000e-01
  -8.8901123000000000e-01
  -8.7751111000000000e-01
  -6.1840692000000000e-01
  -6.3843420000000000e-01
  -6.7884158000000000e-01
  -6.9922168000000000e-01
  -6.7884158000000000e-01
  -6.3843420000000000e-01
  -6.1840692000000000e-01
  -6.3843420000000000e-01
  -6.7884158000000000e-01
  -6.9922168000000000e-01
  -6.7884158000000000e-01
  -6.3843420000000000e-01
  -3.0151328000000000e-01
  -3.2149634000000000e-01
  -3.6212741000000000e-01
  -3.8277541000000000e-01
  -3.6212741000000000e-01
  -3.2149634000000000e-01
  -3.0151328000000000e-01
  -3.2149634000000000e-01
  -3.6212741000000000e-01
  -3.8277541000000000e-01
  -3.6212741000000000e-01
  -3.2149634000000000e-01
   1.9941922000000000e-11
   4.0698106000000000e-11
  -1.7245038000000000e-12
  -6.6181945000000000e-11
  -1.7357574000000000e-12
   4.1777053000000000e-11
   1.9951725000000000e-11
   4.0772664000000000e-11
  -1.6993037000000000e-12
  -6.6199733000000000e-11
  -1.6976107000000000e-12
   4.1847821000000000e-11
   3.0151328000000000e-01
   3.2149634000000000e-01
   3.6212741000000000e-01
   3.8277541000000000e-01
   3.6212741000000000e-01
   3.2149634000000000e-01
   3.0151328000000000e-01
   3.2149634000000000e-01
   3.6212741000000000e-01
   3.8277541000000000e-01
   3.6212741000000000e-01
   3.2149634000000000e-01
   6.1840692000000000e-01
   6.3843420000000000e-01
   6.7884158000000000e-01
   6.9922168000000000e-01
   6.7884158000000000e-01
   6.3843420000000000e-01
   6.1840692000000000e-01
   6.3843420000000000e-01
   6.7884158000000000e-01
   6.9922168000000000e-01
   6.7884158000000000e-01
   6.3843420000000000e-01
   8.7177201000000000e-01
   8.7751111000000000e-01
   8.8901123000000000e-01
   8.9477226000000000e-01
   8.8901123000000000e-01
   8.7751111000000000e-01
   8.7177201000000000e-01
   8.7751111000000000e-01
   8.8901123000000000e-01
   8.9477226000000000e-01
   8.8901123000000000e-01
   8.7751111000000000e-01
# biconcave_ra85
   2.0991733000000000e-01
   1.8377345000000000e-01
   1.0838734000000000e-01
   3.2716617000000000e-14
  -1.0838734000000000e-01
  -1.8377345000000000e-01
  -2.0991733000000000e-01
  -1.8377345000000000e-01
  -1.0838734000000000e-01
   3.9856222000000000e-14
   1.0838734000000000e-01
   1.8377345000000000e-01
   3.7821448000000000e-01
   3.4670044000000000e-01
   2.2227580000000000e-01
   2.1489332000000000e-14
  -2.2227580000000000e-01
  -3.4670044000000000e-01
  -3.7821448000000000e-01
  -3.4670044000000000e-01
  -2.2227580000000000e-01
   4.2859118000000000e-14
   2.2227580000000000e-01
   3.4670044000000000e-01
   4.1198990000000000e-01
   4.0527425000000000e-01
   2.8990702000000000e-01
   1.0055558000000000e-14
  -2.8990702000000000e-01
  -4.0527425000000000e-01
  -4.1198990000000000e-01
  -4.0527425000000000e-01
  -2.8990702000000000e-01
   3.9438587000000000e-14
   2.8990702000000000e-01
   4.0527425000000000e-01
   4.0243971000000000e-01
   4.1205925000000000e-01
   3.1117584000000000e-01
   1.3815211000000000e-14
  -3.1117584000000000e-01
  -4.1205925000000000e-01
  -4.0243971000000000e-01
  -4.1205925000000000e-01
  -3.1117584000000000e-01
   2.9154929000000000e-14
   3.1117584000000000e-01
   4.1205925000000000e-01
   4.1198990000000000e-01
   4.0527425000000000e-01
   2.8990702000000000e-01
   3.1872990000000000e-14
  -2.8990702000000000e-01
  -4.0527425000000000e-01
  -4.1198990000000000e-01
  -4.0527425000000000e-01
  -2.8990702000000000e-01
   2.2486691000000000e-14
   2.8990702000000000e-01
   4.0527425000000000e-01
   3.7821448000000000e-01
   3.4670044000000000e-01
   2.2227580000000000e-01
   4.6211830000000000e-14
  -2.2227580000000000e-01
  -3.4670044000000000e-01
  -3.7821448000000000e-01
  -3.4670044000000000e-01
  -2.2227580000000000e-01
   2.5610309000000000e-14
   2.2227580000000000e-01
   3.4670044000000000e-01
   2.0991733000000000e-01
   1.8377345000000000e-01
   1.0838734000000000e-01
   4.6572670000000000e-14
  -1.0838734000000000e-01
  -1.8377345000000000e-01
  -2.0991733000000000e-01
  -1.8377345000000000e-01
  -1.0838734000000000e-01
   3.3783187000000000e-14
   1.0838734000000000e-01
   1.8377345000000000e-01
   3.2960685000000000e-15
   1.5116334000000000e-01
   2.6445656000000000e-01
   3.0688920000000000e-01
   2.6445656000000000e-01
   1.5116334000000000e-01
  -6.5932481000000000e-15
  -1.5116334000000000e-01
  -2.6445656000000000e-01
  -3.0688920000000000e-01
  -2.6445656000000000e-01
  -1.5116334000000000e-01
  -4.5408974000000000e-14
   3.0483977000000000e-01
   5.5343200000000000e-01
   6.5374803000000000e-01
   5.5343200000000000e-01
   3.0483977000000000e-01
   1.5958324000000000e-14
  -3.0483977000000000e-01
  -5.5343200000000000e-01
  -6.5374803000000000e-01
  -5.5343200000000000e-01
  -3.0483977000000000e-01
  -8.7551055000000000e-14
   3.8962996000000000e-01
   7.3907428000000000e-01
   8.9055672000000000e-01
   7.3907428000000000e-01
   3.8962996000000000e-01
   1.0047298000000000e-13
  -3.8962996000000000e-01
  -7.3907428000000000e-01
  -8.9055672000000000e-01
  -7.3907428000000000e-01
  -3.8962996000000000e-01
  -8.8597021000000000e-14
   4.1434083000000000e-01
   8.0173299000000000e-01
   9.7441510000000000e-01
   8.0173299000000000e-01
   4.1434083000000000e-01
   1.4154615000000000e-13
  -4.1434083000000000e-01
  -8.0173299000000000e-01
  -9.7441510000000000e-01
  -8.0173299000000000e-01
  -4.1434083000000000e-01
  -6.9832476000000000e-14
   3.8962996000000000e-01
   7.3907428000000000e-01
   8.9055672000000000e-01
   7.3907428000000000e-01
   3.8962996000000000e-01
   8.1408355000000000e-14
  -3.8962996000000000e-01
  -7.3907428000000000e-01
  -8.9055672000000000e-01
  -7.3907428000000000e-01
  -3.8962996000000000e-01
  -3.9828526000000000e-14
   3.0483977000000000e-01
   5.5343200000000000e-01
   6.5374803000000000e-01
   5.5343200000000000e-01
   3.0483977000000000e-01
   8.0928582000000000e-15
  -3.0483977000000000e-01
  -5.5343200000000000e-01
  -6.5374803000000000e-01
  -5.5343200000000000e-01
  -3.0483977000000000e-01
  -3.7119637000000000e-15
   1.5116334000000000e-01
   2.6445656000000000e-01
   3.0688920000000000e-01
   2.6445656000000000e-01
   1.5116334000000000e-01
  -2.3074589000000000e-15
  -1.5116334000000000e-01
  -2.6445656000000000e-01
  -3.0688920000000000e-01
  -2.6445656000000000e-01
  -1.5116334000000000e-01
  -9.0649615000000000e-01
  -9.1107839000000000e-01
  -9.2024500000000000e-01
  -9.2482937000000000e-01
  -9.2024500000000000e-01
  -9.1107839000000000e-01
  -9.0649615000000000e-01
  -9.1107839000000000e-01
  -9.2024500000000000e-01
  -9.2482937000000000e-01
  -9.2024500000000000e-01
  -9.1107839000000000e-01
  -6.5763831000000000e-01
  -6.7385315000000000e-01
  -7.0631706000000000e-01
  -7.2256612000000000e-01
  -7.0631706000000000e-01
  -6.7385315000000000e-01
  -6.5763831000000000e-01
  -6.7385315000000000e-01
  -7.0631706000000000e-01
  -7.2256612000000000e-01
  -7.0631706000000000e-01
  -6.7385315000000000e-01
  -3.2960524000000000e-01
  -3.4603858000000000e-01
  -3.7896976000000000e-01
  -3.9546761000000000e-01
  -3.7896976000000000e-01
  -3.4603858000000000e-01
  -3.2960524000000000e-01
  -3.4603858000000000e-01
  -3.7896976000000000e-01
  -3.9546761000000000e-01
  -3.7896976000000000e-01
  -3.4603858000000000e-01
   1.7723696000000000e-11
   1.0169910000000000e-11
  -8.1702270000000000e-12
  -1.9291675000000000e-11
  -8.1800146000000000e-12
   1.0204412000000000e-11
   1.7731116000000000e-11
   1.0182983000000000e-11
  -8.1571055000000000e-12
  -1.9281681000000000e-11
  -8.1735239000000000e-12
   1.0205196000000000e-11
   3.2960524000000000e-01
   3.4603858000000000e-01
   3.7896976000000000e-01
   3.9546761000000000e-01
   3.7896976000000000e-01
   3.4603858000000000e-01
   3.2960524000000000e-01
   3.4603858000000000e-01
   3.7896976000000000e-01
   3.9546761000000000e-01
   3.7896976000000000e-01
   3.4603858000000000e-01
   6.5763831000000000e-01
   6.7385315000000000e-01
   7.0631706000000000e-01
   7.2256612000000000e-01
   7.0631706000000000e-01
   6.7385315000000000e-01
   6.5763831000000000e-01
   6.7385315000000000e-01
   7.0631706000000000e-01
   7.2256612000000000e-01
   7.0631706000000000e-01
   6.7385315000000000e-01
   9.0649615000000000e-01
   9.1107839000000000e-01
   9.2024500000000000e-01
   9.2482937000000000e-01
   9.2024500000000000e-01
   9.1107839000000000e-01
   9.0649615000000000e-01
   9.1107839000000000e-01
   9.2024500000000000e-01
   9.2482937000000000e-01
   9.2024500000000000e-01
   9.1107839000000000e-01
# biconcave_ra95
   2.4726066000000000e-01
   2.1525011000000000e-01
   1.2556333000000000e-01
  -1.9725182000000000e-14
  -1.2556333000000000e-01
  -2.1525011000000000e-01
  -2.4726066000000000e-01
  -2.1525011000000000e-01
  -1.2556333000000000e-01
   6.2730314000000000e-16
   1.2556333000000000e-01
   2.1525011000000000e-01
   4.8785009000000000e-01
   4.3328920000000000e-01
   2.6262271000000000e-01
  -1.2225457000000000e-14
  -2.6262271000000000e-01
  -4.3328920000000000e-01
  -4.8785009000000000e-01
  -4.3328920000000000e-01
  -2.6262271000000000e-01
   1.9062461000000000e-15
   2.6262271000000000e-01
   4.3328920000000000e-01
   6.0638352000000000e-01
   5.5246717000000000e-01
   3.5048910000000000e-01
   6.2618967000000000e-14
  -3.5048910000000000e-01
  -5.5246717000000000e-01
  -6.0638352000000000e-01
  -5.5246717000000000e-01
  -3.5048910000000000e-01
   3.7257392000000000e-14
   3.5048910000000000e-01
   5.5246717000000000e-01
   6.3623770000000000e-01
   5.8680467000000000e-01
   3.8009297000000000e-01
   1.2305630000000000e-13
  -3.8009297000000000e-01
  -5.8680467000000000e-01
  -6.3623770000000000e-01
  -5.8680467000000000e-01
  -3.8009297000000000e-01
   5.9599534000000000e-14
   3.8009297000000000e-01
   5.8680467000000000e-01
   6.0638352000000000e-01
   5.5246717000000000e-01
   3.5048910000000000e-01
   9.5253142000000000e-14
  -3.5048910000000000e-01
  -5.5246717000000000e-01
  -6.0638352000000000e-01
  -5.5246717000000000e-01
  -3.5048910000000000e-01
   1.2948338000000000e-14
   3.5048910000000000e-01
   5.5246717000000000e-01
   4.8785009000000000e-01
   4.3328920000000000e-01
   2.6262271000000000e-01
   3.6725957000000000e-14
  -2.6262271000000000e-01
  -4.3328920000000000e-01
  -4.8785009000000000e-01
  -4.3328920000000000e-01
  -2.6262271000000000e-01
  -4.2595731000000000e-14
   2.6262271000000000e-01
   4.3328920000000000e-01
   2.4726066000000000e-01
   2.1525011000000000e-01
   1.2556333000000000e-01
   1.0080620000000000e-14
  -1.2556333000000000e-01
  -2.1525011000000000e-01
  -2.4726066000000000e-01
  -2.1525011000000000e-01
  -1.2556333000000000e-01
  -3.5205585000000000e-14
   1.2556333000000000e-01
   2.1525011000000000e-01
  -3.9561612000000000e-15
   1.5452803000000000e-01
   2.6942337000000000e-01
   3.1212701000000000e-01
   2.6942337000000000e-01
   1.5452803000000000e-01
   5.5404734000000000e-16
  -1.5452803000000000e-01
  -2.6942337000000000e-01
  -3.1212701000000000e-01
  -2.6942337000000000e-01
  -1.5452803000000000e-01
  -3.9944250000000000e-14
   3.1761212000000000e-01
   5.6725327000000000e-01
   6.6490266000000000e-01
   5.6725327000000000e-01
   3.1761212000000000e-01
   7.0171803000000000e-15
  -3.1761212000000000e-01
  -5.6725327000000000e-01
  -6.6490266000000000e-01
  -5.6725327000000000e-01
  -3.1761212000000000e-01
  -5.8122117000000000e-14
   4.1537347000000000e-01
   7.6274048000000000e-01
   9.0574728000000000e-01
   7.6274048000000000e-01
   4.1537347000000000e-01
   7.4646824000000000e-14
  -4.1537347000000000e-01
  -7.6274048000000000e-01
  -9.0574728000000000e-01
  -7.6274048000000000e-01
  -4.1537347000000000e-01
  -5.8014135000000000e-14
   4.4640079000000000e-01
   8.2988929000000000e-01
   9.9103392000000000e-01
   8.2988929000000000e-01
   4.4640079000000000e-01
   1.3266676000000000e-13
  -4.4640079000000000e-01
  -8.2988929000000000e-01
  -9.9103392000000000e-01
  -8.2988929000000000e-01
  -4.4640079000000000e-01
  -5.0809985000000000e-14
   4.1537347000000000e-01
   7.6274048000000000e-01
   9.0574728000000000e-01
   7.6274048000000000e-01
   4.1537347000000000e-01
   9.5406243000000000e-14
  -4.1537347000000000e-01
  -7.6274048000000000e-01
  -9.0574728000000000e-01
  -7.6274048000000000e-01
  -4.1537347000000000e-01
  -2.2196377000000000e-14
   3.1761212000000000e-01
   5.6725327000000000e-01
   6.6490266000000000e-01
   5.6725327000000000e-01
   3.1761212000000000e-01
   1.6651439000000000e-14
  -3.1761212000000000e-01
  -5.6725327000000000e-01
  -6.6490266000000000e-01
  -5.6725327000000000e-01
  -3.1761212000000000e-01
   9.2116061000000000e-15
   1.5452803000000000e-01
   2.6942337000000000e-01
   3.1212701000000000e-01
   2.6942337000000000e-01
   1.5452803000000000e-01
  -5.6776181000000000e-15
  -1.5452803000000000e-01
  -2.6942337000000000e-01
  -3.1212701000000000e-01
  -2.6942337000000000e-01
  -1.5452803000000000e-01
  -9.2825918000000000e-01
  -9.3134369000000000e-01
  -9.3751316000000000e-01
  -9.4059812000000000e-01
  -9.3751316000000000e-01
  -9.3134369000000000e-01
  -9.2825918000000000e-01
  -9.3134369000000000e-01
  -9.3751316000000000e-01
  -9.4059812000000000e-01
  -9.3751316000000000e-01
  -9.3134369000000000e-01
  -6.9115124000000000e-01
  -7.0208045000000000e-01
  -7.2394619000000000e-01
  -7.3488270000000000e-01
  -7.2394619000000000e-01
  -7.0208045000000000e-01
  -6.9115124000000000e-01
  -7.0208045000000000e-01
  -7.2394619000000000e-01
  -7.3488270000000000e-01
  -7.2394619000000000e-01
  -7.0208045000000000e-01
  -3.5780911000000000e-01
  -3.6890158000000000e-01
  -3.9110026000000000e-01
  -4.0220649000000000e-01
  -3.9110026000000000e-01
  -3.6890158000000000e-01
  -3.5780911000000000e-01
  -3.6890158000000000e-01
  -3.9110026000000000e-01
  -4.0220649000000000e-01
  -3.9110026000000000e-01
  -3.6890158000000000e-01
   2.6368892000000000e-11
  -6.5757244000000000e-12
  -2.1539597000000000e-11
  -3.4254748000000000e-12
  -2.1476232000000000e-11
  -6.4646579000000000e-12
   2.6371303000000000e-11
  -6.5414739000000000e-12
  -2.1516422000000000e-11
  -3.4602764000000000e-12
  -2.1525630000000000e-11
  -6.4750452000000000e-12
   3.5780911000000000e-01
   3.6890158000000000e-01
   3.9110026000000000e-01
   4.0220649000000000e-01
   3.9110026000000000e-01
   3.6890158000000000e-01
   3.5780911000000000e-01
   3.6890158000000000e-01
   3.9110026000000000e-01
   4.0220649000000000e-01
   3.9110026000000000e-01
   3.6890158000000000e-01
   6.9115124000000000e-01
   7.0208045000000000e-01
   7.2394619000000000e-01
   7.3488270000000000e-01
   7.2394619000000000e-01
   7.0208045000000000e-01
   6.9115124000000000e-01
   7.0208045000000000e-01
   7.2394619000000000e-01
   7.3488270000000000e-01
   7.2394619000000000e-01
   7.0208045000000000e-01
   9.2825918000000000e-01
   9.3134369000000000e-01
   9.3751316000000000e-01
   9.4059812000000000e-01
   9.3751316000000000e-01
   9.3134369000000000e-01
   9.2825918000000000e-01
   9.3134369000000000e-01
   9.3751316000000000e-01
   9.4059812000000000e-01
   9.3751316000000000e-01
   9.3134369000000000e-01
