# dumbbell
   2.2093382849135057e-01
   2.1668864692744849e-01
   2.0411624218251775e-01
   1.8369976472022029e-01
   1.5622380831973967e-01
   1.2274425857685248e-01
   8.4547715812630111e-02
   4.3102051744633649e-02
   1.3528295294265140e-17
  -4.3102051744633621e-02
  -8.4547715812630084e-02
  -1.2274425857685241e-01
  -1.5622380831973964e-01
  -1.8369976472022032e-01
  -2.0411624218251775e-01
  -2.1668864692744849e-01
  -2.2093382849135057e-01
  -2.1668864692744849e-01
  -2.0411624218251778e-01
  -1.8369976472022034e-01
  -1.5622380831973967e-01
  -1.2274425857685246e-01
  -8.4547715812630223e-02
  -4.3102051744633725e-02
  -4.0584885882795417e-17
   4.3102051744633642e-02
   8.4547715812630153e-02
   1.2274425857685238e-01
   1.5622380831973962e-01
   1.8369976472022029e-01
   2.0411624218251773e-01
   2.1668864692744846e-01
   4.7760936475689120e-01
   4.6843223473629630e-01
   4.4125351663460927e-01
   3.9711767334647724e-01
   3.3772082057779707e-01
   2.6534554607033028e-01
   1.8277319103487730e-01
   9.3176964768340392e-02
   2.9245138989616378e-17
  -9.3176964768340337e-02
  -1.8277319103487724e-01
  -2.6534554607033012e-01
  -3.3772082057779701e-01
  -3.9711767334647730e-01
  -4.4125351663460927e-01
  -4.6843223473629630e-01
  -4.7760936475689120e-01
  -4.6843223473629630e-01
  -4.4125351663460932e-01
  -3.9711767334647735e-01
  -3.3772082057779712e-01
  -2.6534554607033023e-01
  -1.8277319103487752e-01
  -9.3176964768340559e-02
  -8.7735416968849114e-17
   9.3176964768340378e-02
   1.8277319103487738e-01
   2.6534554607033006e-01
   3.3772082057779695e-01
   3.9711767334647724e-01
   4.4125351663460916e-01
   4.6843223473629625e-01
   6.7275323799823294e-01
   6.5982647317227816e-01
   6.2154294701726187e-01
   5.5937387397367266e-01
   4.7570837665375787e-01
   3.7376167319937026e-01
   2.5745151825189194e-01
   1.3124764583846829e-01
   4.1194254976527673e-17
  -1.3124764583846821e-01
  -2.5745151825189189e-01
  -3.7376167319937004e-01
  -4.7570837665375781e-01
  -5.5937387397367277e-01
  -6.2154294701726187e-01
  -6.5982647317227816e-01
  -6.7275323799823294e-01
  -6.5982647317227816e-01
  -6.2154294701726198e-01
  -5.5937387397367289e-01
  -4.7570837665375793e-01
  -3.7376167319937015e-01
  -2.5745151825189228e-01
  -1.3124764583846851e-01
  -1.2358276492958302e-16
   1.3124764583846826e-01
   2.5745151825189205e-01
   3.7376167319936993e-01
   4.7570837665375770e-01
   5.5937387397367266e-01
   6.2154294701726176e-01
   6.5982647317227805e-01
   7.8765697763145759e-01
   7.7252236966783017e-01
   7.2770016027340412e-01
   6.5491284181862264e-01
   5.5695759013210444e-01
   4.3759877060222457e-01
   3.0142327572631900e-01
   1.5366425340437145e-01
   4.8230079824122143e-17
  -1.5366425340437134e-01
  -3.0142327572631888e-01
  -4.3759877060222430e-01
  -5.5695759013210444e-01
  -6.5491284181862264e-01
  -7.2770016027340412e-01
  -7.7252236966783017e-01
  -7.8765697763145759e-01
  -7.7252236966783017e-01
  -7.2770016027340412e-01
  -6.5491284181862275e-01
  -5.5695759013210455e-01
  -4.3759877060222446e-01
  -3.0142327572631938e-01
  -1.5366425340437170e-01
  -1.4469023947236644e-16
   1.5366425340437143e-01
   3.0142327572631911e-01
   4.3759877060222419e-01
   5.5695759013210433e-01
   6.5491284181862264e-01
   7.2770016027340390e-01
   7.7252236966783006e-01
   8.2400935752261861e-01
   8.0817624877270722e-01
   7.6128538001292267e-01
   6.8513874103300110e-01
   5.8266260446541396e-01
   4.5779507076917397e-01
   3.1533472923770817e-01
   1.6075625090339069e-01
   5.0456021107877093e-17
  -1.6075625090339057e-01
  -3.1533472923770806e-01
  -4.5779507076917370e-01
  -5.8266260446541385e-01
  -6.8513874103300121e-01
  -7.6128538001292267e-01
  -8.0817624877270722e-01
  -8.2400935752261861e-01
  -8.0817624877270722e-01
  -7.6128538001292267e-01
  -6.8513874103300132e-01
  -5.8266260446541407e-01
  -4.5779507076917392e-01
  -3.1533472923770856e-01
  -1.6075625090339096e-01
  -1.5136806332363127e-16
   1.6075625090339066e-01
   3.1533472923770828e-01
   4.5779507076917364e-01
   5.8266260446541374e-01
   6.8513874103300110e-01
   7.6128538001292245e-01
   8.0817624877270711e-01
   8.0131688906387932e-01
   7.8591980973236120e-01
   7.4032027286173541e-01
   6.6627064308142536e-01
   5.6661660613637754e-01
   4.4518781077976222e-01
   3.0665069751908125e-01
   1.5632916992443441e-01
   4.9066508164739726e-17
  -1.5632916992443430e-01
  -3.0665069751908119e-01
  -4.4518781077976194e-01
  -5.6661660613637743e-01
  -6.6627064308142547e-01
  -7.4032027286173541e-01
  -7.8591980973236120e-01
  -8.0131688906387932e-01
  -7.8591980973236120e-01
  -7.4032027286173552e-01
  -6.6627064308142558e-01
  -5.6661660613637765e-01
  -4.4518781077976216e-01
  -3.0665069751908164e-01
  -1.5632916992443466e-01
  -1.4719952449421916e-16
   1.5632916992443438e-01
   3.0665069751908142e-01
   4.4518781077976188e-01
   5.6661660613637732e-01
   6.6627064308142536e-01
   7.4032027286173530e-01
   7.8591980973236109e-01
   7.5027806501811600e-01
   7.3586168237918603e-01
   6.9316654796240984e-01
   6.2383341183971674e-01
   5.3052670754983122e-01
   4.1683215941161100e-01
   2.8711898514937068e-01
   1.4637198930602191e-01
   4.5941281539745274e-17
  -1.4637198930602183e-01
  -2.8711898514937056e-01
  -4.1683215941161078e-01
  -5.3052670754983122e-01
  -6.2383341183971686e-01
  -6.9316654796240984e-01
  -7.3586168237918603e-01
  -7.5027806501811600e-01
  -7.3586168237918603e-01
  -6.9316654796240984e-01
  -6.2383341183971686e-01
  -5.3052670754983133e-01
  -4.1683215941161095e-01
  -2.8711898514937106e-01
  -1.4637198930602216e-01
  -1.3782384461923581e-16
   1.4637198930602191e-01
   2.8711898514937079e-01
   4.1683215941161067e-01
   5.3052670754983111e-01
   6.2383341183971674e-01
   6.9316654796240962e-01
   7.3586168237918592e-01
   7.0327344384231949e-01
   6.8976024181903484e-01
   6.4973994052464479e-01
   5.8475049769424925e-01
   4.9728942116932073e-01
   3.9071779107197563e-01
   2.6913109538079610e-01
   1.3720184262458965e-01
   4.3063078596341622e-17
  -1.3720184262458957e-01
  -2.6913109538079599e-01
  -3.9071779107197541e-01
  -4.9728942116932068e-01
  -5.8475049769424925e-01
  -6.4973994052464479e-01
  -6.8976024181903484e-01
  -7.0327344384231949e-01
  -6.8976024181903484e-01
  -6.4973994052464490e-01
  -5.8475049769424936e-01
  -4.9728942116932084e-01
  -3.9071779107197552e-01
  -2.6913109538079644e-01
  -1.3720184262458990e-01
  -1.2918923578902486e-16
   1.3720184262458962e-01
   2.6913109538079621e-01
   3.9071779107197530e-01
   4.9728942116932062e-01
   5.8475049769424925e-01
   6.4973994052464468e-01
   6.8976024181903473e-01
   6.8460843474748001e-01
   6.7145387564022385e-01
   6.3249572064778559e-01
   5.6923110981853953e-01
   4.8409126666745117e-01
   3.8034806761984263e-01
   2.6198830563525727e-01
   1.3356047998984347e-01
   4.1920176414139051e-17
  -1.3356047998984336e-01
  -2.6198830563525721e-01
  -3.8034806761984241e-01
  -4.8409126666745111e-01
  -5.6923110981853964e-01
  -6.3249572064778559e-01
  -6.7145387564022385e-01
  -6.8460843474748001e-01
  -6.7145387564022385e-01
  -6.3249572064778570e-01
  -5.6923110981853975e-01
  -4.8409126666745128e-01
  -3.8034806761984258e-01
  -2.6198830563525760e-01
  -1.3356047998984369e-01
  -1.2576052924241713e-16
   1.3356047998984344e-01
   2.6198830563525738e-01
   3.8034806761984236e-01
   4.8409126666745100e-01
   5.6923110981853953e-01
   6.3249572064778548e-01
   6.7145387564022374e-01
   7.0327344384231938e-01
   6.8976024181903473e-01
   6.4973994052464468e-01
   5.8475049769424914e-01
   4.9728942116932068e-01
   3.9071779107197557e-01
   2.6913109538079605e-01
   1.3720184262458962e-01
   4.3063078596341615e-17
  -1.3720184262458954e-01
  -2.6913109538079594e-01
  -3.9071779107197535e-01
  -4.9728942116932062e-01
  -5.8475049769424914e-01
  -6.4973994052464468e-01
  -6.8976024181903473e-01
  -7.0327344384231938e-01
  -6.8976024181903473e-01
  -6.4973994052464479e-01
  -5.8475049769424925e-01
  -4.9728942116932073e-01
  -3.9071779107197546e-01
  -2.6913109538079638e-01
  -1.3720184262458987e-01
  -1.2918923578902484e-16
   1.3720184262458962e-01
   2.6913109538079616e-01
   3.9071779107197524e-01
   4.9728942116932051e-01
   5.8475049769424914e-01
   6.4973994052464457e-01
   6.8976024181903461e-01
   7.5027806501811589e-01
   7.3586168237918592e-01
   6.9316654796240973e-01
   6.2383341183971663e-01
   5.3052670754983122e-01
   4.1683215941161095e-01
   2.8711898514937062e-01
   1.4637198930602191e-01
   4.5941281539745268e-17
  -1.4637198930602180e-01
  -2.8711898514937056e-01
  -4.1683215941161073e-01
  -5.3052670754983111e-01
  -6.2383341183971674e-01
  -6.9316654796240973e-01
  -7.3586168237918592e-01
  -7.5027806501811589e-01
  -7.3586168237918592e-01
  -6.9316654796240984e-01
  -6.2383341183971686e-01
  -5.3052670754983122e-01
  -4.1683215941161089e-01
  -2.8711898514937101e-01
  -1.4637198930602216e-01
  -1.3782384461923581e-16
   1.4637198930602188e-01
   2.8711898514937073e-01
   4.1683215941161061e-01
   5.3052670754983100e-01
   6.2383341183971663e-01
   6.9316654796240951e-01
   7.3586168237918581e-01
   8.0131688906387932e-01
   7.8591980973236120e-01
   7.4032027286173541e-01
   6.6627064308142536e-01
   5.6661660613637754e-01
   4.4518781077976222e-01
   3.0665069751908125e-01
   1.5632916992443441e-01
   4.9066508164739726e-17
  -1.5632916992443430e-01
  -3.0665069751908119e-01
  -4.4518781077976194e-01
  -5.6661660613637743e-01
  -6.6627064308142547e-01
  -7.4032027286173541e-01
  -7.8591980973236120e-01
  -8.0131688906387932e-01
  -7.8591980973236120e-01
  -7.4032027286173552e-01
  -6.6627064308142558e-01
  -5.6661660613637765e-01
  -4.4518781077976216e-01
  -3.0665069751908164e-01
  -1.5632916992443466e-01
  -1.4719952449421916e-16
   1.5632916992443438e-01
   3.0665069751908142e-01
   4.4518781077976188e-01
   5.6661660613637732e-01
   6.6627064308142536e-01
   7.4032027286173530e-01
   7.8591980973236109e-01
   8.2400935752261861e-01
   8.0817624877270722e-01
   7.6128538001292267e-01
   6.8513874103300110e-01
   5.8266260446541396e-01
   4.5779507076917397e-01
   3.1533472923770817e-01
   1.6075625090339069e-01
   5.0456021107877093e-17
  -1.6075625090339057e-01
  -3.1533472923770806e-01
  -4.5779507076917370e-01
  -5.8266260446541385e-01
  -6.8513874103300121e-01
  -7.6128538001292267e-01
  -8.0817624877270722e-01
  -8.2400935752261861e-01
  -8.0817624877270722e-01
  -7.6128538001292267e-01
  -6.8513874103300132e-01
  -5.8266260446541407e-01
  -4.5779507076917392e-01
  -3.1533472923770856e-01
  -1.6075625090339096e-01
  -1.5136806332363127e-16
   1.6075625090339066e-01
   3.1533472923770828e-01
   4.5779507076917364e-01
   5.8266260446541374e-01
   6.8513874103300110e-01
   7.6128538001292245e-01
   8.0817624877270711e-01
   7.8765697763145748e-01
   7.7252236966783006e-01
   7.2770016027340401e-01
   6.5491284181862253e-01
   5.5695759013210444e-01
   4.3759877060222452e-01
   3.0142327572631894e-01
   1.5366425340437143e-01
   4.8230079824122137e-17
  -1.5366425340437131e-01
  -3.0142327572631883e-01
  -4.3759877060222424e-01
  -5.5695759013210433e-01
  -6.5491284181862253e-01
  -7.2770016027340401e-01
  -7.7252236966783006e-01
  -7.8765697763145748e-01
  -7.7252236966783006e-01
  -7.2770016027340401e-01
  -6.5491284181862264e-01
  -5.5695759013210444e-01
  -4.3759877060222441e-01
  -3.0142327572631933e-01
  -1.5366425340437170e-01
  -1.4469023947236641e-16
   1.5366425340437140e-01
   3.0142327572631905e-01
   4.3759877060222413e-01
   5.5695759013210422e-01
   6.5491284181862253e-01
   7.2770016027340378e-01
   7.7252236966782994e-01
   6.7275323799823328e-01
   6.5982647317227849e-01
   6.2154294701726220e-01
   5.5937387397367300e-01
   4.7570837665375809e-01
   3.7376167319937043e-01
   2.5745151825189211e-01
   1.3124764583846835e-01
   4.1194254976527692e-17
  -1.3124764583846826e-01
  -2.5745151825189200e-01
  -3.7376167319937020e-01
  -4.7570837665375804e-01
  -5.5937387397367300e-01
  -6.2154294701726220e-01
  -6.5982647317227849e-01
  -6.7275323799823328e-01
  -6.5982647317227849e-01
  -6.2154294701726231e-01
  -5.5937387397367311e-01
  -4.7570837665375820e-01
  -3.7376167319937037e-01
  -2.5745151825189244e-01
  -1.3124764583846857e-01
  -1.2358276492958307e-16
   1.3124764583846835e-01
   2.5745151825189222e-01
   3.7376167319937009e-01
   4.7570837665375793e-01
   5.5937387397367300e-01
   6.2154294701726198e-01
   6.5982647317227838e-01
   4.7760936475688942e-01
   4.6843223473629453e-01
   4.4125351663460760e-01
   3.9711767334647574e-01
   3.3772082057779579e-01
   2.6534554607032929e-01
   1.8277319103487660e-01
   9.3176964768340045e-02
   2.9245138989616267e-17
  -9.3176964768339990e-02
  -1.8277319103487655e-01
  -2.6534554607032912e-01
  -3.3772082057779573e-01
  -3.9711767334647580e-01
  -4.4125351663460760e-01
  -4.6843223473629453e-01
  -4.7760936475688942e-01
  -4.6843223473629453e-01
  -4.4125351663460766e-01
  -3.9711767334647585e-01
  -3.3772082057779584e-01
  -2.6534554607032923e-01
  -1.8277319103487685e-01
  -9.3176964768340212e-02
  -8.7735416968848794e-17
   9.3176964768340031e-02
   1.8277319103487669e-01
   2.6534554607032906e-01
   3.3772082057779568e-01
   3.9711767334647574e-01
   4.4125351663460755e-01
   4.6843223473629447e-01
   2.2093382849134768e-01
   2.1668864692744566e-01
   2.0411624218251509e-01
   1.8369976472021787e-01
   1.5622380831973762e-01
   1.2274425857685088e-01
   8.4547715812629015e-02
   4.3102051744633087e-02
   1.3528295294264962e-17
  -4.3102051744633059e-02
  -8.4547715812628987e-02
  -1.2274425857685081e-01
  -1.5622380831973759e-01
  -1.8369976472021790e-01
  -2.0411624218251509e-01
  -2.1668864692744566e-01
  -2.2093382849134768e-01
  -2.1668864692744566e-01
  -2.0411624218251512e-01
  -1.8369976472021793e-01
  -1.5622380831973764e-01
  -1.2274425857685085e-01
  -8.4547715812629126e-02
  -4.3102051744633163e-02
  -4.0584885882794887e-17
   4.3102051744633080e-02
   8.4547715812629043e-02
   1.2274425857685078e-01
   1.5622380831973756e-01
   1.8369976472021787e-01
   2.0411624218251506e-01
   2.1668864692744563e-01
   0.0000000000000000e+00
   4.3102051744633635e-02
   8.4547715812630098e-02
   1.2274425857685246e-01
   1.5622380831973964e-01
   1.8369976472022029e-01
   2.0411624218251775e-01
   2.1668864692744849e-01
   2.2093382849135057e-01
   2.1668864692744849e-01
   2.0411624218251775e-01
   1.8369976472022032e-01
   1.5622380831973967e-01
   1.2274425857685246e-01
   8.4547715812630125e-02
   4.3102051744633711e-02
   2.7056590588530279e-17
  -4.3102051744633656e-02
  -8.4547715812630084e-02
  -1.2274425857685241e-01
  -1.5622380831973964e-01
  -1.8369976472022029e-01
  -2.0411624218251773e-01
  -2.1668864692744846e-01
  -2.2093382849135057e-01
  -2.1668864692744849e-01
  -2.0411624218251775e-01
  -1.8369976472022034e-01
  -1.5622380831973967e-01
  -1.2274425857685246e-01
  -8.4547715812630236e-02
  -4.3102051744633739e-02
   0.0000000000000000e+00
   9.3176964768340365e-02
   1.8277319103487727e-01
   2.6534554607033023e-01
   3.3772082057779701e-01
   3.9711767334647724e-01
   4.4125351663460927e-01
   4.6843223473629630e-01
   4.7760936475689120e-01
   4.6843223473629630e-01
   4.4125351663460927e-01
   3.9711767334647730e-01
   3.3772082057779707e-01
   2.6534554607033023e-01
   1.8277319103487732e-01
   9.3176964768340531e-02
   5.8490277979232755e-17
  -9.3176964768340406e-02
  -1.8277319103487721e-01
  -2.6534554607033012e-01
  -3.3772082057779701e-01
  -3.9711767334647724e-01
  -4.4125351663460916e-01
  -4.6843223473629625e-01
  -4.7760936475689120e-01
  -4.6843223473629630e-01
  -4.4125351663460921e-01
  -3.9711767334647735e-01
  -3.3772082057779712e-01
  -2.6534554607033023e-01
  -1.8277319103487755e-01
  -9.3176964768340587e-02
   0.0000000000000000e+00
   1.3124764583846824e-01
   2.5745151825189194e-01
   3.7376167319937015e-01
   4.7570837665375781e-01
   5.5937387397367266e-01
   6.2154294701726187e-01
   6.5982647317227816e-01
   6.7275323799823294e-01
   6.5982647317227816e-01
   6.2154294701726187e-01
   5.5937387397367277e-01
   4.7570837665375787e-01
   3.7376167319937015e-01
   2.5745151825189200e-01
   1.3124764583846849e-01
   8.2388509953055347e-17
  -1.3124764583846832e-01
  -2.5745151825189183e-01
  -3.7376167319937004e-01
  -4.7570837665375781e-01
  -5.5937387397367266e-01
  -6.2154294701726176e-01
  -6.5982647317227805e-01
  -6.7275323799823294e-01
  -6.5982647317227816e-01
  -6.2154294701726176e-01
  -5.5937387397367289e-01
  -4.7570837665375793e-01
  -3.7376167319937015e-01
  -2.5745151825189233e-01
  -1.3124764583846854e-01
   0.0000000000000000e+00
   1.5366425340437140e-01
   3.0142327572631894e-01
   4.3759877060222446e-01
   5.5695759013210444e-01
   6.5491284181862264e-01
   7.2770016027340412e-01
   7.7252236966783017e-01
   7.8765697763145759e-01
   7.7252236966783017e-01
   7.2770016027340412e-01
   6.5491284181862264e-01
   5.5695759013210444e-01
   4.3759877060222446e-01
   3.0142327572631900e-01
   1.5366425340437168e-01
   9.6460159648244286e-17
  -1.5366425340437148e-01
  -3.0142327572631883e-01
  -4.3759877060222430e-01
  -5.5695759013210444e-01
  -6.5491284181862264e-01
  -7.2770016027340390e-01
  -7.7252236966783006e-01
  -7.8765697763145759e-01
  -7.7252236966783017e-01
  -7.2770016027340401e-01
  -6.5491284181862275e-01
  -5.5695759013210455e-01
  -4.3759877060222446e-01
  -3.0142327572631944e-01
  -1.5366425340437176e-01
   0.0000000000000000e+00
   1.6075625090339060e-01
   3.1533472923770811e-01
   4.5779507076917392e-01
   5.8266260446541385e-01
   6.8513874103300110e-01
   7.6128538001292267e-01
   8.0817624877270722e-01
   8.2400935752261861e-01
   8.0817624877270722e-01
   7.6128538001292267e-01
   6.8513874103300121e-01
   5.8266260446541396e-01
   4.5779507076917392e-01
   3.1533472923770822e-01
   1.6075625090339091e-01
   1.0091204221575419e-16
  -1.6075625090339071e-01
  -3.1533472923770800e-01
  -4.5779507076917370e-01
  -5.8266260446541385e-01
  -6.8513874103300110e-01
  -7.6128538001292245e-01
  -8.0817624877270711e-01
  -8.2400935752261861e-01
  -8.0817624877270722e-01
  -7.6128538001292256e-01
  -6.8513874103300132e-01
  -5.8266260446541407e-01
  -4.5779507076917392e-01
  -3.1533472923770861e-01
  -1.6075625090339099e-01
   0.0000000000000000e+00
   1.5632916992443432e-01
   3.0665069751908119e-01
   4.4518781077976216e-01
   5.6661660613637743e-01
   6.6627064308142536e-01
   7.4032027286173541e-01
   7.8591980973236120e-01
   8.0131688906387932e-01
   7.8591980973236120e-01
   7.4032027286173541e-01
   6.6627064308142547e-01
   5.6661660613637754e-01
   4.4518781077976216e-01
   3.0665069751908131e-01
   1.5632916992443463e-01
   9.8133016329479453e-17
  -1.5632916992443444e-01
  -3.0665069751908114e-01
  -4.4518781077976194e-01
  -5.6661660613637743e-01
  -6.6627064308142536e-01
  -7.4032027286173530e-01
  -7.8591980973236109e-01
  -8.0131688906387932e-01
  -7.8591980973236120e-01
  -7.4032027286173541e-01
  -6.6627064308142558e-01
  -5.6661660613637765e-01
  -4.4518781077976216e-01
  -3.0665069751908169e-01
  -1.5632916992443471e-01
   0.0000000000000000e+00
   1.4637198930602185e-01
   2.8711898514937062e-01
   4.1683215941161095e-01
   5.3052670754983122e-01
   6.2383341183971674e-01
   6.9316654796240984e-01
   7.3586168237918603e-01
   7.5027806501811600e-01
   7.3586168237918603e-01
   6.9316654796240984e-01
   6.2383341183971686e-01
   5.3052670754983122e-01
   4.1683215941161095e-01
   2.8711898514937073e-01
   1.4637198930602213e-01
   9.1882563079490548e-17
  -1.4637198930602194e-01
  -2.8711898514937056e-01
  -4.1683215941161078e-01
  -5.3052670754983122e-01
  -6.2383341183971674e-01
  -6.9316654796240962e-01
  -7.3586168237918592e-01
  -7.5027806501811600e-01
  -7.3586168237918603e-01
  -6.9316654796240973e-01
  -6.2383341183971686e-01
  -5.3052670754983133e-01
  -4.1683215941161095e-01
  -2.8711898514937106e-01
  -1.4637198930602222e-01
   0.0000000000000000e+00
   1.3720184262458959e-01
   2.6913109538079605e-01
   3.9071779107197552e-01
   4.9728942116932068e-01
   5.8475049769424925e-01
   6.4973994052464479e-01
   6.8976024181903484e-01
   7.0327344384231949e-01
   6.8976024181903484e-01
   6.4973994052464479e-01
   5.8475049769424925e-01
   4.9728942116932073e-01
   3.9071779107197552e-01
   2.6913109538079610e-01
   1.3720184262458984e-01
   8.6126157192683243e-17
  -1.3720184262458968e-01
  -2.6913109538079594e-01
  -3.9071779107197541e-01
  -4.9728942116932068e-01
  -5.8475049769424925e-01
  -6.4973994052464468e-01
  -6.8976024181903473e-01
  -7.0327344384231949e-01
  -6.8976024181903484e-01
  -6.4973994052464468e-01
  -5.8475049769424936e-01
  -4.9728942116932084e-01
  -3.9071779107197552e-01
  -2.6913109538079649e-01
  -1.3720184262458993e-01
   0.0000000000000000e+00
   1.3356047998984341e-01
   2.6198830563525727e-01
   3.8034806761984258e-01
   4.8409126666745111e-01
   5.6923110981853953e-01
   6.3249572064778559e-01
   6.7145387564022385e-01
   6.8460843474748001e-01
   6.7145387564022385e-01
   6.3249572064778559e-01
   5.6923110981853964e-01
   4.8409126666745117e-01
   3.8034806761984258e-01
   2.6198830563525732e-01
   1.3356047998984363e-01
   8.3840352828278101e-17
  -1.3356047998984347e-01
  -2.6198830563525716e-01
  -3.8034806761984241e-01
  -4.8409126666745111e-01
  -5.6923110981853953e-01
  -6.3249572064778548e-01
  -6.7145387564022374e-01
  -6.8460843474748001e-01
  -6.7145387564022385e-01
  -6.3249572064778548e-01
  -5.6923110981853975e-01
  -4.8409126666745128e-01
  -3.8034806761984258e-01
  -2.6198830563525766e-01
  -1.3356047998984372e-01
   0.0000000000000000e+00
   1.3720184262458957e-01
   2.6913109538079599e-01
   3.9071779107197546e-01
   4.9728942116932062e-01
   5.8475049769424914e-01
   6.4973994052464468e-01
   6.8976024181903473e-01
   7.0327344384231938e-01
   6.8976024181903473e-01
   6.4973994052464468e-01
   5.8475049769424914e-01
   4.9728942116932068e-01
   3.9071779107197546e-01
   2.6913109538079605e-01
   1.3720184262458981e-01
   8.6126157192683231e-17
  -1.3720184262458965e-01
  -2.6913109538079594e-01
  -3.9071779107197535e-01
  -4.9728942116932062e-01
  -5.8475049769424914e-01
  -6.4973994052464457e-01
  -6.8976024181903461e-01
  -7.0327344384231938e-01
  -6.8976024181903473e-01
  -6.4973994052464457e-01
  -5.8475049769424925e-01
  -4.9728942116932073e-01
  -3.9071779107197546e-01
  -2.6913109538079644e-01
  -1.3720184262458990e-01
   0.0000000000000000e+00
   1.4637198930602183e-01
   2.8711898514937056e-01
   4.1683215941161089e-01
   5.3052670754983111e-01
   6.2383341183971663e-01
   6.9316654796240973e-01
   7.3586168237918592e-01
   7.5027806501811589e-01
   7.3586168237918592e-01
   6.9316654796240973e-01
   6.2383341183971674e-01
   5.3052670754983122e-01
   4.1683215941161089e-01
   2.8711898514937068e-01
   1.4637198930602210e-01
   9.1882563079490536e-17
  -1.4637198930602191e-01
  -2.8711898514937051e-01
  -4.1683215941161073e-01
  -5.3052670754983111e-01
  -6.2383341183971663e-01
  -6.9316654796240951e-01
  -7.3586168237918581e-01
  -7.5027806501811589e-01
  -7.3586168237918592e-01
  -6.9316654796240962e-01
  -6.2383341183971686e-01
  -5.3052670754983122e-01
  -4.1683215941161089e-01
  -2.8711898514937106e-01
  -1.4637198930602219e-01
   0.0000000000000000e+00
   1.5632916992443432e-01
   3.0665069751908119e-01
   4.4518781077976216e-01
   5.6661660613637743e-01
   6.6627064308142536e-01
   7.4032027286173541e-01
   7.8591980973236120e-01
   8.0131688906387932e-01
   7.8591980973236120e-01
   7.4032027286173541e-01
   6.6627064308142547e-01
   5.6661660613637754e-01
   4.4518781077976216e-01
   3.0665069751908131e-01
   1.5632916992443463e-01
   9.8133016329479453e-17
  -1.5632916992443444e-01
  -3.0665069751908114e-01
  -4.4518781077976194e-01
  -5.6661660613637743e-01
  -6.6627064308142536e-01
  -7.4032027286173530e-01
  -7.8591980973236109e-01
  -8.0131688906387932e-01
  -7.8591980973236120e-01
  -7.4032027286173541e-01
  -6.6627064308142558e-01
  -5.6661660613637765e-01
  -4.4518781077976216e-01
  -3.0665069751908169e-01
  -1.5632916992443471e-01
   0.0000000000000000e+00
   1.6075625090339060e-01
   3.1533472923770811e-01
   4.5779507076917392e-01
   5.8266260446541385e-01
   6.8513874103300110e-01
   7.6128538001292267e-01
   8.0817624877270722e-01
   8.2400935752261861e-01
   8.0817624877270722e-01
   7.6128538001292267e-01
   6.8513874103300121e-01
   5.8266260446541396e-01
   4.5779507076917392e-01
   3.1533472923770822e-01
   1.6075625090339091e-01
   1.0091204221575419e-16
  -1.6075625090339071e-01
  -3.1533472923770800e-01
  -4.5779507076917370e-01
  -5.8266260446541385e-01
  -6.8513874103300110e-01
  -7.6128538001292245e-01
  -8.0817624877270711e-01
  -8.2400935752261861e-01
  -8.0817624877270722e-01
  -7.6128538001292256e-01
  -6.8513874103300132e-01
  -5.8266260446541407e-01
  -4.5779507076917392e-01
  -3.1533472923770861e-01
  -1.6075625090339099e-01
   0.0000000000000000e+00
   1.5366425340437137e-01
   3.0142327572631888e-01
   4.3759877060222441e-01
   5.5695759013210433e-01
   6.5491284181862253e-01
   7.2770016027340401e-01
   7.7252236966783006e-01
   7.8765697763145748e-01
   7.7252236966783006e-01
   7.2770016027340401e-01
   6.5491284181862253e-01
   5.5695759013210444e-01
   4.3759877060222441e-01
   3.0142327572631900e-01
   1.5366425340437165e-01
   9.6460159648244274e-17
  -1.5366425340437145e-01
  -3.0142327572631883e-01
  -4.3759877060222424e-01
  -5.5695759013210433e-01
  -6.5491284181862253e-01
  -7.2770016027340378e-01
  -7.7252236966782994e-01
  -7.8765697763145748e-01
  -7.7252236966783006e-01
  -7.2770016027340390e-01
  -6.5491284181862264e-01
  -5.5695759013210444e-01
  -4.3759877060222441e-01
  -3.0142327572631938e-01
  -1.5366425340437173e-01
   0.0000000000000000e+00
   1.3124764583846829e-01
   2.5745151825189205e-01
   3.7376167319937037e-01
   4.7570837665375804e-01
   5.5937387397367300e-01
   6.2154294701726220e-01
   6.5982647317227849e-01
   6.7275323799823328e-01
   6.5982647317227849e-01
   6.2154294701726220e-01
   5.5937387397367300e-01
   4.7570837665375809e-01
   3.7376167319937037e-01
   2.5745151825189211e-01
   1.3124764583846854e-01
   8.2388509953055384e-17
  -1.3124764583846837e-01
  -2.5745151825189200e-01
  -3.7376167319937020e-01
  -4.7570837665375804e-01
  -5.5937387397367300e-01
  -6.2154294701726198e-01
  -6.5982647317227838e-01
  -6.7275323799823328e-01
  -6.5982647317227849e-01
  -6.2154294701726209e-01
  -5.5937387397367311e-01
  -4.7570837665375820e-01
  -3.7376167319937037e-01
  -2.5745151825189244e-01
  -1.3124764583846862e-01
   0.0000000000000000e+00
   9.3176964768340018e-02
   1.8277319103487658e-01
   2.6534554607032923e-01
   3.3772082057779573e-01
   3.9711767334647574e-01
   4.4125351663460760e-01
   4.6843223473629453e-01
   4.7760936475688942e-01
   4.6843223473629453e-01
   4.4125351663460760e-01
   3.9711767334647580e-01
   3.3772082057779579e-01
   2.6534554607032923e-01
   1.8277319103487663e-01
   9.3176964768340184e-02
   5.8490277979232533e-17
  -9.3176964768340059e-02
  -1.8277319103487655e-01
  -2.6534554607032912e-01
  -3.3772082057779573e-01
  -3.9711767334647574e-01
  -4.4125351663460755e-01
  -4.6843223473629447e-01
  -4.7760936475688942e-01
  -4.6843223473629453e-01
  -4.4125351663460755e-01
  -3.9711767334647585e-01
  -3.3772082057779584e-01
  -2.6534554607032923e-01
  -1.8277319103487688e-01
  -9.3176964768340240e-02
   0.0000000000000000e+00
   4.3102051744633073e-02
   8.4547715812629001e-02
   1.2274425857685085e-01
   1.5622380831973759e-01
   1.8369976472021787e-01
   2.0411624218251509e-01
   2.1668864692744566e-01
   2.2093382849134768e-01
   2.1668864692744566e-01
   2.0411624218251509e-01
   1.8369976472021790e-01
   1.5622380831973762e-01
   1.2274425857685085e-01
   8.4547715812629015e-02
   4.3102051744633149e-02
   2.7056590588529925e-17
  -4.3102051744633094e-02
  -8.4547715812628974e-02
  -1.2274425857685081e-01
  -1.5622380831973759e-01
  -1.8369976472021787e-01
  -2.0411624218251506e-01
  -2.1668864692744563e-01
  -2.2093382849134768e-01
  -2.1668864692744566e-01
  -2.0411624218251509e-01
  -1.8369976472021793e-01
  -1.5622380831973764e-01
  -1.2274425857685085e-01
  -8.4547715812629126e-02
  -4.3102051744633177e-02
  -1.5978306114731038e+00
  -1.5978306114731038e+00
  -1.5978306114731038e+00
  -1.5978306114731038e+00
  -1.5978306114731038e+00
  -1.5978306114731038e+00
  -1.5978306114731038e+00
  -1.5978306114731038e+00
  -1.5978306114731038e+00
  -1.5978306114731038e+00
  -1.5978306114731038e+00
  -1.5978306114731038e+00
  -1.5978306114731038e+00
  -1.5978306114731038e+00
  -1.5978306114731038e+00
  -1.5978306114731038e+00
  -1.5978306114731038e+00
  -1.5978306114731038e+00
  -1.5978306114731038e+00
  -1.5978306114731038e+00
  -1.5978306114731038e+00
  -1.5978306114731038e+00
  -1.5978306114731038e+00
  -1.5978306114731038e+00
  -1.5978306114731038e+00
  -1.5978306114731038e+00
  -1.5978306114731038e+00
  -1.5978306114731038e+00
  -1.5978306114731038e+00
  -1.5978306114731038e+00
  -1.5978306114731038e+00
  -1.5978306114731038e+00
  -1.4637987715582028e+00
  -1.4637987715582028e+00
  -1.4637987715582028e+00
  -1.4637987715582028e+00
  -1.4637987715582028e+00
  -1.4637987715582028e+00
  -1.4637987715582028e+00
  -1.4637987715582028e+00
  -1.4637987715582028e+00
  -1.4637987715582028e+00
  -1.4637987715582028e+00
  -1.4637987715582028e+00
  -1.4637987715582028e+00
  -1.4637987715582028e+00
  -1.4637987715582028e+00
  -1.4637987715582028e+00
  -1.4637987715582028e+00
  -1.4637987715582028e+00
  -1.4637987715582028e+00
  -1.4637987715582028e+00
  -1.4637987715582028e+00
  -1.4637987715582028e+00
  -1.4637987715582028e+00
  -1.4637987715582028e+00
  -1.4637987715582028e+00
  -1.4637987715582028e+00
  -1.4637987715582028e+00
  -1.4637987715582028e+00
  -1.4637987715582028e+00
  -1.4637987715582028e+00
  -1.4637987715582028e+00
  -1.4637987715582028e+00
  -1.2479365508780949e+00
  -1.2479365508780949e+00
  -1.2479365508780949e+00
  -1.2479365508780949e+00
  -1.2479365508780949e+00
  -1.2479365508780949e+00
  -1.2479365508780949e+00
  -1.2479365508780949e+00
  -1.2479365508780949e+00
  -1.2479365508780949e+00
  -1.2479365508780949e+00
  -1.2479365508780949e+00
  -1.2479365508780949e+00
  -1.2479365508780949e+00
  -1.2479365508780949e+00
  -1.2479365508780949e+00
  -1.2479365508780949e+00
  -1.2479365508780949e+00
  -1.2479365508780949e+00
  -1.2479365508780949e+00
  -1.2479365508780949e+00
  -1.2479365508780949e+00
  -1.2479365508780949e+00
  -1.2479365508780949e+00
  -1.2479365508780949e+00
  -1.2479365508780949e+00
  -1.2479365508780949e+00
  -1.2479365508780949e+00
  -1.2479365508780949e+00
  -1.2479365508780949e+00
  -1.2479365508780949e+00
  -1.2479365508780949e+00
  -9.8665987273010591e-01
  -9.8665987273010591e-01
  -9.8665987273010591e-01
  -9.8665987273010591e-01
  -9.8665987273010591e-01
  -9.8665987273010591e-01
  -9.8665987273010591e-01
  -9.8665987273010591e-01
  -9.8665987273010591e-01
  -9.8665987273010591e-01
  -9.8665987273010591e-01
  -9.8665987273010591e-01
  -9.8665987273010591e-01
  -9.8665987273010591e-01
  -9.8665987273010591e-01
  -9.8665987273010591e-01
  -9.8665987273010591e-01
  -9.8665987273010591e-01
  -9.8665987273010591e-01
  -9.8665987273010591e-01
  -9.8665987273010591e-01
  -9.8665987273010591e-01
  -9.8665987273010591e-01
  -9.8665987273010591e-01
  -9.8665987273010591e-01
  -9.8665987273010591e-01
  -9.8665987273010591e-01
  -9.8665987273010591e-01
  -9.8665987273010591e-01
  -9.8665987273010591e-01
  -9.8665987273010591e-01
  -9.8665987273010591e-01
  -7.1939929077601439e-01
  -7.1939929077601439e-01
  -7.1939929077601439e-01
  -7.1939929077601439e-01
  -7.1939929077601439e-01
  -7.1939929077601439e-01
  -7.1939929077601439e-01
  -7.1939929077601439e-01
  -7.1939929077601439e-01
  -7.1939929077601439e-01
  -7.1939929077601439e-01
  -7.1939929077601439e-01
  -7.1939929077601439e-01
  -7.1939929077601439e-01
  -7.1939929077601439e-01
  -7.1939929077601439e-01
  -7.1939929077601439e-01
  -7.1939929077601439e-01
  -7.1939929077601439e-01
  -7.1939929077601439e-01
  -7.1939929077601439e-01
  -7.1939929077601439e-01
  -7.1939929077601439e-01
  -7.1939929077601439e-01
  -7.1939929077601439e-01
  -7.1939929077601439e-01
  -7.1939929077601439e-01
  -7.1939929077601439e-01
  -7.1939929077601439e-01
  -7.1939929077601439e-01
  -7.1939929077601439e-01
  -7.1939929077601439e-01
  -4.7850020744455396e-01
  -4.7850020744455396e-01
  -4.7850020744455396e-01
  -4.7850020744455396e-01
  -4.7850020744455396e-01
  -4.7850020744455396e-01
  -4.7850020744455396e-01
  -4.7850020744455396e-01
  -4.7850020744455396e-01
  -4.7850020744455396e-01
  -4.7850020744455396e-01
  -4.7850020744455396e-01
  -4.7850020744455396e-01
  -4.7850020744455396e-01
  -4.7850020744455396e-01
  -4.7850020744455396e-01
  -4.7850020744455396e-01
  -4.7850020744455396e-01
  -4.7850020744455396e-01
  -4.7850020744455396e-01
  -4.7850020744455396e-01
  -4.7850020744455396e-01
  -4.7850020744455396e-01
  -4.7850020744455396e-01
  -4.7850020744455396e-01
  -4.7850020744455396e-01
  -4.7850020744455396e-01
  -4.7850020744455396e-01
  -4.7850020744455396e-01
  -4.7850020744455396e-01
  -4.7850020744455396e-01
  -4.7850020744455396e-01
  -2.8145328481827081e-01
  -2.8145328481827081e-01
  -2.8145328481827081e-01
  -2.8145328481827081e-01
  -2.8145328481827081e-01
  -2.8145328481827081e-01
  -2.8145328481827081e-01
  -2.8145328481827081e-01
  -2.8145328481827081e-01
  -2.8145328481827081e-01
  -2.8145328481827081e-01
  -2.8145328481827081e-01
  -2.8145328481827081e-01
  -2.8145328481827081e-01
  -2.8145328481827081e-01
  -2.8145328481827081e-01
  -2.8145328481827081e-01
  -2.8145328481827081e-01
  -2.8145328481827081e-01
  -2.8145328481827081e-01
  -2.8145328481827081e-01
  -2.8145328481827081e-01
  -2.8145328481827081e-01
  -2.8145328481827081e-01
  -2.8145328481827081e-01
  -2.8145328481827081e-01
  -2.8145328481827081e-01
  -2.8145328481827081e-01
  -2.8145328481827081e-01
  -2.8145328481827081e-01
  -2.8145328481827081e-01
  -2.8145328481827081e-01
  -1.2757163055834836e-01
  -1.2757163055834836e-01
  -1.2757163055834836e-01
  -1.2757163055834836e-01
  -1.2757163055834836e-01
  -1.2757163055834836e-01
  -1.2757163055834836e-01
  -1.2757163055834836e-01
  -1.2757163055834836e-01
  -1.2757163055834836e-01
  -1.2757163055834836e-01
  -1.2757163055834836e-01
  -1.2757163055834836e-01
  -1.2757163055834836e-01
  -1.2757163055834836e-01
  -1.2757163055834836e-01
  -1.2757163055834836e-01
  -1.2757163055834836e-01
  -1.2757163055834836e-01
  -1.2757163055834836e-01
  -1.2757163055834836e-01
  -1.2757163055834836e-01
  -1.2757163055834836e-01
  -1.2757163055834836e-01
  -1.2757163055834836e-01
  -1.2757163055834836e-01
  -1.2757163055834836e-01
  -1.2757163055834836e-01
  -1.2757163055834836e-01
  -1.2757163055834836e-01
  -1.2757163055834836e-01
  -1.2757163055834836e-01
  -1.1009343300770923e-16
  -1.1009343300770923e-16
  -1.1009343300770923e-16
  -1.1009343300770923e-16
  -1.1009343300770923e-16
  -1.1009343300770923e-16
  -1.1009343300770923e-16
  -1.1009343300770923e-16
  -1.1009343300770923e-16
  -1.1009343300770923e-16
  -1.1009343300770923e-16
  -1.1009343300770923e-16
  -1.1009343300770923e-16
  -1.1009343300770923e-16
  -1.1009343300770923e-16
  -1.1009343300770923e-16
  -1.1009343300770923e-16
  -1.1009343300770923e-16
  -1.1009343300770923e-16
  -1.1009343300770923e-16
  -1.1009343300770923e-16
  -1.1009343300770923e-16
  -1.1009343300770923e-16
  -1.1009343300770923e-16
  -1.1009343300770923e-16
  -1.1009343300770923e-16
  -1.1009343300770923e-16
  -1.1009343300770923e-16
  -1.1009343300770923e-16
  -1.1009343300770923e-16
  -1.1009343300770923e-16
  -1.1009343300770923e-16
   1.2757163055834825e-01
   1.2757163055834825e-01
   1.2757163055834825e-01
   1.2757163055834825e-01
   1.2757163055834825e-01
   1.2757163055834825e-01
   1.2757163055834825e-01
   1.2757163055834825e-01
   1.2757163055834825e-01
   1.2757163055834825e-01
   1.2757163055834825e-01
   1.2757163055834825e-01
   1.2757163055834825e-01
   1.2757163055834825e-01
   1.2757163055834825e-01
   1.2757163055834825e-01
   1.2757163055834825e-01
   1.2757163055834825e-01
   1.2757163055834825e-01
   1.2757163055834825e-01
   1.2757163055834825e-01
   1.2757163055834825e-01
   1.2757163055834825e-01
   1.2757163055834825e-01
   1.2757163055834825e-01
   1.2757163055834825e-01
   1.2757163055834825e-01
   1.2757163055834825e-01
   1.2757163055834825e-01
   1.2757163055834825e-01
   1.2757163055834825e-01
   1.2757163055834825e-01
   2.8145328481827070e-01
   2.8145328481827070e-01
   2.8145328481827070e-01
   2.8145328481827070e-01
   2.8145328481827070e-01
   2.8145328481827070e-01
   2.8145328481827070e-01
   2.8145328481827070e-01
   2.8145328481827070e-01
   2.8145328481827070e-01
   2.8145328481827070e-01
   2.8145328481827070e-01
   2.8145328481827070e-01
   2.8145328481827070e-01
   2.8145328481827070e-01
   2.8145328481827070e-01
   2.8145328481827070e-01
   2.8145328481827070e-01
   2.8145328481827070e-01
   2.8145328481827070e-01
   2.8145328481827070e-01
   2.8145328481827070e-01
   2.8145328481827070e-01
   2.8145328481827070e-01
   2.8145328481827070e-01
   2.8145328481827070e-01
   2.8145328481827070e-01
   2.8145328481827070e-01
   2.8145328481827070e-01
   2.8145328481827070e-01
   2.8145328481827070e-01
   2.8145328481827070e-01
   4.7850020744455396e-01
   4.7850020744455396e-01
   4.7850020744455396e-01
   4.7850020744455396e-01
   4.7850020744455396e-01
   4.7850020744455396e-01
   4.7850020744455396e-01
   4.7850020744455396e-01
   4.7850020744455396e-01
   4.7850020744455396e-01
   4.7850020744455396e-01
   4.7850020744455396e-01
   4.7850020744455396e-01
   4.7850020744455396e-01
   4.7850020744455396e-01
   4.7850020744455396e-01
   4.7850020744455396e-01
   4.7850020744455396e-01
   4.7850020744455396e-01
   4.7850020744455396e-01
   4.7850020744455396e-01
   4.7850020744455396e-01
   4.7850020744455396e-01
   4.7850020744455396e-01
   4.7850020744455396e-01
   4.7850020744455396e-01
   4.7850020744455396e-01
   4.7850020744455396e-01
   4.7850020744455396e-01
   4.7850020744455396e-01
   4.7850020744455396e-01
   4.7850020744455396e-01
   7.1939929077601428e-01
   7.1939929077601428e-01
   7.1939929077601428e-01
   7.1939929077601428e-01
   7.1939929077601428e-01
   7.1939929077601428e-01
   7.1939929077601428e-01
   7.1939929077601428e-01
   7.1939929077601428e-01
   7.1939929077601428e-01
   7.1939929077601428e-01
   7.1939929077601428e-01
   7.1939929077601428e-01
   7.1939929077601428e-01
   7.1939929077601428e-01
   7.1939929077601428e-01
   7.1939929077601428e-01
   7.1939929077601428e-01
   7.1939929077601428e-01
   7.1939929077601428e-01
   7.1939929077601428e-01
   7.1939929077601428e-01
   7.1939929077601428e-01
   7.1939929077601428e-01
   7.1939929077601428e-01
   7.1939929077601428e-01
   7.1939929077601428e-01
   7.1939929077601428e-01
   7.1939929077601428e-01
   7.1939929077601428e-01
   7.1939929077601428e-01
   7.1939929077601428e-01
   9.8665987273010702e-01
   9.8665987273010702e-01
   9.8665987273010702e-01
   9.8665987273010702e-01
   9.8665987273010702e-01
   9.8665987273010702e-01
   9.8665987273010702e-01
   9.8665987273010702e-01
   9.8665987273010702e-01
   9.8665987273010702e-01
   9.8665987273010702e-01
   9.8665987273010702e-01
   9.8665987273010702e-01
   9.8665987273010702e-01
   9.8665987273010702e-01
   9.8665987273010702e-01
   9.8665987273010702e-01
   9.8665987273010702e-01
   9.8665987273010702e-01
   9.8665987273010702e-01
   9.8665987273010702e-01
   9.8665987273010702e-01
   9.8665987273010702e-01
   9.8665987273010702e-01
   9.8665987273010702e-01
   9.8665987273010702e-01
   9.8665987273010702e-01
   9.8665987273010702e-01
   9.8665987273010702e-01
   9.8665987273010702e-01
   9.8665987273010702e-01
   9.8665987273010702e-01
   1.2479365508780940e+00
   1.2479365508780940e+00
   1.2479365508780940e+00
   1.2479365508780940e+00
   1.2479365508780940e+00
   1.2479365508780940e+00
   1.2479365508780940e+00
   1.2479365508780940e+00
   1.2479365508780940e+00
   1.2479365508780940e+00
   1.2479365508780940e+00
   1.2479365508780940e+00
   1.2479365508780940e+00
   1.2479365508780940e+00
   1.2479365508780940e+00
   1.2479365508780940e+00
   1.2479365508780940e+00
   1.2479365508780940e+00
   1.2479365508780940e+00
   1.2479365508780940e+00
   1.2479365508780940e+00
   1.2479365508780940e+00
   1.2479365508780940e+00
   1.2479365508780940e+00
   1.2479365508780940e+00
   1.2479365508780940e+00
   1.2479365508780940e+00
   1.2479365508780940e+00
   1.2479365508780940e+00
   1.2479365508780940e+00
   1.2479365508780940e+00
   1.2479365508780940e+00
   1.4637987715582041e+00
   1.4637987715582041e+00
   1.4637987715582041e+00
   1.4637987715582041e+00
   1.4637987715582041e+00
   1.4637987715582041e+00
   1.4637987715582041e+00
   1.4637987715582041e+00
   1.4637987715582041e+00
   1.4637987715582041e+00
   1.4637987715582041e+00
   1.4637987715582041e+00
   1.4637987715582041e+00
   1.4637987715582041e+00
   1.4637987715582041e+00
   1.4637987715582041e+00
   1.4637987715582041e+00
   1.4637987715582041e+00
   1.4637987715582041e+00
   1.4637987715582041e+00
   1.4637987715582041e+00
   1.4637987715582041e+00
   1.4637987715582041e+00
   1.4637987715582041e+00
   1.4637987715582041e+00
   1.4637987715582041e+00
   1.4637987715582041e+00
   1.4637987715582041e+00
   1.4637987715582041e+00
   1.4637987715582041e+00
   1.4637987715582041e+00
   1.4637987715582041e+00
   1.5978306114731042e+00
   1.5978306114731042e+00
   1.5978306114731042e+00
   1.5978306114731042e+00
   1.5978306114731042e+00
   1.5978306114731042e+00
   1.5978306114731042e+00
   1.5978306114731042e+00
   1.5978306114731042e+00
   1.5978306114731042e+00
   1.5978306114731042e+00
   1.5978306114731042e+00
   1.5978306114731042e+00
   1.5978306114731042e+00
   1.5978306114731042e+00
   1.5978306114731042e+00
   1.5978306114731042e+00
   1.5978306114731042e+00
   1.5978306114731042e+00
   1.5978306114731042e+00
   1.5978306114731042e+00
   1.5978306114731042e+00
   1.5978306114731042e+00
   1.5978306114731042e+00
   1.5978306114731042e+00
   1.5978306114731042e+00
   1.5978306114731042e+00
   1.5978306114731042e+00
   1.5978306114731042e+00
   1.5978306114731042e+00
   1.5978306114731042e+00
   1.5978306114731042e+00
