# dumbbell
   3.9339320186845039e-01
   3.6344792743534221e-01
   2.7817100071386969e-01
   1.5054506076011126e-01
   2.4088386273726318e-17
  -1.5054506076011123e-01
  -2.7817100071386963e-01
  -3.6344792743534221e-01
  -3.9339320186845039e-01
  -3.6344792743534227e-01
  -2.7817100071386974e-01
  -1.5054506076011145e-01
  -7.2265158821178942e-17
   1.5054506076011134e-01
   2.7817100071386958e-01
   3.6344792743534210e-01
   7.3849056584729877e-01
   6.8227631873899797e-01
   5.2219168695291562e-01
   2.8260810450768170e-01
   4.5219505383270605e-17
  -2.8260810450768159e-01
  -5.2219168695291551e-01
  -6.8227631873899797e-01
  -7.3849056584729877e-01
  -6.8227631873899808e-01
  -5.2219168695291562e-01
  -2.8260810450768203e-01
  -1.3565851614981182e-16
   2.8260810450768181e-01
   5.2219168695291540e-01
   6.8227631873899786e-01
   8.2184646280553286e-01
   7.5928712585283031e-01
   5.8113320694397008e-01
   3.1450702526352947e-01
   5.0323582003268505e-17
  -3.1450702526352936e-01
  -5.8113320694396997e-01
  -7.5928712585283031e-01
  -8.2184646280553286e-01
  -7.5928712585283042e-01
  -5.8113320694397008e-01
  -3.1450702526352986e-01
  -1.5097074600980549e-16
   3.1450702526352958e-01
   5.8113320694396986e-01
   7.5928712585283009e-01
   7.4172535091594860e-01
   6.8526487045599671e-01
   5.2447902541063884e-01
   2.8384600316071595e-01
   4.5417578842283191e-17
  -2.8384600316071584e-01
  -5.2447902541063884e-01
  -6.8526487045599671e-01
  -7.4172535091594860e-01
  -6.8526487045599682e-01
  -5.2447902541063895e-01
  -2.8384600316071629e-01
  -1.3625273652684955e-16
   2.8384600316071606e-01
   5.2447902541063873e-01
   6.8526487045599649e-01
   6.8460843474748001e-01
   6.3249572064778559e-01
   4.8409126666745117e-01
   2.6198830563525727e-01
   4.1920176414139051e-17
  -2.6198830563525721e-01
  -4.8409126666745111e-01
  -6.3249572064778559e-01
  -6.8460843474748001e-01
  -6.3249572064778570e-01
  -4.8409126666745128e-01
  -2.6198830563525760e-01
  -1.2576052924241713e-16
   2.6198830563525738e-01
   4.8409126666745100e-01
   6.3249572064778548e-01
   7.4172535091594860e-01
   6.8526487045599671e-01
   5.2447902541063884e-01
   2.8384600316071595e-01
   4.5417578842283191e-17
  -2.8384600316071584e-01
  -5.2447902541063884e-01
  -6.8526487045599671e-01
  -7.4172535091594860e-01
  -6.8526487045599682e-01
  -5.2447902541063895e-01
  -2.8384600316071629e-01
  -1.3625273652684955e-16
   2.8384600316071606e-01
   5.2447902541063873e-01
   6.8526487045599649e-01
   8.2184646280553297e-01
   7.5928712585283042e-01
   5.8113320694397008e-01
   3.1450702526352947e-01
   5.0323582003268511e-17
  -3.1450702526352942e-01
  -5.8113320694396997e-01
  -7.5928712585283042e-01
  -8.2184646280553297e-01
  -7.5928712585283054e-01
  -5.8113320694397019e-01
  -3.1450702526352992e-01
  -1.5097074600980552e-16
   3.1450702526352964e-01
   5.8113320694396997e-01
   7.5928712585283020e-01
   7.3849056584729900e-01
   6.8227631873899819e-01
   5.2219168695291573e-01
   2.8260810450768176e-01
   4.5219505383270617e-17
  -2.8260810450768170e-01
  -5.2219168695291562e-01
  -6.8227631873899819e-01
  -7.3849056584729900e-01
  -6.8227631873899830e-01
  -5.2219168695291585e-01
  -2.8260810450768215e-01
  -1.3565851614981185e-16
   2.8260810450768187e-01
   5.2219168695291562e-01
   6.8227631873899808e-01
   3.9339320186845012e-01
   3.6344792743534193e-01
   2.7817100071386952e-01
   1.5054506076011115e-01
   2.4088386273726300e-17
  -1.5054506076011112e-01
  -2.7817100071386947e-01
  -3.6344792743534193e-01
  -3.9339320186845012e-01
  -3.6344792743534199e-01
  -2.7817100071386952e-01
  -1.5054506076011137e-01
  -7.2265158821178893e-17
   1.5054506076011123e-01
   2.7817100071386941e-01
   3.6344792743534188e-01
   0.0000000000000000e+00
   1.5054506076011126e-01
   2.7817100071386963e-01
   3.6344792743534221e-01
   3.9339320186845039e-01
   3.6344792743534221e-01
   2.7817100071386969e-01
   1.5054506076011129e-01
   4.8176772547452636e-17
  -1.5054506076011120e-01
  -2.7817100071386963e-01
  -3.6344792743534210e-01
  -3.9339320186845039e-01
  -3.6344792743534216e-01
  -2.7817100071386974e-01
  -1.5054506076011148e-01
   0.0000000000000000e+00
   2.8260810450768165e-01
   5.2219168695291551e-01
   6.8227631873899797e-01
   7.3849056584729877e-01
   6.8227631873899797e-01
   5.2219168695291562e-01
   2.8260810450768170e-01
   9.0439010766541210e-17
  -2.8260810450768153e-01
  -5.2219168695291551e-01
  -6.8227631873899786e-01
  -7.3849056584729877e-01
  -6.8227631873899797e-01
  -5.2219168695291562e-01
  -2.8260810450768209e-01
   0.0000000000000000e+00
   3.1450702526352942e-01
   5.8113320694396997e-01
   7.5928712585283031e-01
   8.2184646280553286e-01
   7.5928712585283031e-01
   5.8113320694397008e-01
   3.1450702526352953e-01
   1.0064716400653701e-16
  -3.1450702526352931e-01
  -5.8113320694396997e-01
  -7.5928712585283009e-01
  -8.2184646280553286e-01
  -7.5928712585283020e-01
  -5.8113320694397008e-01
  -3.1450702526352992e-01
   0.0000000000000000e+00
   2.8384600316071590e-01
   5.2447902541063884e-01
   6.8526487045599671e-01
   7.4172535091594860e-01
   6.8526487045599671e-01
   5.2447902541063884e-01
   2.8384600316071601e-01
   9.0835157684566381e-17
  -2.8384600316071584e-01
  -5.2447902541063884e-01
  -6.8526487045599649e-01
  -7.4172535091594860e-01
  -6.8526487045599660e-01
  -5.2447902541063895e-01
  -2.8384600316071634e-01
   0.0000000000000000e+00
   2.6198830563525727e-01
   4.8409126666745111e-01
   6.3249572064778559e-01
   6.8460843474748001e-01
   6.3249572064778559e-01
   4.8409126666745117e-01
   2.6198830563525732e-01
   8.3840352828278101e-17
  -2.6198830563525716e-01
  -4.8409126666745111e-01
  -6.3249572064778548e-01
  -6.8460843474748001e-01
  -6.3249572064778548e-01
  -4.8409126666745128e-01
  -2.6198830563525766e-01
   0.0000000000000000e+00
   2.8384600316071590e-01
   5.2447902541063884e-01
   6.8526487045599671e-01
   7.4172535091594860e-01
   6.8526487045599671e-01
   5.2447902541063884e-01
   2.8384600316071601e-01
   9.0835157684566381e-17
  -2.8384600316071584e-01
  -5.2447902541063884e-01
  -6.8526487045599649e-01
  -7.4172535091594860e-01
  -6.8526487045599660e-01
  -5.2447902541063895e-01
  -2.8384600316071634e-01
   0.0000000000000000e+00
   3.1450702526352947e-01
   5.8113320694396997e-01
   7.5928712585283042e-01
   8.2184646280553297e-01
   7.5928712585283042e-01
   5.8113320694397008e-01
   3.1450702526352953e-01
   1.0064716400653702e-16
  -3.1450702526352936e-01
  -5.8113320694396997e-01
  -7.5928712585283020e-01
  -8.2184646280553297e-01
  -7.5928712585283031e-01
  -5.8113320694397019e-01
  -3.1450702526352997e-01
   0.0000000000000000e+00
   2.8260810450768170e-01
   5.2219168695291562e-01
   6.8227631873899819e-01
   7.3849056584729900e-01
   6.8227631873899819e-01
   5.2219168695291573e-01
   2.8260810450768181e-01
   9.0439010766541234e-17
  -2.8260810450768165e-01
  -5.2219168695291562e-01
  -6.8227631873899808e-01
  -7.3849056584729900e-01
  -6.8227631873899808e-01
  -5.2219168695291585e-01
  -2.8260810450768220e-01
   0.0000000000000000e+00
   1.5054506076011115e-01
   2.7817100071386947e-01
   3.6344792743534193e-01
   3.9339320186845012e-01
   3.6344792743534193e-01
   2.7817100071386952e-01
   1.5054506076011118e-01
   4.8176772547452599e-17
  -1.5054506076011109e-01
  -2.7817100071386947e-01
  -3.6344792743534188e-01
  -3.9339320186845012e-01
  -3.6344792743534188e-01
  -2.7817100071386952e-01
  -1.5054506076011137e-01
  -1.5214545055525133e+00
  -1.5214545055525133e+00
  -1.5214545055525133e+00
  -1.5214545055525133e+00
  -1.5214545055525133e+00
  -1.5214545055525133e+00
  -1.5214545055525133e+00
  -1.5214545055525133e+00
  -1.5214545055525133e+00
  -1.5214545055525133e+00
  -1.5214545055525133e+00
  -1.5214545055525133e+00
  -1.5214545055525133e+00
  -1.5214545055525133e+00
  -1.5214545055525133e+00
  -1.5214545055525133e+00
  -1.1252438275274996e+00
  -1.1252438275274996e+00
  -1.1252438275274996e+00
  -1.1252438275274996e+00
  -1.1252438275274996e+00
  -1.1252438275274996e+00
  -1.1252438275274996e+00
  -1.1252438275274996e+00
  -1.1252438275274996e+00
  -1.1252438275274996e+00
  -1.1252438275274996e+00
  -1.1252438275274996e+00
  -1.1252438275274996e+00
  -1.1252438275274996e+00
  -1.1252438275274996e+00
  -1.1252438275274996e+00
  -6.3826360968808227e-01
  -6.3826360968808227e-01
  -6.3826360968808227e-01
  -6.3826360968808227e-01
  -6.3826360968808227e-01
  -6.3826360968808227e-01
  -6.3826360968808227e-01
  -6.3826360968808227e-01
  -6.3826360968808227e-01
  -6.3826360968808227e-01
  -6.3826360968808227e-01
  -6.3826360968808227e-01
  -6.3826360968808227e-01
  -6.3826360968808227e-01
  -6.3826360968808227e-01
  -6.3826360968808227e-01
  -2.5424370775515986e-01
  -2.5424370775515986e-01
  -2.5424370775515986e-01
  -2.5424370775515986e-01
  -2.5424370775515986e-01
  -2.5424370775515986e-01
  -2.5424370775515986e-01
  -2.5424370775515986e-01
  -2.5424370775515986e-01
  -2.5424370775515986e-01
  -2.5424370775515986e-01
  -2.5424370775515986e-01
  -2.5424370775515986e-01
  -2.5424370775515986e-01
  -2.5424370775515986e-01
  -2.5424370775515986e-01
   4.1920176414139051e-17
   4.1920176414139051e-17
   4.1920176414139051e-17
   4.1920176414139051e-17
   4.1920176414139051e-17
   4.1920176414139051e-17
   4.1920176414139051e-17
   4.1920176414139051e-17
   4.1920176414139051e-17
   4.1920176414139051e-17
   4.1920176414139051e-17
   4.1920176414139051e-17
   4.1920176414139051e-17
   4.1920176414139051e-17
   4.1920176414139051e-17
   4.1920176414139051e-17
   2.5424370775515986e-01
   2.5424370775515986e-01
   2.5424370775515986e-01
   2.5424370775515986e-01
   2.5424370775515986e-01
   2.5424370775515986e-01
   2.5424370775515986e-01
   2.5424370775515986e-01
   2.5424370775515986e-01
   2.5424370775515986e-01
   2.5424370775515986e-01
   2.5424370775515986e-01
   2.5424370775515986e-01
   2.5424370775515986e-01
   2.5424370775515986e-01
   2.5424370775515986e-01
   6.3826360968808260e-01
   6.3826360968808260e-01
   6.3826360968808260e-01
   6.3826360968808260e-01
   6.3826360968808260e-01
   6.3826360968808260e-01
   6.3826360968808260e-01
   6.3826360968808260e-01
   6.3826360968808260e-01
   6.3826360968808260e-01
   6.3826360968808260e-01
   6.3826360968808260e-01
   6.3826360968808260e-01
   6.3826360968808260e-01
   6.3826360968808260e-01
   6.3826360968808260e-01
   1.1252438275274990e+00
   1.1252438275274990e+00
   1.1252438275274990e+00
   1.1252438275274990e+00
   1.1252438275274990e+00
   1.1252438275274990e+00
   1.1252438275274990e+00
   1.1252438275274990e+00
   1.1252438275274990e+00
   1.1252438275274990e+00
   1.1252438275274990e+00
   1.1252438275274990e+00
   1.1252438275274990e+00
   1.1252438275274990e+00
   1.1252438275274990e+00
   1.1252438275274990e+00
   1.5214545055525137e+00
   1.5214545055525137e+00
   1.5214545055525137e+00
   1.5214545055525137e+00
   1.5214545055525137e+00
   1.5214545055525137e+00
   1.5214545055525137e+00
   1.5214545055525137e+00
   1.5214545055525137e+00
   1.5214545055525137e+00
   1.5214545055525137e+00
   1.5214545055525137e+00
   1.5214545055525137e+00
   1.5214545055525137e+00
   1.5214545055525137e+00
   1.5214545055525137e+00
# oblate65
   7.2596071715573654e-02
   6.7070024798740038e-02
   5.1333174597587058e-02
   2.7781313900337942e-02
   4.4452273428574491e-18
  -2.7781313900337935e-02
  -5.1333174597587045e-02
  -6.7070024798740038e-02
  -7.2596071715573654e-02
  -6.7070024798740038e-02
  -5.1333174597587065e-02
  -2.7781313900337980e-02
  -1.3335682028572346e-17
   2.7781313900337955e-02
   5.1333174597587038e-02
   6.7070024798740011e-02
   1.5911779333457013e-01
   1.4700567252017019e-01
   1.1251327067431417e-01
   6.0891743303632312e-02
   9.7431548147285680e-18
  -6.0891743303632291e-02
  -1.1251327067431416e-01
  -1.4700567252017019e-01
  -1.5911779333457013e-01
  -1.4700567252017022e-01
  -1.1251327067431420e-01
  -6.0891743303632388e-02
  -2.9229464444185702e-17
   6.0891743303632340e-02
   1.1251327067431414e-01
   1.4700567252017016e-01
   2.2904042947586342e-01
   2.1160576491034505e-01
   1.6195604084826223e-01
   8.7649977702197707e-02
   1.4024681441647562e-17
  -8.7649977702197679e-02
  -1.6195604084826221e-01
  -2.1160576491034505e-01
  -2.2904042947586342e-01
  -2.1160576491034505e-01
  -1.6195604084826226e-01
  -8.7649977702197818e-02
  -4.2074044324942681e-17
   8.7649977702197748e-02
   1.6195604084826218e-01
   2.1160576491034500e-01
   2.7433137304044819e-01
   2.5344914067778868e-01
   1.9398157416911735e-01
   1.0498207144054658e-01
   1.6797951894984169e-17
  -1.0498207144054655e-01
  -1.9398157416911732e-01
  -2.5344914067778868e-01
  -2.7433137304044819e-01
  -2.5344914067778873e-01
  -1.9398157416911738e-01
  -1.0498207144054672e-01
  -5.0393855684952504e-17
   1.0498207144054662e-01
   1.9398157416911729e-01
   2.5344914067778862e-01
   2.8999999999999998e-01
   2.6792506442827313e-01
   2.0506096654409878e-01
   1.1097819538587604e-01
   1.7757378587636619e-17
  -1.1097819538587601e-01
  -2.0506096654409875e-01
  -2.6792506442827313e-01
  -2.8999999999999998e-01
  -2.6792506442827319e-01
  -2.0506096654409880e-01
  -1.1097819538587619e-01
  -5.3272135762909857e-17
   1.1097819538587610e-01
   2.0506096654409872e-01
   2.6792506442827307e-01
   2.7433137304044819e-01
   2.5344914067778868e-01
   1.9398157416911735e-01
   1.0498207144054658e-01
   1.6797951894984169e-17
  -1.0498207144054655e-01
  -1.9398157416911732e-01
  -2.5344914067778868e-01
  -2.7433137304044819e-01
  -2.5344914067778873e-01
  -1.9398157416911738e-01
  -1.0498207144054672e-01
  -5.0393855684952504e-17
   1.0498207144054662e-01
   1.9398157416911729e-01
   2.5344914067778862e-01
   2.2904042947586342e-01
   2.1160576491034505e-01
   1.6195604084826223e-01
   8.7649977702197707e-02
   1.4024681441647562e-17
  -8.7649977702197679e-02
  -1.6195604084826221e-01
  -2.1160576491034505e-01
  -2.2904042947586342e-01
  -2.1160576491034505e-01
  -1.6195604084826226e-01
  -8.7649977702197818e-02
  -4.2074044324942681e-17
   8.7649977702197748e-02
   1.6195604084826218e-01
   2.1160576491034500e-01
   1.5911779333457021e-01
   1.4700567252017027e-01
   1.1251327067431424e-01
   6.0891743303632340e-02
   9.7431548147285726e-18
  -6.0891743303632326e-02
  -1.1251327067431421e-01
  -1.4700567252017027e-01
  -1.5911779333457021e-01
  -1.4700567252017027e-01
  -1.1251327067431426e-01
  -6.0891743303632423e-02
  -2.9229464444185715e-17
   6.0891743303632367e-02
   1.1251327067431420e-01
   1.4700567252017022e-01
   7.2596071715573585e-02
   6.7070024798739969e-02
   5.1333174597587003e-02
   2.7781313900337914e-02
   4.4452273428574445e-18
  -2.7781313900337907e-02
  -5.1333174597586996e-02
  -6.7070024798739969e-02
  -7.2596071715573585e-02
  -6.7070024798739983e-02
  -5.1333174597587017e-02
  -2.7781313900337952e-02
  -1.3335682028572333e-17
   2.7781313900337928e-02
   5.1333174597586989e-02
   6.7070024798739955e-02
   0.0000000000000000e+00
   9.5797634139096338e-02
   1.7701094688823121e-01
   2.3127594758186221e-01
   2.5033128177784020e-01
   2.3127594758186221e-01
   1.7701094688823124e-01
   9.5797634139096366e-02
   3.0656740295568614e-17
  -9.5797634139096310e-02
  -1.7701094688823121e-01
  -2.3127594758186215e-01
  -2.5033128177784020e-01
  -2.3127594758186218e-01
  -1.7701094688823127e-01
  -9.5797634139096491e-02
   0.0000000000000000e+00
   2.0997152863321486e-01
   3.8797679542866953e-01
   5.0691611213851795e-01
   5.4868204598127635e-01
   5.0691611213851795e-01
   3.8797679542866959e-01
   2.0997152863321492e-01
   6.7194171136059089e-17
  -2.0997152863321478e-01
  -3.8797679542866953e-01
  -5.0691611213851784e-01
  -5.4868204598127635e-01
  -5.0691611213851784e-01
  -3.8797679542866964e-01
  -2.0997152863321519e-01
   0.0000000000000000e+00
   3.0224130242137137e-01
   5.5846910637331804e-01
   7.2967505141498290e-01
   7.8979458439952910e-01
   7.2967505141498290e-01
   5.5846910637331815e-01
   3.0224130242137148e-01
   9.6721940976879744e-17
  -3.0224130242137132e-01
  -5.5846910637331804e-01
  -7.2967505141498279e-01
  -7.8979458439952910e-01
  -7.2967505141498290e-01
  -5.5846910637331815e-01
  -3.0224130242137187e-01
   0.0000000000000000e+00
   3.6200714289843644e-01
   6.6890197989350808e-01
   8.7396255406134038e-01
   9.4597025186361450e-01
   8.7396255406134038e-01
   6.6890197989350819e-01
   3.6200714289843655e-01
   1.1584794410333911e-16
  -3.6200714289843638e-01
  -6.6890197989350808e-01
  -8.7396255406134016e-01
  -9.4597025186361450e-01
  -8.7396255406134027e-01
  -6.6890197989350830e-01
  -3.6200714289843705e-01
   0.0000000000000000e+00
   3.8268343236508978e-01
   7.0710678118654746e-01
   9.2387953251128674e-01
   1.0000000000000000e+00
   9.2387953251128674e-01
   7.0710678118654757e-01
   3.8268343236508989e-01
   1.2246467991473532e-16
  -3.8268343236508967e-01
  -7.0710678118654746e-01
  -9.2387953251128652e-01
  -1.0000000000000000e+00
  -9.2387953251128663e-01
  -7.0710678118654768e-01
  -3.8268343236509039e-01
   0.0000000000000000e+00
   3.6200714289843644e-01
   6.6890197989350808e-01
   8.7396255406134038e-01
   9.4597025186361450e-01
   8.7396255406134038e-01
   6.6890197989350819e-01
   3.6200714289843655e-01
   1.1584794410333911e-16
  -3.6200714289843638e-01
  -6.6890197989350808e-01
  -8.7396255406134016e-01
  -9.4597025186361450e-01
  -8.7396255406134027e-01
  -6.6890197989350830e-01
  -3.6200714289843705e-01
   0.0000000000000000e+00
   3.0224130242137137e-01
   5.5846910637331804e-01
   7.2967505141498290e-01
   7.8979458439952910e-01
   7.2967505141498290e-01
   5.5846910637331815e-01
   3.0224130242137148e-01
   9.6721940976879744e-17
  -3.0224130242137132e-01
  -5.5846910637331804e-01
  -7.2967505141498279e-01
  -7.8979458439952910e-01
  -7.2967505141498290e-01
  -5.5846910637331815e-01
  -3.0224130242137187e-01
   0.0000000000000000e+00
   2.0997152863321497e-01
   3.8797679542866981e-01
   5.0691611213851828e-01
   5.4868204598127668e-01
   5.0691611213851828e-01
   3.8797679542866986e-01
   2.0997152863321503e-01
   6.7194171136059139e-17
  -2.0997152863321492e-01
  -3.8797679542866981e-01
  -5.0691611213851806e-01
  -5.4868204598127668e-01
  -5.0691611213851817e-01
  -3.8797679542866992e-01
  -2.0997152863321530e-01
   0.0000000000000000e+00
   9.5797634139096255e-02
   1.7701094688823105e-01
   2.3127594758186198e-01
   2.5033128177783998e-01
   2.3127594758186198e-01
   1.7701094688823107e-01
   9.5797634139096283e-02
   3.0656740295568589e-17
  -9.5797634139096227e-02
  -1.7701094688823105e-01
  -2.3127594758186193e-01
  -2.5033128177783998e-01
  -2.3127594758186196e-01
  -1.7701094688823110e-01
  -9.5797634139096408e-02
  -9.6816023950762586e-01
  -9.6816023950762586e-01
  -9.6816023950762586e-01
  -9.6816023950762586e-01
  -9.6816023950762586e-01
  -9.6816023950762586e-01
  -9.6816023950762586e-01
  -9.6816023950762586e-01
  -9.6816023950762586e-01
  -9.6816023950762586e-01
  -9.6816023950762586e-01
  -9.6816023950762586e-01
  -9.6816023950762586e-01
  -9.6816023950762586e-01
  -9.6816023950762586e-01
  -9.6816023950762586e-01
  -8.3603110732663566e-01
  -8.3603110732663566e-01
  -8.3603110732663566e-01
  -8.3603110732663566e-01
  -8.3603110732663566e-01
  -8.3603110732663566e-01
  -8.3603110732663566e-01
  -8.3603110732663566e-01
  -8.3603110732663566e-01
  -8.3603110732663566e-01
  -8.3603110732663566e-01
  -8.3603110732663566e-01
  -8.3603110732663566e-01
  -8.3603110732663566e-01
  -8.3603110732663566e-01
  -8.3603110732663566e-01
  -6.1337143270059047e-01
  -6.1337143270059047e-01
  -6.1337143270059047e-01
  -6.1337143270059047e-01
  -6.1337143270059047e-01
  -6.1337143270059047e-01
  -6.1337143270059047e-01
  -6.1337143270059047e-01
  -6.1337143270059047e-01
  -6.1337143270059047e-01
  -6.1337143270059047e-01
  -6.1337143270059047e-01
  -6.1337143270059047e-01
  -6.1337143270059047e-01
  -6.1337143270059047e-01
  -6.1337143270059047e-01
  -3.2425342340380886e-01
  -3.2425342340380886e-01
  -3.2425342340380886e-01
  -3.2425342340380886e-01
  -3.2425342340380886e-01
  -3.2425342340380886e-01
  -3.2425342340380886e-01
  -3.2425342340380886e-01
  -3.2425342340380886e-01
  -3.2425342340380886e-01
  -3.2425342340380886e-01
  -3.2425342340380886e-01
  -3.2425342340380886e-01
  -3.2425342340380886e-01
  -3.2425342340380886e-01
  -3.2425342340380886e-01
   6.1232339957367660e-17
   6.1232339957367660e-17
   6.1232339957367660e-17
   6.1232339957367660e-17
   6.1232339957367660e-17
   6.1232339957367660e-17
   6.1232339957367660e-17
   6.1232339957367660e-17
   6.1232339957367660e-17
   6.1232339957367660e-17
   6.1232339957367660e-17
   6.1232339957367660e-17
   6.1232339957367660e-17
   6.1232339957367660e-17
   6.1232339957367660e-17
   6.1232339957367660e-17
   3.2425342340380880e-01
   3.2425342340380880e-01
   3.2425342340380880e-01
   3.2425342340380880e-01
   3.2425342340380880e-01
   3.2425342340380880e-01
   3.2425342340380880e-01
   3.2425342340380880e-01
   3.2425342340380880e-01
   3.2425342340380880e-01
   3.2425342340380880e-01
   3.2425342340380880e-01
   3.2425342340380880e-01
   3.2425342340380880e-01
   3.2425342340380880e-01
   3.2425342340380880e-01
   6.1337143270059058e-01
   6.1337143270059058e-01
   6.1337143270059058e-01
   6.1337143270059058e-01
   6.1337143270059058e-01
   6.1337143270059058e-01
   6.1337143270059058e-01
   6.1337143270059058e-01
   6.1337143270059058e-01
   6.1337143270059058e-01
   6.1337143270059058e-01
   6.1337143270059058e-01
   6.1337143270059058e-01
   6.1337143270059058e-01
   6.1337143270059058e-01
   6.1337143270059058e-01
   8.3603110732663544e-01
   8.3603110732663544e-01
   8.3603110732663544e-01
   8.3603110732663544e-01
   8.3603110732663544e-01
   8.3603110732663544e-01
   8.3603110732663544e-01
   8.3603110732663544e-01
   8.3603110732663544e-01
   8.3603110732663544e-01
   8.3603110732663544e-01
   8.3603110732663544e-01
   8.3603110732663544e-01
   8.3603110732663544e-01
   8.3603110732663544e-01
   8.3603110732663544e-01
   9.6816023950762597e-01
   9.6816023950762597e-01
   9.6816023950762597e-01
   9.6816023950762597e-01
   9.6816023950762597e-01
   9.6816023950762597e-01
   9.6816023950762597e-01
   9.6816023950762597e-01
   9.6816023950762597e-01
   9.6816023950762597e-01
   9.6816023950762597e-01
   9.6816023950762597e-01
   9.6816023950762597e-01
   9.6816023950762597e-01
   9.6816023950762597e-01
   9.6816023950762597e-01
# oblate75
   9.1621249130689517e-02
   8.4646996814961573e-02
   6.4786006561092638e-02
   3.5061934094909271e-02
   5.6101834740890570e-18
  -3.5061934094909257e-02
  -6.4786006561092624e-02
  -8.4646996814961573e-02
  -9.1621249130689517e-02
  -8.4646996814961573e-02
  -6.4786006561092638e-02
  -3.5061934094909313e-02
  -1.6830550422267169e-17
   3.5061934094909285e-02
   6.4786006561092610e-02
   8.4646996814961545e-02
   2.0081762882914714e-01
   1.8553129704269755e-01
   1.4199950712689308e-01
   7.6849579479756638e-02
   1.2296533317898815e-17
  -7.6849579479756625e-02
  -1.4199950712689305e-01
  -1.8553129704269755e-01
  -2.0081762882914714e-01
  -1.8553129704269758e-01
  -1.4199950712689310e-01
  -7.6849579479756749e-02
  -3.6889599953696439e-17
   7.6849579479756680e-02
   1.4199950712689302e-01
   1.8553129704269752e-01
   2.8906481789022764e-01
   2.6706106881788377e-01
   2.0439969293263441e-01
   1.1062031668622194e-01
   1.7700115198768993e-17
  -1.1062031668622191e-01
  -2.0439969293263438e-01
  -2.6706106881788377e-01
  -2.8906481789022764e-01
  -2.6706106881788377e-01
  -2.0439969293263446e-01
  -1.1062031668622209e-01
  -5.3100345596306974e-17
   1.1062031668622199e-01
   2.0439969293263435e-01
   2.6706106881788366e-01
   3.4622511218208291e-01
   3.1987029478645057e-01
   2.4481812464102398e-01
   1.3249461430082776e-01
   2.1200173770911055e-17
  -1.3249461430082773e-01
  -2.4481812464102395e-01
  -3.1987029478645057e-01
  -3.4622511218208291e-01
  -3.1987029478645063e-01
  -2.4481812464102401e-01
  -1.3249461430082793e-01
  -6.3600521312733158e-17
   1.3249461430082782e-01
   2.4481812464102390e-01
   3.1987029478645046e-01
   3.6599999999999999e-01
   3.3813990889913093e-01
   2.5880108191427642e-01
   1.4006213624562289e-01
   2.2411036424396563e-17
  -1.4006213624562283e-01
  -2.5880108191427637e-01
  -3.3813990889913093e-01
  -3.6599999999999999e-01
  -3.3813990889913098e-01
  -2.5880108191427642e-01
  -1.4006213624562305e-01
  -6.7233109273189690e-17
   1.4006213624562294e-01
   2.5880108191427631e-01
   3.3813990889913087e-01
   3.4622511218208291e-01
   3.1987029478645057e-01
   2.4481812464102398e-01
   1.3249461430082776e-01
   2.1200173770911055e-17
  -1.3249461430082773e-01
  -2.4481812464102395e-01
  -3.1987029478645057e-01
  -3.4622511218208291e-01
  -3.1987029478645063e-01
  -2.4481812464102401e-01
  -1.3249461430082793e-01
  -6.3600521312733158e-17
   1.3249461430082782e-01
   2.4481812464102390e-01
   3.1987029478645046e-01
   2.8906481789022764e-01
   2.6706106881788377e-01
   2.0439969293263441e-01
   1.1062031668622194e-01
   1.7700115198768993e-17
  -1.1062031668622191e-01
  -2.0439969293263438e-01
  -2.6706106881788377e-01
  -2.8906481789022764e-01
  -2.6706106881788377e-01
  -2.0439969293263446e-01
  -1.1062031668622209e-01
  -5.3100345596306974e-17
   1.1062031668622199e-01
   2.0439969293263435e-01
   2.6706106881788366e-01
   2.0081762882914725e-01
   1.8553129704269766e-01
   1.4199950712689316e-01
   7.6849579479756680e-02
   1.2296533317898821e-17
  -7.6849579479756666e-02
  -1.4199950712689313e-01
  -1.8553129704269766e-01
  -2.0081762882914725e-01
  -1.8553129704269769e-01
  -1.4199950712689319e-01
  -7.6849579479756791e-02
  -3.6889599953696458e-17
   7.6849579479756722e-02
   1.4199950712689310e-01
   1.8553129704269761e-01
   9.1621249130689433e-02
   8.4646996814961489e-02
   6.4786006561092568e-02
   3.5061934094909236e-02
   5.6101834740890516e-18
  -3.5061934094909222e-02
  -6.4786006561092568e-02
  -8.4646996814961489e-02
  -9.1621249130689433e-02
  -8.4646996814961503e-02
  -6.4786006561092582e-02
  -3.5061934094909285e-02
  -1.6830550422267154e-17
   3.5061934094909250e-02
   6.4786006561092555e-02
   8.4646996814961475e-02
   0.0000000000000000e+00
   9.5797634139096338e-02
   1.7701094688823121e-01
   2.3127594758186221e-01
   2.5033128177784020e-01
   2.3127594758186221e-01
   1.7701094688823124e-01
   9.5797634139096366e-02
   3.0656740295568614e-17
  -9.5797634139096310e-02
  -1.7701094688823121e-01
  -2.3127594758186215e-01
  -2.5033128177784020e-01
  -2.3127594758186218e-01
  -1.7701094688823127e-01
  -9.5797634139096491e-02
   0.0000000000000000e+00
   2.0997152863321486e-01
   3.8797679542866953e-01
   5.0691611213851795e-01
   5.4868204598127635e-01
   5.0691611213851795e-01
   3.8797679542866959e-01
   2.0997152863321492e-01
   6.7194171136059089e-17
  -2.0997152863321478e-01
  -3.8797679542866953e-01
  -5.0691611213851784e-01
  -5.4868204598127635e-01
  -5.0691611213851784e-01
  -3.8797679542866964e-01
  -2.0997152863321519e-01
   0.0000000000000000e+00
   3.0224130242137137e-01
   5.5846910637331804e-01
   7.2967505141498290e-01
   7.8979458439952910e-01
   7.2967505141498290e-01
   5.5846910637331815e-01
   3.0224130242137148e-01
   9.6721940976879744e-17
  -3.0224130242137132e-01
  -5.5846910637331804e-01
  -7.2967505141498279e-01
  -7.8979458439952910e-01
  -7.2967505141498290e-01
  -5.5846910637331815e-01
  -3.0224130242137187e-01
   0.0000000000000000e+00
   3.6200714289843644e-01
   6.6890197989350808e-01
   8.7396255406134038e-01
   9.4597025186361450e-01
   8.7396255406134038e-01
   6.6890197989350819e-01
   3.6200714289843655e-01
   1.1584794410333911e-16
  -3.6200714289843638e-01
  -6.6890197989350808e-01
  -8.7396255406134016e-01
  -9.4597025186361450e-01
  -8.7396255406134027e-01
  -6.6890197989350830e-01
  -3.6200714289843705e-01
   0.0000000000000000e+00
   3.8268343236508978e-01
   7.0710678118654746e-01
   9.2387953251128674e-01
   1.0000000000000000e+00
   9.2387953251128674e-01
   7.0710678118654757e-01
   3.8268343236508989e-01
   1.2246467991473532e-16
  -3.8268343236508967e-01
  -7.0710678118654746e-01
  -9.2387953251128652e-01
  -1.0000000000000000e+00
  -9.2387953251128663e-01
  -7.0710678118654768e-01
  -3.8268343236509039e-01
   0.0000000000000000e+00
   3.6200714289843644e-01
   6.6890197989350808e-01
   8.7396255406134038e-01
   9.4597025186361450e-01
   8.7396255406134038e-01
   6.6890197989350819e-01
   3.6200714289843655e-01
   1.1584794410333911e-16
  -3.6200714289843638e-01
  -6.6890197989350808e-01
  -8.7396255406134016e-01
  -9.4597025186361450e-01
  -8.7396255406134027e-01
  -6.6890197989350830e-01
  -3.6200714289843705e-01
   0.0000000000000000e+00
   3.0224130242137137e-01
   5.5846910637331804e-01
   7.2967505141498290e-01
   7.8979458439952910e-01
   7.2967505141498290e-01
   5.5846910637331815e-01
   3.0224130242137148e-01
   9.6721940976879744e-17
  -3.0224130242137132e-01
  -5.5846910637331804e-01
  -7.2967505141498279e-01
  -7.8979458439952910e-01
  -7.2967505141498290e-01
  -5.5846910637331815e-01
  -3.0224130242137187e-01
   0.0000000000000000e+00
   2.0997152863321497e-01
   3.8797679542866981e-01
   5.0691611213851828e-01
   5.4868204598127668e-01
   5.0691611213851828e-01
   3.8797679542866986e-01
   2.0997152863321503e-01
   6.7194171136059139e-17
  -2.0997152863321492e-01
  -3.8797679542866981e-01
  -5.0691611213851806e-01
  -5.4868204598127668e-01
  -5.0691611213851817e-01
  -3.8797679542866992e-01
  -2.0997152863321530e-01
   0.0000000000000000e+00
   9.5797634139096255e-02
   1.7701094688823105e-01
   2.3127594758186198e-01
   2.5033128177783998e-01
   2.3127594758186198e-01
   1.7701094688823107e-01
   9.5797634139096283e-02
   3.0656740295568589e-17
  -9.5797634139096227e-02
  -1.7701094688823105e-01
  -2.3127594758186193e-01
  -2.5033128177783998e-01
  -2.3127594758186196e-01
  -1.7701094688823110e-01
  -9.5797634139096408e-02
  -9.6816023950762586e-01
  -9.6816023950762586e-01
  -9.6816023950762586e-01
  -9.6816023950762586e-01
  -9.6816023950762586e-01
  -9.6816023950762586e-01
  -9.6816023950762586e-01
  -9.6816023950762586e-01
  -9.6816023950762586e-01
  -9.6816023950762586e-01
  -9.6816023950762586e-01
  -9.6816023950762586e-01
  -9.6816023950762586e-01
  -9.6816023950762586e-01
  -9.6816023950762586e-01
  -9.6816023950762586e-01
  -8.3603110732663566e-01
  -8.3603110732663566e-01
  -8.3603110732663566e-01
  -8.3603110732663566e-01
  -8.3603110732663566e-01
  -8.3603110732663566e-01
  -8.3603110732663566e-01
  -8.3603110732663566e-01
  -8.3603110732663566e-01
  -8.3603110732663566e-01
  -8.3603110732663566e-01
  -8.3603110732663566e-01
  -8.3603110732663566e-01
  -8.3603110732663566e-01
  -8.3603110732663566e-01
  -8.3603110732663566e-01
  -6.1337143270059047e-01
  -6.1337143270059047e-01
  -6.1337143270059047e-01
  -6.1337143270059047e-01
  -6.1337143270059047e-01
  -6.1337143270059047e-01
  -6.1337143270059047e-01
  -6.1337143270059047e-01
  -6.1337143270059047e-01
  -6.1337143270059047e-01
  -6.1337143270059047e-01
  -6.1337143270059047e-01
  -6.1337143270059047e-01
  -6.1337143270059047e-01
  -6.1337143270059047e-01
  -6.1337143270059047e-01
  -3.2425342340380886e-01
  -3.2425342340380886e-01
  -3.2425342340380886e-01
  -3.2425342340380886e-01
  -3.2425342340380886e-01
  -3.2425342340380886e-01
  -3.2425342340380886e-01
  -3.2425342340380886e-01
  -3.2425342340380886e-01
  -3.2425342340380886e-01
  -3.2425342340380886e-01
  -3.2425342340380886e-01
  -3.2425342340380886e-01
  -3.2425342340380886e-01
  -3.2425342340380886e-01
  -3.2425342340380886e-01
   6.1232339957367660e-17
   6.1232339957367660e-17
   6.1232339957367660e-17
   6.1232339957367660e-17
   6.1232339957367660e-17
   6.1232339957367660e-17
   6.1232339957367660e-17
   6.1232339957367660e-17
   6.1232339957367660e-17
   6.1232339957367660e-17
   6.1232339957367660e-17
   6.1232339957367660e-17
   6.1232339957367660e-17
   6.1232339957367660e-17
   6.1232339957367660e-17
   6.1232339957367660e-17
   3.2425342340380880e-01
   3.2425342340380880e-01
   3.2425342340380880e-01
   3.2425342340380880e-01
   3.2425342340380880e-01
   3.2425342340380880e-01
   3.2425342340380880e-01
   3.2425342340380880e-01
   3.2425342340380880e-01
   3.2425342340380880e-01
   3.2425342340380880e-01
   3.2425342340380880e-01
   3.2425342340380880e-01
   3.2425342340380880e-01
   3.2425342340380880e-01
   3.2425342340380880e-01
   6.1337143270059058e-01
   6.1337143270059058e-01
   6.1337143270059058e-01
   6.1337143270059058e-01
   6.1337143270059058e-01
   6.1337143270059058e-01
   6.1337143270059058e-01
   6.1337143270059058e-01
   6.1337143270059058e-01
   6.1337143270059058e-01
   6.1337143270059058e-01
   6.1337143270059058e-01
   6.1337143270059058e-01
   6.1337143270059058e-01
   6.1337143270059058e-01
   6.1337143270059058e-01
   8.3603110732663544e-01
   8.3603110732663544e-01
   8.3603110732663544e-01
   8.3603110732663544e-01
   8.3603110732663544e-01
   8.3603110732663544e-01
   8.3603110732663544e-01
   8.3603110732663544e-01
   8.3603110732663544e-01
   8.3603110732663544e-01
   8.3603110732663544e-01
   8.3603110732663544e-01
   8.3603110732663544e-01
   8.3603110732663544e-01
   8.3603110732663544e-01
   8.3603110732663544e-01
   9.6816023950762597e-01
   9.6816023950762597e-01
   9.6816023950762597e-01
   9.6816023950762597e-01
   9.6816023950762597e-01
   9.6816023950762597e-01
   9.6816023950762597e-01
   9.6816023950762597e-01
   9.6816023950762597e-01
   9.6816023950762597e-01
   9.6816023950762597e-01
   9.6816023950762597e-01
   9.6816023950762597e-01
   9.6816023950762597e-01
   9.6816023950762597e-01
   9.6816023950762597e-01
# oblate85
   1.1765570243558489e-01
   1.0869969536347522e-01
   8.3195145037468679e-02
   4.5024888045375286e-02
   7.2043339694586243e-18
  -4.5024888045375272e-02
  -8.3195145037468665e-02
  -1.0869969536347522e-01
  -1.1765570243558489e-01
  -1.0869969536347523e-01
  -8.3195145037468693e-02
  -4.5024888045375341e-02
  -2.1613001908375870e-17
   4.5024888045375307e-02
   8.3195145037468651e-02
   1.0869969536347521e-01
   2.5788056161119988e-01
   2.3825057270510341e-01
   1.8234909385147471e-01
   9.8686618457610994e-02
   1.5790630216973888e-17
  -9.8686618457610967e-02
  -1.8234909385147469e-01
  -2.3825057270510341e-01
  -2.5788056161119988e-01
  -2.3825057270510344e-01
  -1.8234909385147474e-01
  -9.8686618457611119e-02
  -4.7371890650921660e-17
   9.8686618457611036e-02
   1.8234909385147466e-01
   2.3825057270510336e-01
   3.7120345466777865e-01
   3.4294727416504195e-01
   2.6248047999545948e-01
   1.4205341213804457e-01
   2.2729656129566737e-17
  -1.4205341213804451e-01
  -2.6248047999545943e-01
  -3.4294727416504195e-01
  -3.7120345466777865e-01
  -3.4294727416504200e-01
  -2.6248047999545954e-01
  -1.4205341213804476e-01
  -6.8188968388700207e-17
   1.4205341213804462e-01
   2.6248047999545943e-01
   3.4294727416504189e-01
   4.4460601837589880e-01
   4.1076240040882994e-01
   3.1438393054994884e-01
   1.7014335716226517e-01
   2.7224266864284687e-17
  -1.7014335716226511e-01
  -3.1438393054994879e-01
  -4.1076240040882994e-01
  -4.4460601837589880e-01
  -4.1076240040883000e-01
  -3.1438393054994890e-01
  -1.7014335716226539e-01
  -8.1672800592854059e-17
   1.7014335716226522e-01
   3.1438393054994873e-01
   4.1076240040882983e-01
   4.6999999999999997e-01
   4.3422338028030472e-01
   3.3234018715767732e-01
   1.7986121321159221e-01
   2.8779199779962798e-17
  -1.7986121321159215e-01
  -3.3234018715767727e-01
  -4.3422338028030472e-01
  -4.6999999999999997e-01
  -4.3422338028030477e-01
  -3.3234018715767738e-01
  -1.7986121321159246e-01
  -8.6337599339888395e-17
   1.7986121321159229e-01
   3.3234018715767721e-01
   4.3422338028030466e-01
   4.4460601837589880e-01
   4.1076240040882994e-01
   3.1438393054994884e-01
   1.7014335716226517e-01
   2.7224266864284687e-17
  -1.7014335716226511e-01
  -3.1438393054994879e-01
  -4.1076240040882994e-01
  -4.4460601837589880e-01
  -4.1076240040883000e-01
  -3.1438393054994890e-01
  -1.7014335716226539e-01
  -8.1672800592854059e-17
   1.7014335716226522e-01
   3.1438393054994873e-01
   4.1076240040882983e-01
   3.7120345466777865e-01
   3.4294727416504195e-01
   2.6248047999545948e-01
   1.4205341213804457e-01
   2.2729656129566737e-17
  -1.4205341213804451e-01
  -2.6248047999545943e-01
  -3.4294727416504195e-01
  -3.7120345466777865e-01
  -3.4294727416504200e-01
  -2.6248047999545954e-01
  -1.4205341213804476e-01
  -6.8188968388700207e-17
   1.4205341213804462e-01
   2.6248047999545943e-01
   3.4294727416504189e-01
   2.5788056161120004e-01
   2.3825057270510358e-01
   1.8234909385147482e-01
   9.8686618457611050e-02
   1.5790630216973897e-17
  -9.8686618457611022e-02
  -1.8234909385147480e-01
  -2.3825057270510358e-01
  -2.5788056161120004e-01
  -2.3825057270510361e-01
  -1.8234909385147485e-01
  -9.8686618457611189e-02
  -4.7371890650921690e-17
   9.8686618457611092e-02
   1.8234909385147477e-01
   2.3825057270510352e-01
   1.1765570243558478e-01
   1.0869969536347512e-01
   8.3195145037468596e-02
   4.5024888045375244e-02
   7.2043339694586166e-18
  -4.5024888045375230e-02
  -8.3195145037468582e-02
  -1.0869969536347512e-01
  -1.1765570243558478e-01
  -1.0869969536347514e-01
  -8.3195145037468610e-02
  -4.5024888045375300e-02
  -2.1613001908375851e-17
   4.5024888045375265e-02
   8.3195145037468568e-02
   1.0869969536347510e-01
   0.0000000000000000e+00
   9.5797634139096338e-02
   1.7701094688823121e-01
   2.3127594758186221e-01
   2.5033128177784020e-01
   2.3127594758186221e-01
   1.7701094688823124e-01
   9.5797634139096366e-02
   3.0656740295568614e-17
  -9.5797634139096310e-02
  -1.7701094688823121e-01
  -2.3127594758186215e-01
  -2.5033128177784020e-01
  -2.3127594758186218e-01
  -1.7701094688823127e-01
  -9.5797634139096491e-02
   0.0000000000000000e+00
   2.0997152863321486e-01
   3.8797679542866953e-01
   5.0691611213851795e-01
   5.4868204598127635e-01
   5.0691611213851795e-01
   3.8797679542866959e-01
   2.0997152863321492e-01
   6.7194171136059089e-17
  -2.0997152863321478e-01
  -3.8797679542866953e-01
  -5.0691611213851784e-01
  -5.4868204598127635e-01
  -5.0691611213851784e-01
  -3.8797679542866964e-01
  -2.0997152863321519e-01
   0.0000000000000000e+00
   3.0224130242137137e-01
   5.5846910637331804e-01
   7.2967505141498290e-01
   7.8979458439952910e-01
   7.2967505141498290e-01
   5.5846910637331815e-01
   3.0224130242137148e-01
   9.6721940976879744e-17
  -3.0224130242137132e-01
  -5.5846910637331804e-01
  -7.2967505141498279e-01
  -7.8979458439952910e-01
  -7.2967505141498290e-01
  -5.5846910637331815e-01
  -3.0224130242137187e-01
   0.0000000000000000e+00
   3.6200714289843644e-01
   6.6890197989350808e-01
   8.7396255406134038e-01
   9.4597025186361450e-01
   8.7396255406134038e-01
   6.6890197989350819e-01
   3.6200714289843655e-01
   1.1584794410333911e-16
  -3.6200714289843638e-01
  -6.6890197989350808e-01
  -8.7396255406134016e-01
  -9.4597025186361450e-01
  -8.7396255406134027e-01
  -6.6890197989350830e-01
  -3.6200714289843705e-01
   0.0000000000000000e+00
   3.8268343236508978e-01
   7.0710678118654746e-01
   9.2387953251128674e-01
   1.0000000000000000e+00
   9.2387953251128674e-01
   7.0710678118654757e-01
   3.8268343236508989e-01
   1.2246467991473532e-16
  -3.8268343236508967e-01
  -7.0710678118654746e-01
  -9.2387953251128652e-01
  -1.0000000000000000e+00
  -9.2387953251128663e-01
  -7.0710678118654768e-01
  -3.8268343236509039e-01
   0.0000000000000000e+00
   3.6200714289843644e-01
   6.6890197989350808e-01
   8.7396255406134038e-01
   9.4597025186361450e-01
   8.7396255406134038e-01
   6.6890197989350819e-01
   3.6200714289843655e-01
   1.1584794410333911e-16
  -3.6200714289843638e-01
  -6.6890197989350808e-01
  -8.7396255406134016e-01
  -9.4597025186361450e-01
  -8.7396255406134027e-01
  -6.6890197989350830e-01
  -3.6200714289843705e-01
   0.0000000000000000e+00
   3.0224130242137137e-01
   5.5846910637331804e-01
   7.2967505141498290e-01
   7.8979458439952910e-01
   7.2967505141498290e-01
   5.5846910637331815e-01
   3.0224130242137148e-01
   9.6721940976879744e-17
  -3.0224130242137132e-01
  -5.5846910637331804e-01
  -7.2967505141498279e-01
  -7.8979458439952910e-01
  -7.2967505141498290e-01
  -5.5846910637331815e-01
  -3.0224130242137187e-01
   0.0000000000000000e+00
   2.0997152863321497e-01
   3.8797679542866981e-01
   5.0691611213851828e-01
   5.4868204598127668e-01
   5.0691611213851828e-01
   3.8797679542866986e-01
   2.0997152863321503e-01
   6.7194171136059139e-17
  -2.0997152863321492e-01
  -3.8797679542866981e-01
  -5.0691611213851806e-01
  -5.4868204598127668e-01
  -5.0691611213851817e-01
  -3.8797679542866992e-01
  -2.0997152863321530e-01
   0.0000000000000000e+00
   9.5797634139096255e-02
   1.7701094688823105e-01
   2.3127594758186198e-01
   2.5033128177783998e-01
   2.3127594758186198e-01
   1.7701094688823107e-01
   9.5797634139096283e-02
   3.0656740295568589e-17
  -9.5797634139096227e-02
  -1.7701094688823105e-01
  -2.3127594758186193e-01
  -2.5033128177783998e-01
  -2.3127594758186196e-01
  -1.7701094688823110e-01
  -9.5797634139096408e-02
  -9.6816023950762586e-01
  -9.6816023950762586e-01
  -9.6816023950762586e-01
  -9.6816023950762586e-01
  -9.6816023950762586e-01
  -9.6816023950762586e-01
  -9.6816023950762586e-01
  -9.6816023950762586e-01
  -9.6816023950762586e-01
  -9.6816023950762586e-01
  -9.6816023950762586e-01
  -9.6816023950762586e-01
  -9.6816023950762586e-01
  -9.6816023950762586e-01
  -9.6816023950762586e-01
  -9.6816023950762586e-01
  -8.3603110732663566e-01
  -8.3603110732663566e-01
  -8.3603110732663566e-01
  -8.3603110732663566e-01
  -8.3603110732663566e-01
  -8.3603110732663566e-01
  -8.3603110732663566e-01
  -8.3603110732663566e-01
  -8.3603110732663566e-01
  -8.3603110732663566e-01
  -8.3603110732663566e-01
  -8.3603110732663566e-01
  -8.3603110732663566e-01
  -8.3603110732663566e-01
  -8.3603110732663566e-01
  -8.3603110732663566e-01
  -6.1337143270059047e-01
  -6.1337143270059047e-01
  -6.1337143270059047e-01
  -6.1337143270059047e-01
  -6.1337143270059047e-01
  -6.1337143270059047e-01
  -6.1337143270059047e-01
  -6.1337143270059047e-01
  -6.1337143270059047e-01
  -6.1337143270059047e-01
  -6.1337143270059047e-01
  -6.1337143270059047e-01
  -6.1337143270059047e-01
  -6.1337143270059047e-01
  -6.1337143270059047e-01
  -6.1337143270059047e-01
  -3.2425342340380886e-01
  -3.2425342340380886e-01
  -3.2425342340380886e-01
  -3.2425342340380886e-01
  -3.2425342340380886e-01
  -3.2425342340380886e-01
  -3.2425342340380886e-01
  -3.2425342340380886e-01
  -3.2425342340380886e-01
  -3.2425342340380886e-01
  -3.2425342340380886e-01
  -3.2425342340380886e-01
  -3.2425342340380886e-01
  -3.2425342340380886e-01
  -3.2425342340380886e-01
  -3.2425342340380886e-01
   6.1232339957367660e-17
   6.1232339957367660e-17
   6.1232339957367660e-17
   6.1232339957367660e-17
   6.1232339957367660e-17
   6.1232339957367660e-17
   6.1232339957367660e-17
   6.1232339957367660e-17
   6.1232339957367660e-17
   6.1232339957367660e-17
   6.1232339957367660e-17
   6.1232339957367660e-17
   6.1232339957367660e-17
   6.1232339957367660e-17
   6.1232339957367660e-17
   6.1232339957367660e-17
   3.2425342340380880e-01
   3.2425342340380880e-01
   3.2425342340380880e-01
   3.2425342340380880e-01
   3.2425342340380880e-01
   3.2425342340380880e-01
   3.2425342340380880e-01
   3.2425342340380880e-01
   3.2425342340380880e-01
   3.2425342340380880e-01
   3.2425342340380880e-01
   3.2425342340380880e-01
   3.2425342340380880e-01
   3.2425342340380880e-01
   3.2425342340380880e-01
   3.2425342340380880e-01
   6.1337143270059058e-01
   6.1337143270059058e-01
   6.1337143270059058e-01
   6.1337143270059058e-01
   6.1337143270059058e-01
   6.1337143270059058e-01
   6.1337143270059058e-01
   6.1337143270059058e-01
   6.1337143270059058e-01
   6.1337143270059058e-01
   6.1337143270059058e-01
   6.1337143270059058e-01
   6.1337143270059058e-01
   6.1337143270059058e-01
   6.1337143270059058e-01
   6.1337143270059058e-01
   8.3603110732663544e-01
   8.3603110732663544e-01
   8.3603110732663544e-01
   8.3603110732663544e-01
   8.3603110732663544e-01
   8.3603110732663544e-01
   8.3603110732663544e-01
   8.3603110732663544e-01
   8.3603110732663544e-01
   8.3603110732663544e-01
   8.3603110732663544e-01
   8.3603110732663544e-01
   8.3603110732663544e-01
   8.3603110732663544e-01
   8.3603110732663544e-01
   8.3603110732663544e-01
   9.6816023950762597e-01
   9.6816023950762597e-01
   9.6816023950762597e-01
   9.6816023950762597e-01
   9.6816023950762597e-01
   9.6816023950762597e-01
   9.6816023950762597e-01
   9.6816023950762597e-01
   9.6816023950762597e-01
   9.6816023950762597e-01
   9.6816023950762597e-01
   9.6816023950762597e-01
   9.6816023950762597e-01
   9.6816023950762597e-01
   9.6816023950762597e-01
   9.6816023950762597e-01
