   8.7923116e-02
   8.7923116e-02
   8.7923116e-02
   8.7923116e-02
   8.7923116e-02
   8.7923116e-02
   8.7923116e-02
   8.7923116e-02
   8.7923116e-02
   8.7923116e-02
   8.7923116e-02
   8.7923116e-02
   8.7923116e-02
   8.7923116e-02
   8.7923116e-02
   8.7923116e-02
   8.7923116e-02
   8.7923116e-02
   8.7923116e-02
   8.7923116e-02
   8.7923116e-02
   8.7923116e-02
   8.7923116e-02
   8.7923116e-02
   4.0724285e-02
   4.0724285e-02
   4.0724285e-02
   4.0724285e-02
   4.0724285e-02
   4.0724285e-02
   4.0724285e-02
   4.0724285e-02
   4.0724285e-02
   4.0724285e-02
   4.0724285e-02
   4.0724285e-02
   4.0724285e-02
   4.0724285e-02
   4.0724285e-02
   4.0724285e-02
   4.0724285e-02
   4.0724285e-02
   4.0724285e-02
   4.0724285e-02
   4.0724285e-02
   4.0724285e-02
   4.0724285e-02
   4.0724285e-02
   7.6829101e-02
   7.6829101e-02
   7.6829101e-02
   7.6829101e-02
   7.6829101e-02
   7.6829101e-02
   7.6829101e-02
   7.6829101e-02
   7.6829101e-02
   7.6829101e-02
   7.6829101e-02
   7.6829101e-02
   7.6829101e-02
   7.6829101e-02
   7.6829101e-02
   7.6829101e-02
   7.6829101e-02
   7.6829101e-02
   7.6829101e-02
   7.6829101e-02
   7.6829101e-02
   7.6829101e-02
   7.6829101e-02
   7.6829101e-02
   4.7265752e-02
   4.7265752e-02
   4.7265752e-02
   4.7265752e-02
   4.7265752e-02
   4.7265752e-02
   4.7265752e-02
   4.7265752e-02
   4.7265752e-02
   4.7265752e-02
   4.7265752e-02
   4.7265752e-02
   4.7265752e-02
   4.7265752e-02
   4.7265752e-02
   4.7265752e-02
   4.7265752e-02
   4.7265752e-02
   4.7265752e-02
   4.7265752e-02
   4.7265752e-02
   4.7265752e-02
   4.7265752e-02
   4.7265752e-02
   7.2718544e-02
   7.2718544e-02
   7.2718544e-02
   7.2718544e-02
   7.2718544e-02
   7.2718544e-02
   7.2718544e-02
   7.2718544e-02
   7.2718544e-02
   7.2718544e-02
   7.2718544e-02
   7.2718544e-02
   7.2718544e-02
   7.2718544e-02
   7.2718544e-02
   7.2718544e-02
   7.2718544e-02
   7.2718544e-02
   7.2718544e-02
   7.2718544e-02
   7.2718544e-02
   7.2718544e-02
   7.2718544e-02
   7.2718544e-02
   5.0400237e-02
   5.0400237e-02
   5.0400237e-02
   5.0400237e-02
   5.0400237e-02
   5.0400237e-02
   5.0400237e-02
   5.0400237e-02
   5.0400237e-02
   5.0400237e-02
   5.0400237e-02
   5.0400237e-02
   5.0400237e-02
   5.0400237e-02
   5.0400237e-02
   5.0400237e-02
   5.0400237e-02
   5.0400237e-02
   5.0400237e-02
   5.0400237e-02
   5.0400237e-02
   5.0400237e-02
   5.0400237e-02
   5.0400237e-02
   7.0208450e-02
   7.0208450e-02
   7.0208450e-02
   7.0208450e-02
   7.0208450e-02
   7.0208450e-02
   7.0208450e-02
   7.0208450e-02
   7.0208450e-02
   7.0208450e-02
   7.0208450e-02
   7.0208450e-02
   7.0208450e-02
   7.0208450e-02
   7.0208450e-02
   7.0208450e-02
   7.0208450e-02
   7.0208450e-02
   7.0208450e-02
   7.0208450e-02
   7.0208450e-02
   7.0208450e-02
   7.0208450e-02
   7.0208450e-02
   5.2581574e-02
   5.2581574e-02
   5.2581574e-02
   5.2581574e-02
   5.2581574e-02
   5.2581574e-02
   5.2581574e-02
   5.2581574e-02
   5.2581574e-02
   5.2581574e-02
   5.2581574e-02
   5.2581574e-02
   5.2581574e-02
   5.2581574e-02
   5.2581574e-02
   5.2581574e-02
   5.2581574e-02
   5.2581574e-02
   5.2581574e-02
   5.2581574e-02
   5.2581574e-02
   5.2581574e-02
   5.2581574e-02
   5.2581574e-02
   6.8203147e-02
   6.8203147e-02
   6.8203147e-02
   6.8203147e-02
   6.8203147e-02
   6.8203147e-02
   6.8203147e-02
   6.8203147e-02
   6.8203147e-02
   6.8203147e-02
   6.8203147e-02
   6.8203147e-02
   6.8203147e-02
   6.8203147e-02
   6.8203147e-02
   6.8203147e-02
   6.8203147e-02
   6.8203147e-02
   6.8203147e-02
   6.8203147e-02
   6.8203147e-02
   6.8203147e-02
   6.8203147e-02
   6.8203147e-02
   5.4476723e-02
   5.4476723e-02
   5.4476723e-02
   5.4476723e-02
   5.4476723e-02
   5.4476723e-02
   5.4476723e-02
   5.4476723e-02
   5.4476723e-02
   5.4476723e-02
   5.4476723e-02
   5.4476723e-02
   5.4476723e-02
   5.4476723e-02
   5.4476723e-02
   5.4476723e-02
   5.4476723e-02
   5.4476723e-02
   5.4476723e-02
   5.4476723e-02
   5.4476723e-02
   5.4476723e-02
   5.4476723e-02
   5.4476723e-02
   6.6184862e-02
   6.6184862e-02
   6.6184862e-02
   6.6184862e-02
   6.6184862e-02
   6.6184862e-02
   6.6184862e-02
   6.6184862e-02
   6.6184862e-02
   6.6184862e-02
   6.6184862e-02
   6.6184862e-02
   6.6184862e-02
   6.6184862e-02
   6.6184862e-02
   6.6184862e-02
   6.6184862e-02
   6.6184862e-02
   6.6184862e-02
   6.6184862e-02
   6.6184862e-02
   6.6184862e-02
   6.6184862e-02
   6.6184862e-02
   5.6426825e-02
   5.6426825e-02
   5.6426825e-02
   5.6426825e-02
   5.6426825e-02
   5.6426825e-02
   5.6426825e-02
   5.6426825e-02
   5.6426825e-02
   5.6426825e-02
   5.6426825e-02
   5.6426825e-02
   5.6426825e-02
   5.6426825e-02
   5.6426825e-02
   5.6426825e-02
   5.6426825e-02
   5.6426825e-02
   5.6426825e-02
   5.6426825e-02
   5.6426825e-02
   5.6426825e-02
   5.6426825e-02
   5.6426825e-02
   6.2593605e-02
   6.2593605e-02
   6.2593605e-02
   6.2593605e-02
   6.2593605e-02
   6.2593605e-02
   6.2593605e-02
   6.2593605e-02
   6.2593605e-02
   6.2593605e-02
   6.2593605e-02
   6.2593605e-02
   6.2593605e-02
   6.2593605e-02
   6.2593605e-02
   6.2593605e-02
   6.2593605e-02
   6.2593605e-02
   6.2593605e-02
   6.2593605e-02
   6.2593605e-02
   6.2593605e-02
   6.2593605e-02
   6.2593605e-02
