   3.1602629290769996e-01
   3.1602629290769996e-01
   3.1602629290769996e-01
   3.1602629290769996e-01
   3.1602629290769996e-01
   3.1602629290769996e-01
   3.1602629290769996e-01
   3.1602629290769996e-01
   3.1602629290769996e-01
   3.1602629290769996e-01
   3.1602629290769996e-01
   3.1602629290769996e-01
   1.4770626335389203e-01
   1.4770626335389203e-01
   1.4770626335389203e-01
   1.4770626335389203e-01
   1.4770626335389203e-01
   1.4770626335389203e-01
   1.4770626335389203e-01
   1.4770626335389203e-01
   1.4770626335389203e-01
   1.4770626335389203e-01
   1.4770626335389203e-01
   1.4770626335389203e-01
   2.7395627426210639e-01
   2.7395627426210639e-01
   2.7395627426210639e-01
   2.7395627426210639e-01
   2.7395627426210639e-01
   2.7395627426210639e-01
   2.7395627426210639e-01
   2.7395627426210639e-01
   2.7395627426210639e-01
   2.7395627426210639e-01
   2.7395627426210639e-01
   2.7395627426210639e-01
   1.7408847431151103e-01
   1.7408847431151103e-01
   1.7408847431151103e-01
   1.7408847431151103e-01
   1.7408847431151103e-01
   1.7408847431151103e-01
   1.7408847431151103e-01
   1.7408847431151103e-01
   1.7408847431151103e-01
   1.7408847431151103e-01
   1.7408847431151103e-01
   1.7408847431151103e-01
   2.5491262705625006e-01
   2.5491262705625006e-01
   2.5491262705625006e-01
   2.5491262705625006e-01
   2.5491262705625006e-01
   2.5491262705625006e-01
   2.5491262705625006e-01
   2.5491262705625006e-01
   2.5491262705625006e-01
   2.5491262705625006e-01
   2.5491262705625006e-01
   2.5491262705625006e-01
   1.9044863944236093e-01
   1.9044863944236093e-01
   1.9044863944236093e-01
   1.9044863944236093e-01
   1.9044863944236093e-01
   1.9044863944236093e-01
   1.9044863944236093e-01
   1.9044863944236093e-01
   1.9044863944236093e-01
   1.9044863944236093e-01
   1.9044863944236093e-01
   1.9044863944236093e-01
   2.3317953344550860e-01
   2.3317953344550860e-01
   2.3317953344550860e-01
   2.3317953344550860e-01
   2.3317953344550860e-01
   2.3317953344550860e-01
   2.3317953344550860e-01
   2.3317953344550860e-01
   2.3317953344550860e-01
   2.3317953344550860e-01
   2.3317953344550860e-01
   2.3317953344550860e-01
