   3.1602629e-01
   3.1602629e-01
   3.1602629e-01
   3.1602629e-01
   3.1602629e-01
   3.1602629e-01
   3.1602629e-01
   3.1602629e-01
   3.1602629e-01
   3.1602629e-01
   3.1602629e-01
   3.1602629e-01
   1.4770626e-01
   1.4770626e-01
   1.4770626e-01
   1.4770626e-01
   1.4770626e-01
   1.4770626e-01
   1.4770626e-01
   1.4770626e-01
   1.4770626e-01
   1.4770626e-01
   1.4770626e-01
   1.4770626e-01
   2.7395627e-01
   2.7395627e-01
   2.7395627e-01
   2.7395627e-01
   2.7395627e-01
   2.7395627e-01
   2.7395627e-01
   2.7395627e-01
   2.7395627e-01
   2.7395627e-01
   2.7395627e-01
   2.7395627e-01
   1.7408847e-01
   1.7408847e-01
   1.7408847e-01
   1.7408847e-01
   1.7408847e-01
   1.7408847e-01
   1.7408847e-01
   1.7408847e-01
   1.7408847e-01
   1.7408847e-01
   1.7408847e-01
   1.7408847e-01
   2.5491263e-01
   2.5491263e-01
   2.5491263e-01
   2.5491263e-01
   2.5491263e-01
   2.5491263e-01
   2.5491263e-01
   2.5491263e-01
   2.5491263e-01
   2.5491263e-01
   2.5491263e-01
   2.5491263e-01
   1.9044864e-01
   1.9044864e-01
   1.9044864e-01
   1.9044864e-01
   1.9044864e-01
   1.9044864e-01
   1.9044864e-01
   1.9044864e-01
   1.9044864e-01
   1.9044864e-01
   1.9044864e-01
   1.9044864e-01
   2.3317953e-01
   2.3317953e-01
   2.3317953e-01
   2.3317953e-01
   2.3317953e-01
   2.3317953e-01
   2.3317953e-01
   2.3317953e-01
   2.3317953e-01
   2.3317953e-01
   2.3317953e-01
   2.3317953e-01
