   1.0000000e+00
   9.4910791e-01
  -4.4540806e-01
  -5.2763716e-17
   2.2270403e-01
   9.4910791e-01
   2.9798332e-16
  -2.9860451e-17
   2.1634924e-17
   1.0000000e+00
   8.5120874e-01
  -7.3220771e-01
  -9.9633021e-17
   1.2148755e-01
  -2.2686967e-16
   3.6610385e-01
   8.0161166e-01
   3.1195047e-16
  -2.9892254e-01
  -2.1306106e-16
   2.8626867e-17
  -3.2190143e-17
   9.4910791e-01
  -1.8144648e-17
  -3.1495106e-01
   6.0743776e-02
   2.9892254e-01
   3.5273059e-16
   9.5040291e-01
   6.4147248e-16
  -1.2311461e-16
   5.2382742e-17
   3.1495106e-01
   1.2296608e-16
   9.4910791e-01
   7.1374298e-01
  -9.5574364e-01
  -1.3484273e-16
   2.5782936e-01
  -7.8004453e-17
  -3.4928846e-02
   1.4716239e-16
   4.7787182e-01
   5.9606052e-01
   2.0634021e-16
  -4.2388608e-01
  -3.4723231e-16
   9.1156446e-02
   7.1699852e-17
   3.3110003e-17
  -1.1026551e-16
   8.7600729e-01
  -9.2030438e-17
  -4.7263804e-01
   2.1199449e-16
   9.6044343e-02
   1.2891468e-01
   4.2388608e-01
   4.9628053e-16
   8.0788895e-01
   4.8790573e-16
  -3.6660338e-01
  -1.9117115e-16
  -1.1926515e-16
   2.5867524e-16
   4.7263804e-01
   4.4268240e-17
   8.0161166e-01
  -2.8228691e-16
  -3.6610385e-01
   1.7464423e-02
   9.1156446e-02
   6.9927981e-17
   3.6660338e-01
  -1.0185081e-16
   9.2557142e-01
   5.0126393e-16
  -1.2259043e-16
  -6.8447736e-16
   9.6044343e-02
  -1.1087247e-16
   3.6610385e-01
  -3.6183413e-16
   9.2560437e-01
   5.4707689e-01
  -1.1047635e+00
  -2.3515247e-16
   4.1606770e-01
   9.7552448e-18
  -8.7709947e-02
   3.5472731e-16
   1.0290378e-02
   2.1281633e-16
   5.5238177e-01
   3.4971865e-01
   1.9866161e-16
  -4.8734366e-01
  -4.8792503e-16
   1.7079950e-01
   1.2291788e-16
  -2.7736320e-02
  -3.4496389e-17
   6.6604069e-17
  -7.9201843e-17
   7.8435246e-01
  -1.6581802e-16
  -5.9079380e-01
   2.5366424e-16
   1.8681512e-01
  -6.0206469e-16
  -2.9223569e-02
   2.0803385e-01
   4.8734366e-01
   4.9380367e-16
   6.3766151e-01
   4.0572821e-16
  -5.0376023e-01
  -2.5720908e-16
   1.2471335e-01
   3.7395156e-16
  -1.2547233e-17
   2.3868251e-16
   5.9079380e-01
   2.3328935e-17
   6.1959701e-01
  -1.1642676e-16
  -5.0154877e-01
   4.6947999e-16
   1.2454341e-01
   4.3854973e-02
   1.7079950e-01
   2.4330416e-16
   5.0376023e-01
  -3.5232746e-16
   7.3705551e-01
   2.7839255e-16
  -4.1225697e-01
  -7.4198558e-16
  -5.2003307e-16
  -3.7788826e-16
   1.8681512e-01
   2.0106470e-18
   5.0154877e-01
  -3.2256466e-16
   7.3727947e-01
  -2.3426464e-16
  -4.1227165e-01
   5.1451891e-03
   2.7736320e-02
   1.0415454e-16
   1.2471335e-01
   4.6897434e-16
   4.1225697e-01
   9.7029406e-17
   9.0203576e-01
   1.1849254e-15
   3.2759692e-16
  -5.4218447e-17
   2.9223569e-02
  -1.5725508e-16
   1.2454341e-01
  -7.7681634e-16
   4.1227165e-01
   3.4007597e-16
   9.0203493e-01
   3.6362862e-01
  -1.1707090e+00
  -1.0800427e-16
   5.8065407e-01
   1.0995649e-16
  -1.6420070e-01
   2.2903209e-16
   2.9300038e-02
   1.8109726e-16
  -3.0746499e-03
  -7.1003827e-16
   5.8535449e-01
   8.3146056e-02
   1.0892057e-16
  -4.9207337e-01
  -5.5045201e-16
   2.4832854e-01
   1.2947915e-16
  -6.2707083e-02
   1.4043817e-16
   8.4581924e-03
   3.7181884e-17
   2.3439741e-17
  -1.3147756e-16
   6.7864905e-01
  -1.8418681e-16
  -6.7319947e-01
   2.0438617e-16
   2.8555683e-01
  -6.6602836e-16
  -6.7939833e-02
   2.2521494e-16
   8.9117289e-03
   2.9032703e-01
   4.9207337e-01
   6.0392707e-16
   4.5427257e-01
   2.4160162e-16
  -5.7525777e-01
  -1.4853679e-16
   2.2437946e-01
   5.3270914e-16
  -4.0657215e-02
   9.8372130e-17
   1.6033095e-17
   2.8658977e-16
   6.7319947e-01
  -7.5263705e-17
   4.1427479e-01
  -1.2318244e-16
  -5.6878855e-01
   3.3149022e-16
   2.2362904e-01
  -7.8178403e-16
  -4.0601816e-02
   8.2100350e-02
   2.4832854e-01
  -7.6265978e-17
   5.7525777e-01
  -1.0768154e-17
   5.2817973e-01
   2.1643524e-16
  -5.3967512e-01
  -6.1868867e-16
   1.5397221e-01
   1.0002041e-16
  -4.5152914e-16
  -2.8603713e-16
   2.8555683e-01
   6.9408485e-18
   5.6878855e-01
  -4.4973388e-16
   5.2904299e-01
  -2.2848006e-16
  -5.3976038e-01
  -5.7182658e-16
   1.5397769e-01
   1.4650019e-02
   6.2707083e-02
   6.1312030e-16
   2.2437946e-01
   1.1773450e-16
   5.3967512e-01
   4.6125095e-16
   6.7250670e-01
   9.0142751e-16
  -4.4919699e-01
   3.1612687e-16
   6.2574747e-17
  -4.2216946e-16
   6.7939833e-02
  -1.6186219e-16
   2.2362904e-01
  -1.8836744e-16
   5.3976038e-01
   2.4996488e-16
   6.7249937e-01
   1.0091683e-15
  -4.4919657e-01
   1.5373249e-03
   8.4581924e-03
   7.4453888e-17
   4.0657215e-02
   2.7511403e-16
   1.5397221e-01
   9.4651514e-17
   4.4919699e-01
   1.0761785e-15
   8.7908210e-01
   2.1611053e-16
   5.9909981e-17
   4.5216996e-16
   8.9117289e-03
  -5.4571313e-17
   4.0601816e-02
  -2.9426330e-16
   1.5397769e-01
   2.6089118e-16
   4.4919657e-01
  -9.3159355e-16
   8.7908213e-01
   1.7682773e-01
  -1.1511350e+00
  -1.2284039e-16
   7.3459120e-01
   2.4688087e-16
  -2.6239535e-01
   2.3465923e-16
   6.1497849e-02
   1.9507856e-16
  -9.6784899e-03
  -6.8942780e-16
   9.2713817e-04
   5.7556751e-01
  -1.8161608e-01
   6.5860914e-17
  -4.4023093e-01
  -4.6147497e-16
   3.1406206e-01
   2.2088543e-16
  -1.0737988e-01
  -7.9768361e-17
   2.2006650e-02
  -2.6291738e-16
  -2.5866852e-03
  -6.4340849e-17
  -6.0596295e-17
   5.6397331e-01
  -2.0007382e-16
  -7.1979362e-01
   1.9970627e-16
   3.8566450e-01
  -7.0531468e-16
  -1.2051808e-01
   3.1873755e-16
   2.3708817e-02
  -4.3532272e-16
   3.6729560e-01
   4.4023093e-01
   5.6594913e-16
   2.7317047e-01
   1.0154903e-16
  -5.9352125e-01
  -1.0841468e-16
   3.1868170e-01
   6.5459690e-16
  -8.8135769e-02
   4.8391207e-16
   1.3003572e-02
   2.6788985e-17
   2.7579156e-16
   7.1979362e-01
  -1.1929650e-16
   1.9809983e-01
   3.9104884e-17
  -5.7848447e-01
   3.9518907e-16
   3.1641233e-01
  -6.5425523e-16
  -8.7885844e-02
   3.4901939e-16
   1.3119767e-01
   3.1406206e-01
   2.3952608e-16
   5.9352125e-01
  -3.2657620e-17
   3.1330569e-01
  -1.7771006e-17
  -5.8609773e-01
  -5.0467107e-16
   2.6481437e-01
  -4.3247848e-17
  -5.3611816e-02
  -5.5888832e-16
  -5.1967692e-17
   3.8566450e-01
  -1.9715317e-16
   5.7848447e-01
  -5.6341159e-16
   3.1578230e-01
  -3.3736832e-16
  -5.8641534e-01
  -1.0594153e-15
   2.6484480e-01
   3.4813619e-16
   3.0748925e-02
   1.0737988e-01
   3.8147038e-16
   3.1868170e-01
   5.0801466e-16
   5.8609773e-01
   5.5694874e-16
   4.3563052e-01
   7.9803862e-16
  -5.6454492e-01
   3.6079041e-16
   1.8172802e-01
   6.2461284e-17
  -4.2580561e-16
   1.2051808e-01
   2.4238998e-16
   3.1641233e-01
  -2.2522751e-17
   5.8641534e-01
   3.9074190e-16
   4.3559510e-01
   9.3942665e-16
  -5.6454192e-01
  -8.1676153e-17
   4.8392450e-03
   2.2006650e-02
   6.7340118e-17
   8.8135769e-02
   3.3901653e-16
   2.6481437e-01
   2.8583346e-16
   5.6454492e-01
   2.9216457e-16
   6.1065206e-01
   3.6106529e-16
  -4.7954917e-01
   8.0838375e-17
   3.2360705e-17
   2.3708817e-02
  -4.0722859e-16
   8.7885844e-02
  -4.2690733e-16
   2.6484480e-01
  -6.4585855e-16
   5.6454192e-01
  -1.7902187e-16
   6.1065228e-01
   1.2947489e-15
   4.6356908e-04
   2.5866852e-03
  -4.1319197e-16
   1.3003572e-02
   7.6299922e-16
   5.3611816e-02
  -1.0063948e-16
   1.8172802e-01
   1.8645511e-15
   4.7954917e-01
  -5.1745060e-16
   8.5671295e-01
   1.0000000e+00
   7.4153119e-01
  -9.4882190e-01
  -6.0095366e-17
   4.7441095e-01
   7.4153119e-01
   3.4634781e-16
  -1.3861362e-16
   1.0188199e-16
   1.0000000e+00
   3.2480275e-01
  -1.2186381e+00
  -1.0191287e-16
   5.5129625e-01
  -1.9956012e-16
   6.0931905e-01
   9.9736998e-02
   3.4794539e-16
  -4.9750692e-01
  -3.6096287e-16
  -3.8501701e-17
   1.4890824e-16
   7.4153119e-01
  -1.5579230e-16
  -6.7091840e-01
   2.7564812e-01
   4.9750692e-01
   4.9786039e-16
   7.7493425e-01
   3.2443605e-16
  -3.6326003e-16
  -1.9071743e-17
   6.7091840e-01
   9.6541480e-17
   7.4153119e-01
  -9.2935178e-02
  -1.0164246e+00
  -1.0190503e-16
   9.1411210e-01
  -8.9994599e-17
  -3.3764795e-01
   1.5953832e-16
   5.0821232e-01
  -5.1016836e-01
   2.6025012e-16
  -3.4455567e-01
  -4.2580493e-16
   3.2318743e-01
   7.7865545e-17
   6.4291765e-18
   1.5374639e-16
   4.3733562e-01
  -4.2923278e-16
  -7.8662751e-01
   5.3862464e-16
   4.3583795e-01
   4.5705605e-01
   3.4455567e-01
   5.9878455e-16
   2.4085137e-01
  -2.3681717e-16
  -6.3676647e-01
  -8.4155379e-17
  -3.0857726e-16
   1.0644978e-16
   7.8662751e-01
  -6.4018972e-17
   9.9736998e-02
  -2.0341591e-16
  -6.0931905e-01
   1.6882397e-01
   3.2318743e-01
   4.1532664e-16
   6.3676647e-01
   3.9316454e-16
   6.5808455e-01
   5.0770264e-16
  -1.8899056e-16
  -3.9120893e-16
   4.3583795e-01
  -2.3056263e-16
   6.0931905e-01
  -8.4408482e-17
   6.6240137e-01
  -3.6420214e-01
  -4.7228318e-01
  -8.6533571e-17
   1.0138740e+00
   1.1794008e-16
  -6.6243391e-01
   3.0188738e-16
   2.1190336e-01
   1.1562034e-16
   2.3614159e-01
  -8.4512480e-01
   1.4413937e-16
   5.3092402e-02
  -5.6997177e-16
   3.5712419e-01
   8.0035940e-17
  -2.0948000e-01
  -3.0108909e-16
   7.7846774e-17
   8.0677504e-17
   1.5740473e-01
  -4.5607604e-16
  -6.7581726e-01
   6.1053233e-16
   6.6233714e-01
  -9.5478182e-16
  -2.8249654e-01
   5.0693700e-01
  -5.3092402e-02
   4.2886756e-16
  -9.1361715e-02
  -2.4764071e-16
  -5.1179022e-01
   7.0228124e-17
   4.6144855e-01
   5.6703151e-16
  -1.8601399e-16
   2.3104942e-16
   6.7581726e-01
  -1.1656025e-16
  -4.2672172e-01
   2.0069399e-16
  -4.0768377e-01
   5.2637991e-16
   4.4155810e-01
   3.3121696e-01
   3.5712419e-01
   6.1236022e-16
   5.1179022e-01
  -2.9299090e-16
  -3.5243259e-02
   2.3750785e-17
  -6.2440503e-01
  -8.6611518e-16
  -4.4437952e-16
  -3.8524048e-17
   6.6233714e-01
  -4.0027856e-16
   4.0768377e-01
   3.2833927e-17
  -9.4885417e-03
  -2.6336944e-16
  -6.2850093e-01
   1.0595168e-01
   2.0948000e-01
   3.4928214e-16
   4.6144855e-01
   8.2378270e-16
   6.2440503e-01
   3.7549734e-16
   5.7519580e-01
   8.4911558e-16
  -2.0672312e-16
  -3.4115783e-16
   2.8249654e-01
  -4.4471120e-16
   4.4155810e-01
  -4.5155921e-16
   6.2850093e-01
   5.6603766e-16
   5.7463791e-01
  -4.1177290e-01
   1.6017240e-01
  -4.6708219e-17
   7.8553977e-01
   3.2027385e-16
  -8.8190153e-01
   3.2222190e-16
   4.7139885e-01
  -1.0483847e-17
  -1.3487418e-01
  -4.9083475e-17
  -8.0086199e-02
  -7.9122466e-01
  -5.4784299e-17
   4.7176897e-01
  -4.5303971e-16
   1.6873207e-01
   2.0311002e-16
  -3.0262417e-01
  -2.1808352e-16
   1.3608113e-01
  -2.5981072e-16
   1.9362271e-16
  -1.0201632e-16
  -4.3587037e-02
  -3.8905733e-16
  -4.2753123e-01
   5.6081584e-16
   7.1996440e-01
  -1.1303602e-15
  -5.1311910e-01
   6.5635523e-16
   1.8351369e-01
   3.9276988e-01
  -4.7176897e-01
   3.4573234e-16
  -1.3432930e-01
  -6.0251184e-16
  -2.3344248e-01
   2.8791194e-16
   5.4190677e-01
   3.4342264e-16
  -3.2046057e-01
  -2.1678456e-17
  -7.7237138e-17
   6.2607415e-16
   4.2753123e-01
  -3.0858875e-16
  -7.1014455e-01
   6.3059257e-16
   1.5593543e-02
  -1.0499910e-16
   4.6758533e-01
  -4.6674000e-16
  -3.0664731e-01
   4.4095077e-01
   1.6873207e-01
   2.8796861e-16
   2.3344248e-01
  -2.5664177e-16
  -4.2138286e-01
  -3.6796303e-16
  -3.2218217e-01
  -2.0331162e-16
   4.9678373e-01
   1.8490651e-16
  -3.9074674e-16
  -1.4381490e-16
   7.1996440e-01
  -1.0313054e-16
  -1.5593543e-02
  -2.8136064e-16
  -3.3743489e-01
   7.5697423e-17
  -3.4278758e-01
  -6.0049734e-16
   5.0004248e-01
   2.3569943e-01
   3.0262417e-01
   1.1688470e-15
   5.4190677e-01
   4.0935696e-16
   3.2218217e-01
   6.1948693e-16
  -1.6592355e-01
  -3.2047036e-17
  -6.1017641e-01
  -4.1958210e-19
  -5.3013752e-16
   1.2362320e-16
   5.1311910e-01
  -3.8778240e-16
   4.6758533e-01
   8.0350149e-16
   3.4278758e-01
   1.7153794e-16
  -1.7022352e-01
   3.5440552e-16
  -6.0958460e-01
   6.7437088e-02
   1.3608113e-01
   7.4816634e-16
   3.2046057e-01
   1.0583569e-15
   4.9678373e-01
   6.0474528e-16
   6.1017641e-01
   1.5832430e-15
   5.0058177e-01
  -9.6220790e-17
  -1.1225957e-16
  -7.4643332e-16
   1.8351369e-01
  -3.4266637e-16
   3.0664731e-01
  -1.5069665e-15
   5.0004248e-01
   1.9697909e-16
   6.0958460e-01
  -6.2005702e-16
   5.0065386e-01
  -2.5629270e-01
   6.1192662e-01
  -6.8022296e-17
   3.1136921e-01
   4.1793199e-16
  -8.7445409e-01
   3.0529539e-16
   7.1764732e-01
   2.3778450e-16
  -3.3170695e-01
   9.7053158e-16
   8.6637164e-02
  -3.0596331e-01
  -4.0822532e-01
  -2.1157171e-16
   7.0338320e-01
  -4.4730318e-16
  -1.5912540e-01
   3.2779691e-16
  -2.4948837e-01
  -3.8692407e-16
   2.3654274e-01
  -5.9514931e-16
  -8.8652411e-02
   1.2484951e-16
  -1.3232621e-16
  -1.4073593e-01
  -3.4605896e-16
  -1.4322252e-01
   2.8327465e-16
   6.0334250e-01
  -1.3649193e-15
  -6.6020181e-01
   7.9912829e-16
   3.8144350e-01
  -3.0086035e-17
   1.5568461e-01
  -7.0338320e-01
   1.0305538e-16
   6.1792790e-02
  -3.0807257e-16
  -1.2697638e-02
   3.4674330e-16
   4.2213824e-01
   1.8307499e-16
  -4.7636707e-01
   1.3167403e-16
   2.1833647e-01
   2.0513543e-16
   5.6069248e-16
   1.4322252e-01
  -3.1223827e-16
  -7.1311689e-01
   9.5042569e-16
   4.3587872e-01
  -1.5457266e-16
   2.3962386e-01
   1.7168555e-16
  -4.2413679e-01
  -3.6525828e-16
   4.3722704e-01
  -1.5912540e-01
   3.7792332e-16
   1.2697638e-02
  -1.0325141e-15
  -4.9129784e-01
  -9.9742160e-17
   9.7818139e-02
   7.9861861e-17
   4.5328196e-01
  -2.1825302e-16
  -3.6847850e-01
  -6.1146980e-16
   3.9376170e-16
   6.0334250e-01
  -4.3348559e-16
  -4.3587872e-01
   5.4668795e-17
  -2.9588371e-01
  -1.1650811e-16
   3.3550187e-02
  -7.8007066e-16
   4.6877632e-01
   6.1354817e-16
   3.5882366e-01
   2.4948837e-01
   1.0761048e-15
   4.2213824e-01
   3.4578105e-16
  -9.7818139e-02
   1.5532286e-16
  -4.1703605e-01
  -7.8048663e-18
  -2.0502127e-01
  -1.3573314e-16
   5.2585631e-01
  -8.0422225e-17
   7.4478464e-17
   6.6020181e-01
   5.9512571e-17
   2.3962386e-01
   2.6995841e-16
  -3.3550187e-02
   2.4910891e-16
  -4.3482497e-01
  -3.0293921e-16
  -2.0131293e-01
  -8.8972529e-16
   1.6585347e-01
   2.3654274e-01
   1.3560214e-15
   4.7636707e-01
   1.8588218e-16
   4.5328196e-01
   5.6714033e-16
   2.0502127e-01
  -1.1296348e-16
  -2.7608738e-01
  -3.4376364e-16
  -5.8170843e-01
  -1.0840172e-15
  -2.3089454e-16
   3.8144350e-01
  -1.1764632e-15
   4.2413679e-01
  -5.4078013e-16
   4.6877632e-01
   3.4784804e-16
   2.0131293e-01
  -3.1960588e-17
  -2.7540611e-01
   1.8824264e-15
   4.3318582e-02
   8.8652411e-02
  -1.8473948e-16
   2.1833647e-01
   1.2284990e-15
   3.6847850e-01
  -3.6957504e-16
   5.2585631e-01
   1.0873617e-15
   5.8170843e-01
  -6.1333756e-16
   4.3592543e-01
   1.0000000e+00
   4.0584515e-01
  -1.2925090e+00
  -2.0931531e-16
   6.4625448e-01
   4.0584515e-01
   3.1958540e-16
  -1.4569176e-16
   2.2175456e-16
   1.0000000e+00
  -2.5293457e-01
  -9.0856197e-01
  -2.1314034e-16
   1.0230168e+00
   2.6261544e-16
   4.5428098e-01
  -6.7057943e-01
   4.4987607e-17
  -3.7091887e-01
  -5.0846623e-16
   2.0261431e-16
   3.0132236e-16
   4.0584515e-01
  -5.6743187e-16
  -9.1394185e-01
   5.1150840e-01
   3.7091887e-01
   5.7834551e-16
   5.8235514e-01
   1.1368600e-16
  -2.8582683e-16
   1.9230120e-17
   9.1394185e-01
   4.9608689e-17
   4.0584515e-01
  -4.4165055e-01
   1.3965849e-01
   3.1414985e-17
   9.2838502e-01
   4.0698821e-16
  -8.5351411e-01
   1.5814787e-16
  -6.9829243e-02
  -8.6539840e-01
  -7.4017413e-17
   3.6550789e-01
  -1.2272370e-16
   3.2823367e-01
   2.3257616e-16
   1.8696175e-16
  -2.2998819e-16
  -4.4112141e-02
  -6.1050581e-16
  -5.8647423e-01
   7.4138072e-16
   8.0876579e-01
   4.6419251e-01
  -3.6550789e-01
   3.2809634e-16
  -1.0265227e-01
  -6.3970299e-16
  -6.5185667e-01
  -3.8662058e-18
  -1.4784052e-16
   4.3845386e-16
   5.8647423e-01
  -3.6002623e-16
  -6.7057943e-01
  -8.5220438e-17
  -4.5428098e-01
   4.2675706e-01
   3.2823367e-01
   6.3202341e-16
   6.5185667e-01
   6.4297759e-16
   3.2109558e-01
   3.9444054e-16
  -3.4434022e-16
  -1.8095787e-16
   8.0876579e-01
  -1.3739361e-16
   4.5428098e-01
   9.7164405e-17
   3.7353272e-01
  -1.2397211e-01
   7.6596233e-01
   5.9180825e-17
   1.0101575e-01
   7.3607652e-16
  -9.1647387e-01
   9.4707332e-17
   7.2968144e-01
   4.3156376e-16
  -3.8298117e-01
  -1.7188809e-01
  -1.4466890e-16
   7.4671636e-01
  -1.9623353e-16
  -1.8848761e-01
   3.5155372e-16
  -2.8981448e-01
  -4.0673455e-16
  -4.4247917e-17
  -3.5010924e-16
  -1.8740184e-01
  -3.6251796e-16
  -4.9429423e-02
   5.8777453e-16
   6.7267886e-01
  -1.2621333e-15
  -7.1410114e-01
   5.0507877e-02
  -7.4671636e-01
  -4.5132464e-17
   1.0082231e-01
  -2.2408403e-17
  -1.1429670e-01
   4.8093321e-16
   6.4349336e-01
   3.8597778e-16
   2.7890413e-16
   1.9096879e-16
   4.9429423e-02
  -3.4649038e-16
  -7.8064883e-01
   5.5978263e-16
   4.3247477e-01
   1.4173228e-16
   4.4845257e-01
   4.5823694e-01
  -1.8848761e-01
   5.4022251e-16
   1.1429670e-01
  -7.9638666e-16
  -5.9933781e-01
  -2.3390429e-16
  -4.1501892e-01
  -6.8299960e-16
  -3.5890163e-16
   5.1915123e-16
   6.7267886e-01
  -2.5512628e-16
  -4.3247477e-01
   2.5870317e-16
  -3.5690098e-01
  -4.0973286e-16
  -4.8279438e-01
   3.6484072e-01
   2.8981448e-01
   6.1453951e-16
   6.4349336e-01
   7.4806606e-16
   4.1501892e-01
   4.9689053e-16
   2.5192390e-01
   4.6483137e-16
  -4.6201460e-16
  -2.9548771e-16
   7.1410114e-01
  -3.4847332e-16
   4.4845257e-01
   2.3067581e-16
   4.8279438e-01
   2.3710830e-16
   2.3634601e-01
   2.6275618e-01
   4.6068041e-01
   4.8970536e-16
  -6.2127709e-01
   3.4569872e-16
  -2.7233305e-01
   6.3162036e-17
   8.8841302e-01
   5.2002102e-16
  -6.3266400e-01
   2.5866648e-16
  -2.3034021e-01
   5.6286152e-01
  -2.8506489e-16
   3.4432082e-01
   3.1911903e-16
  -6.2192444e-01
   2.5558081e-16
   7.7160226e-02
  -1.5604841e-16
   2.5646275e-01
   5.2970143e-16
  -6.1099554e-17
  -4.8723427e-16
  -9.2028121e-02
   7.5643263e-17
   2.4821964e-01
  -3.9118944e-16
   1.6320837e-01
  -8.2972471e-16
  -7.0989761e-01
   3.6382830e-16
   6.3192266e-01
  -3.1063854e-01
  -3.4432082e-01
   2.1326941e-16
   4.9556879e-01
   1.0420044e-16
  -2.4978165e-02
   6.3098435e-16
   2.6768014e-01
  -5.3270547e-16
  -6.0875740e-01
   4.3999440e-16
   1.4427409e-16
  -1.5817388e-16
  -2.4821964e-01
  -4.2006835e-16
  -2.4312971e-01
   1.1728842e-15
   7.9899108e-01
  -1.0754691e-15
  -2.4678821e-01
   2.5977742e-16
  -4.2424497e-01
   1.3616653e-01
  -6.2192444e-01
  -3.6531835e-16
   2.4978165e-02
  -5.6628880e-16
  -4.0800418e-01
   3.1427218e-16
   4.5466205e-01
   6.9146290e-16
   4.4979822e-01
   1.7581008e-17
   6.6062630e-17
   3.6651387e-16
   1.6320837e-01
  -3.9102980e-16
  -7.9899108e-01
  -4.6358479e-17
   1.4688034e-01
  -2.6056016e-16
   1.9901847e-01
  -4.4813659e-16
   5.2325338e-01
   4.4420651e-01
  -7.7160226e-02
   1.0953586e-15
   2.6768014e-01
  -3.9518814e-16
  -4.5466205e-01
   1.1729351e-16
  -4.3417358e-01
  -4.5327858e-16
  -3.6404741e-01
   2.8004614e-16
  -4.7679558e-16
   6.0285045e-16
   7.0989761e-01
  -2.0437617e-16
  -2.4678821e-01
   7.3157336e-16
  -1.9901847e-01
  -2.9407840e-16
  -5.2809619e-01
   2.1499904e-17
  -3.4153628e-01
   3.1633200e-01
   2.5646275e-01
   1.4886547e-15
   6.0875740e-01
   5.7720702e-16
   4.4979822e-01
   9.9072331e-16
   3.6404741e-01
   3.9628602e-16
   1.6929405e-01
  -4.1814904e-17
  -4.4935911e-16
  -4.4938969e-16
   6.3192266e-01
  -4.9384773e-16
   4.2424497e-01
  -5.6675924e-16
   5.2325338e-01
  -3.7108040e-16
   3.4153628e-01
  -1.0140479e-16
   1.7392189e-01
   2.9881368e-01
  -2.8664585e-01
   3.7964830e-16
  -5.7213381e-01
   4.0682854e-16
   4.7152580e-01
  -6.1028004e-17
   3.9737052e-01
   1.0400902e-15
  -8.5158857e-01
   2.1425725e-16
   5.5360169e-01
   1.4332292e-01
   5.7798639e-01
   6.9404362e-17
  -3.5814289e-01
   2.0353679e-16
  -4.3276618e-01
  -6.1386801e-17
   5.0742330e-01
   7.3545459e-17
  -4.1584422e-03
   5.5734956e-16
  -2.2759662e-01
  -4.2754613e-16
  -1.8625581e-16
   4.8395217e-02
  -3.4740363e-16
   1.9318989e-01
  -5.1401196e-16
  -2.3882705e-01
  -7.4052005e-16
  -2.6835669e-01
  -1.1064503e-17
   7.1888036e-01
   8.7605280e-16
  -2.8606690e-01
   3.5814289e-01
  -2.1872631e-17
   4.0228174e-01
   6.1371259e-16
  -2.9603547e-01
   3.6953863e-16
   3.5481088e-02
   1.7688238e-16
  -3.7164362e-01
   1.2594768e-15
   5.6499525e-01
   2.2989241e-16
  -3.9178455e-16
  -1.9318989e-01
   1.3440239e-16
   2.7496645e-01
   3.4451766e-16
   4.1567973e-01
  -1.2056478e-15
  -7.3996623e-01
   7.7002010e-16
   1.0814235e-01
  -7.0049787e-16
  -2.3576290e-01
  -4.3276618e-01
  -1.9539730e-16
   2.9603547e-01
  -3.3238580e-16
  -8.6283522e-02
   1.0248910e-15
   5.5515613e-01
  -4.7018595e-16
  -3.0284670e-01
  -8.0772143e-17
  -4.5447645e-01
  -8.0782666e-18
   1.7288075e-17
  -2.3882705e-01
  -1.0355545e-15
  -4.1567973e-01
   3.1757713e-16
   6.9871430e-01
  -9.9640967e-16
   1.2050389e-02
   3.1231591e-16
  -4.8021710e-02
   8.0472901e-16
   1.9868526e-01
  -5.0742330e-01
   8.2914620e-17
   3.5481088e-02
  -7.3008429e-16
  -5.5515613e-01
   4.0478503e-16
   2.1192648e-01
   5.8429313e-16
   3.5572826e-01
  -1.7388963e-16
   4.2738422e-01
   3.2071911e-16
   5.3997630e-16
   2.6835669e-01
   1.1607551e-16
  -7.3996623e-01
   2.4494531e-16
  -1.2050389e-02
  -3.5084703e-16
  -7.0754760e-02
  -8.8257684e-16
   4.6315981e-01
  -1.1554077e-15
   4.2579429e-01
  -4.1584422e-03
   1.3386780e-15
   3.7164362e-01
  -7.5929964e-16
  -3.0284670e-01
   1.9053201e-16
  -3.5572826e-01
  -9.6916632e-16
  -4.5736644e-01
   1.9786923e-16
  -2.6799142e-01
  -6.7786653e-16
   4.5698107e-16
   7.1888036e-01
  -7.7245885e-16
  -1.0814235e-01
   5.9133108e-16
  -4.8021710e-02
  -3.4167639e-16
  -4.6315981e-01
   1.6708241e-16
  -4.2295812e-01
   5.2236518e-16
   2.7680084e-01
   2.2759662e-01
   2.3770778e-16
   5.6499525e-01
   5.7417167e-16
   4.5447645e-01
  -5.2220983e-17
   4.2738422e-01
   6.2483554e-16
   2.6799142e-01
  -4.1856900e-16
   1.2131453e-01
   1.0000000e+00
   4.5796700e-16
  -1.4142136e+00
  -1.9428641e-16
   7.0710678e-01
   5.8980598e-17
   2.5420793e-16
  -1.4853647e-16
   3.4467466e-16
   1.0000000e+00
  -5.0000000e-01
  -7.2164497e-16
  -4.8774977e-17
   1.2247449e+00
   3.0550842e-16
   2.7755576e-16
  -1.0000000e+00
   3.5534960e-17
  -4.6143644e-16
  -2.4882237e-16
   2.2585035e-16
   1.8336342e-16
   5.5511151e-17
  -7.8644579e-16
  -1.0000000e+00
   6.1237244e-01
   4.3021142e-16
   5.3488158e-16
   5.0000000e-01
  -3.2885503e-16
  -2.5247134e-16
   1.8525025e-16
   1.0000000e+00
  -2.0271072e-16
   3.5865408e-16
  -1.5265567e-16
   8.6602540e-01
   1.3002776e-16
   1.0078743e-15
   1.0267437e-16
  -1.1180340e+00
   5.7454593e-18
  -4.3301270e-01
  -7.7715612e-16
  -3.2382432e-17
   7.9056942e-01
   1.6987896e-16
   4.1665889e-16
   2.5335152e-16
   1.3046018e-16
  -6.8444926e-16
  -2.5000000e-01
  -1.7360144e-16
  -2.0296265e-16
   1.1019438e-15
   9.6824584e-01
   4.0245585e-16
  -7.9056942e-01
  -1.0900654e-16
  -4.5623227e-16
  -5.3827263e-16
  -6.1237244e-01
   4.7878021e-16
   8.7830652e-17
   3.4662207e-16
  -3.4694470e-17
  -7.3422745e-16
  -1.0000000e+00
   2.1483001e-16
  -4.2728408e-16
   5.5901699e-01
   5.8980598e-17
   8.5738435e-16
   6.1237244e-01
   1.2899006e-16
   1.7612864e-16
   3.7385335e-16
  -3.1044350e-16
   2.9482152e-16
   9.6824584e-01
  -3.0623399e-16
   6.5789388e-16
   2.8177348e-16
   2.5000000e-01
   3.7500000e-01
   5.5511151e-16
   3.2184356e-17
  -7.9056942e-01
   3.1295277e-16
  -1.1882856e-15
  -1.6840047e-16
   1.0458250e+00
   6.7436919e-16
  -1.5265567e-16
   7.5000000e-01
  -2.8914562e-17
   5.1868232e-16
   1.2649882e-16
  -6.6143783e-01
   1.9725609e-17
  -4.1608969e-16
  -2.9486367e-16
  -3.7151417e-16
  -1.8722342e-16
  -3.4694470e-17
   2.7821506e-16
   3.5355339e-01
   1.2931421e-16
   4.5514807e-16
  -1.5306061e-15
  -9.3541435e-01
  -3.9528471e-01
  -5.0653925e-16
  -2.0324177e-16
   5.0000000e-01
   5.8006501e-16
   2.7170106e-16
   5.4419160e-16
   6.6143783e-01
  -3.9458463e-16
   1.8201393e-16
  -2.9235970e-16
  -3.5355339e-01
  -2.8716678e-16
   3.4694470e-18
   1.0056650e-15
   9.3541435e-01
  -2.2939685e-16
   4.7406062e-16
   1.1102230e-16
  -6.6143783e-01
  -6.8825795e-17
  -2.9143354e-16
  -7.5410016e-16
  -7.5000000e-01
   1.3938208e-16
  -3.0559593e-16
  -3.3722477e-16
   6.2280213e-17
   3.6889466e-16
   4.2327253e-16
  -6.5518712e-16
  -9.3541435e-01
   2.5474111e-16
  -6.2796990e-16
  -5.5513228e-16
  -3.5355339e-01
   5.2291252e-01
  -4.7184479e-16
   1.0027227e-15
   6.6143783e-01
   3.0042797e-16
   6.2319941e-16
   5.1221159e-16
   1.2500000e-01
   1.2106317e-16
  -5.0492326e-16
   2.9418343e-16
   9.3541435e-01
  -4.7106452e-16
  -2.0816682e-17
   4.3885010e-16
   3.5355339e-01
  -1.9043897e-16
   3.3064778e-17
   2.9837244e-16
  -6.8465320e-01
   5.6652150e-16
  -3.9551695e-16
  -1.0996467e-16
   7.3950997e-01
   7.2816987e-17
   1.0211287e-15
   2.4084914e-16
  -9.9215674e-01
  -3.6607864e-16
   3.4232660e-01
   1.3045121e-15
   7.6137586e-17
  -6.6143783e-01
   8.3244167e-17
  -7.9623808e-16
  -2.0107030e-16
   5.7282196e-01
   5.1582172e-16
   3.8924933e-16
   3.4157721e-16
  -1.1063631e-16
   3.3767354e-16
   1.2500000e-01
   2.3183791e-16
   2.4286129e-17
  -1.1985522e-15
  -4.0504629e-01
  -7.2870148e-17
  -4.6350998e-16
   5.4568533e-16
   9.0571105e-01
   7.6327833e-17
   6.6143783e-01
   4.9039500e-16
  -5.2041704e-17
   2.9410539e-16
  -3.0618622e-01
  -2.7698592e-16
  -4.6065040e-16
  -5.3204425e-16
  -6.8465320e-01
   1.6739382e-15
  -2.2871799e-16
  -4.2166669e-16
  -8.3266727e-17
   3.5075634e-16
   5.0000000e-01
   1.7149215e-16
   3.4260789e-16
  -1.4814197e-15
  -8.6602540e-01
   2.5435416e-16
  -5.2412705e-16
  -3.6975499e-01
  -9.6450625e-16
  -1.8178259e-16
   3.0618622e-01
   3.8613864e-16
   4.2153780e-16
   8.5222631e-16
   7.9549513e-01
  -1.2190123e-16
   4.5995244e-16
   3.0576707e-16
   2.5716812e-16
  -5.2157547e-16
  -4.0504629e-01
  -2.1245419e-16
   2.6714742e-16
   5.8950512e-16
   8.1250000e-01
  -3.2150563e-16
   5.6470670e-16
   2.9270343e-16
   4.1926275e-01
  -5.6205041e-16
  -5.7282196e-01
   2.1131085e-16
  -1.3877788e-16
  -8.5158368e-16
  -7.9549513e-01
   4.1366943e-16
  -5.8964335e-16
  -5.2737905e-16
  -1.9764235e-01
   3.7807552e-16
   1.5948905e-16
   4.2381737e-16
   1.0685897e-15
  -5.7449233e-16
  -8.6602540e-01
   6.4491756e-16
  -5.6291777e-16
  -9.7100327e-16
  -5.0000000e-01
   1.5883206e-16
  -5.3514695e-17
   4.9607837e-01
   2.4980018e-16
   2.2347570e-15
   6.8465320e-01
  -3.3497259e-16
   5.5944832e-16
   1.1128457e-15
   1.9764235e-01
  -3.6352968e-16
  -1.7965844e-16
   2.6422734e-16
  -8.8591954e-16
  -1.0940826e-17
   9.0571105e-01
  -1.3146724e-15
  -9.8532293e-16
  -1.2878926e-16
   4.1926275e-01
  -4.9708301e-16
   1.6699424e-16
   5.0514803e-17
   6.2500000e-02
  -3.1250000e-01
  -7.3552275e-16
  -5.8474830e-17
   6.4043442e-01
  -4.6619713e-17
   7.1817552e-16
   1.6548506e-16
  -7.0156076e-01
   4.1637267e-16
  -9.6910988e-16
  -3.1966715e-16
   9.4991776e-01
   8.6042284e-16
  -6.2500000e-01
   2.0767486e-16
  -1.5959456e-15
  -1.4511367e-16
   5.9292706e-01
  -1.5444961e-16
   5.2128440e-16
   2.5136541e-16
  -5.0775240e-01
  -6.6845548e-16
  -2.7040394e-16
  -9.5217047e-17
   2.1075581e-16
   2.7061686e-16
  -8.9313929e-16
  -1.9764235e-01
  -2.1223162e-16
  -3.2526065e-16
   1.9358132e-16
   4.3301270e-01
   7.6009745e-17
   7.0348966e-16
   8.9668242e-16
   3.2021721e-01
  -6.9388939e-18
   1.2980345e-16
  -5.3125000e-01
  -8.0479265e-17
  -3.2959746e-16
  -3.5486880e-16
   1.7116330e-01
   1.3203497e-15
   2.4431564e-16
   5.7923851e-16
   6.9526861e-01
  -2.3830520e-16
   2.0116646e-16
   1.9764235e-01
   3.4484755e-16
   6.3143935e-16
  -7.2206562e-16
  -5.6250000e-01
  -1.2903818e-16
  -3.5957565e-16
   5.1916200e-16
   8.0282704e-01
  -2.7901272e-16
  -9.5062846e-16
   5.9292706e-01
   3.9576538e-16
   8.3266727e-16
   4.6974862e-16
  -6.2500000e-02
  -3.7548520e-16
  -3.5822040e-16
  -7.2722618e-16
  -8.0282704e-01
   1.9477619e-15
  -3.2718537e-16
  -4.8312518e-16
  -4.5894240e-16
   7.8409501e-16
  -2.4708546e-18
   5.6250000e-01
   8.9005538e-17
   8.9338259e-17
  -1.3940065e-15
  -6.8465320e-01
   2.4653327e-16
  -3.1975536e-16
   4.7792141e-16
  -3.5078038e-01
   8.3266727e-17
  -3.7949100e-16
   1.7116330e-01
   4.8609261e-16
   7.3985956e-16
   7.3655256e-16
   8.1250000e-01
  -2.3226559e-16
   2.1462883e-16
   6.3274334e-16
   2.5387620e-01
   2.3468480e-16
  -5.1534492e-16
  -4.3301270e-01
  -1.4268348e-16
  -1.3739010e-15
   2.2943301e-16
   6.8465320e-01
  -6.8179643e-16
   3.1975833e-16
   4.0054414e-16
   5.8630197e-01
  -2.6387140e-16
   4.8225313e-16
  -5.0775240e-01
   2.7227820e-17
   4.3021142e-16
  -1.8329219e-15
  -8.0282704e-01
   5.9261733e-16
  -3.0402384e-16
  -1.4317106e-15
  -3.1250000e-01
   3.8662253e-16
  -6.6498262e-17
  -1.2018851e-17
   8.4909107e-16
  -2.4980018e-16
  -5.3961249e-16
  -8.0282704e-01
   1.4204511e-15
  -3.4824574e-16
  -1.0048292e-15
  -5.8630197e-01
   6.2327193e-16
  -1.0881726e-17
  -2.6456964e-16
   4.7495888e-01
   1.5049918e-16
   4.1232885e-16
   6.9526861e-01
  -1.6814242e-16
   1.9315148e-16
   3.4733973e-16
   2.5387620e-01
   1.7705950e-16
   6.4482436e-17
   2.6855532e-16
   3.1250000e-02
   1.0000000e+00
  -4.0584515e-01
  -1.2925090e+00
  -1.6147522e-16
   6.4625448e-01
  -4.0584515e-01
   1.9393322e-16
  -1.0260923e-16
   4.2106313e-16
   1.0000000e+00
  -2.5293457e-01
   9.0856197e-01
   1.6393997e-16
   1.0230168e+00
   4.4256485e-16
  -4.5428098e-01
  -6.7057943e-01
  -1.4225120e-16
   3.7091887e-01
  -3.6403440e-17
   4.0343882e-16
  -5.9988175e-17
  -4.0584515e-01
  -6.4002855e-16
  -9.1394185e-01
   5.1150840e-01
  -3.7091887e-01
   4.0583387e-16
   5.8235514e-01
  -3.4453832e-16
  -1.2797395e-16
   3.4331289e-16
   9.1394185e-01
  -4.8203727e-16
  -4.0584515e-01
   4.4165055e-01
   1.3965849e-01
   2.0378831e-16
  -9.2838502e-01
  -4.2336536e-16
  -8.5351411e-01
  -6.4964191e-17
  -6.9829243e-02
   8.6539840e-01
   2.1934579e-17
   3.6550789e-01
   2.9039291e-16
  -3.2823367e-01
   1.4490018e-16
  -1.1663763e-16
  -8.0231147e-16
  -4.4112141e-02
   4.4968706e-16
   5.8647423e-01
   7.2603348e-16
   8.0876579e-01
  -4.6419251e-01
  -3.6550789e-01
  -3.8983209e-16
   1.0265227e-01
  -1.6015431e-16
  -6.5185667e-01
   6.5702252e-16
   2.9259623e-16
  -1.5626765e-16
  -5.8647423e-01
  -4.5661265e-16
  -6.7057943e-01
   6.2125751e-16
   4.5428098e-01
   4.2675706e-01
  -3.2823367e-01
   6.5863302e-16
   6.5185667e-01
  -1.7106033e-16
  -3.2109558e-01
   3.1480610e-16
   1.2657340e-17
   2.1368039e-16
   8.0876579e-01
  -4.5030996e-16
  -4.5428098e-01
   3.4723544e-16
   3.7353272e-01
  -1.2397211e-01
  -7.6596233e-01
  -2.3019868e-16
   1.0101575e-01
   6.6230911e-16
   9.1647387e-01
   1.0429575e-16
   7.2968144e-01
   5.6930827e-16
   3.8298117e-01
  -1.7188809e-01
   1.6303680e-17
  -7.4671636e-01
  -1.0481853e-16
  -1.8848761e-01
  -2.3066219e-16
   2.8981448e-01
   1.9611825e-16
  -4.3007277e-16
   4.7408138e-16
   1.8740184e-01
   1.6553307e-16
  -4.9429423e-02
  -5.8589288e-16
  -6.7267886e-01
  -1.2336155e-15
  -7.1410114e-01
   5.0507877e-02
   7.4671636e-01
   1.5762515e-16
   1.0082231e-01
   1.0084015e-15
   1.1429670e-01
  -1.1747154e-16
   6.4349336e-01
  -2.5109040e-16
  -2.3873991e-16
  -6.0425157e-16
   4.9429423e-02
   3.7234443e-16
   7.8064883e-01
   2.9061556e-16
   4.3247477e-01
  -5.9126214e-16
  -4.4845257e-01
  -4.5823694e-01
  -1.8848761e-01
  -7.3053519e-16
  -1.1429670e-01
   6.3699349e-17
  -5.9933781e-01
   5.3063562e-16
   4.1501892e-01
  -3.4964115e-16
   1.6354752e-16
  -3.8051834e-16
  -6.7267886e-01
  -3.1082144e-16
  -4.3247477e-01
   4.6851365e-16
   3.5690098e-01
  -8.3973123e-16
  -4.8279438e-01
   3.6484072e-01
  -2.8981448e-01
   8.5638868e-16
   6.4349336e-01
  -2.3990536e-16
  -4.1501892e-01
   4.6085748e-16
   2.5192390e-01
  -4.6368036e-17
  -1.0499507e-16
   4.7427013e-16
   7.1410114e-01
  -7.2717578e-16
  -4.4845257e-01
   6.3812693e-16
   4.8279438e-01
  -6.9363707e-16
  -2.3634601e-01
  -2.6275618e-01
   4.6068041e-01
   6.7804829e-16
   6.2127709e-01
   2.9260260e-17
  -2.7233305e-01
  -1.9005798e-16
  -8.8841302e-01
  -7.7913063e-16
  -6.3266400e-01
   7.3772323e-17
  -2.3034021e-01
  -5.6286152e-01
   1.0560325e-16
   3.4432082e-01
   1.1089108e-16
   6.2192444e-01
   9.2689127e-17
   7.7160226e-02
   3.4946928e-16
  -2.5646275e-01
  -2.3898844e-16
   3.7538488e-16
   6.1666366e-17
  -9.2028121e-02
  -2.4980603e-16
  -2.4821964e-01
  -5.4472104e-16
   1.6320837e-01
   7.3355536e-16
   7.0989761e-01
   3.8983607e-16
   6.3192266e-01
   3.1063854e-01
  -3.4432082e-01
   6.6557004e-16
  -4.9556879e-01
  -5.8095881e-16
  -2.4978165e-02
  -5.1152108e-16
  -2.6768014e-01
   4.8370017e-16
  -6.0875740e-01
   9.1898546e-16
  -2.5548155e-16
   5.4632695e-16
   2.4821964e-01
   6.4683852e-17
  -2.4312971e-01
  -1.0404182e-15
  -7.9899108e-01
  -4.5574003e-16
  -2.4678821e-01
   3.2357462e-17
   4.2424497e-01
   1.3616653e-01
   6.2192444e-01
   7.5072898e-16
   2.4978165e-02
   1.1369384e-15
   4.0800418e-01
  -3.9321953e-18
   4.5466205e-01
  -1.7764647e-16
  -4.4979822e-01
   1.0256042e-15
  -2.7704512e-16
  -4.9961462e-16
   1.6320837e-01
   6.0025264e-16
   7.9899108e-01
  -6.8035485e-16
   1.4688034e-01
  -2.7684825e-16
  -1.9901847e-01
   1.6850628e-16
   5.2325338e-01
  -4.4420651e-01
  -7.7160226e-02
  -4.0458516e-16
  -2.6768014e-01
  -2.7562362e-16
  -4.5466205e-01
   7.5163643e-16
   4.3417358e-01
  -6.1773322e-16
  -3.6404741e-01
   9.7047753e-16
   2.4130780e-16
  -4.1181858e-16
  -7.0989761e-01
   1.3634765e-16
  -2.4678821e-01
  -3.3828564e-17
   1.9901847e-01
  -1.1892450e-15
  -5.2809619e-01
   4.9753738e-16
   3.4153628e-01
   3.1633200e-01
  -2.5646275e-01
   1.1867253e-15
   6.0875740e-01
  -9.0775480e-16
  -4.4979822e-01
   1.2305081e-15
   3.6404741e-01
  -7.8079050e-16
  -1.6929405e-01
   9.8562492e-16
  -6.0977702e-16
   1.4361938e-16
   6.3192266e-01
  -1.2791673e-15
  -4.2424497e-01
   4.3414783e-16
   5.2325338e-01
  -9.5901867e-16
  -3.4153628e-01
   2.8124684e-16
   1.7392189e-01
   2.9881368e-01
   2.8664585e-01
  -2.8337580e-16
  -5.7213381e-01
  -2.3115257e-16
  -4.7152580e-01
  -1.1295121e-16
   3.9737052e-01
   1.2823603e-15
   8.5158857e-01
  -2.0357527e-16
   5.5360169e-01
  -1.4332292e-01
   5.7798639e-01
   9.2746605e-17
   3.5814289e-01
  -6.5883670e-17
  -4.3276618e-01
  -4.0942662e-17
  -5.0742330e-01
  -2.3150427e-16
  -4.1584422e-03
   1.2423197e-16
   2.2759662e-01
  -3.7594961e-16
  -4.2790406e-16
  -4.8395217e-02
  -6.8846574e-16
   1.9318989e-01
   7.0094720e-16
   2.3882705e-01
  -5.9363864e-16
  -2.6835669e-01
   1.1306741e-16
  -7.1888036e-01
   7.8629465e-16
  -2.8606690e-01
  -3.5814289e-01
  -3.0487543e-16
   4.0228174e-01
  -2.6222315e-17
   2.9603547e-01
   3.7819027e-16
   3.5481088e-02
   1.1198615e-15
   3.7164362e-01
  -1.2873698e-15
   5.6499525e-01
   3.1960427e-16
   5.1544929e-17
  -1.9318989e-01
  -7.4403491e-16
  -2.7496645e-01
   1.3958485e-16
   4.1567973e-01
   9.2798187e-16
   7.3996623e-01
   1.8015367e-16
   1.0814235e-01
   3.9741765e-16
   2.3576290e-01
  -4.3276618e-01
   2.6274497e-16
  -2.9603547e-01
  -1.2029155e-15
  -8.6283522e-02
  -7.4087368e-16
  -5.5515613e-01
   1.0540948e-15
  -3.0284670e-01
   4.7791546e-16
   4.5447645e-01
  -4.4534146e-16
   8.9014047e-16
   2.3882705e-01
  -5.9172657e-16
  -4.1567973e-01
  -5.7914423e-16
  -6.9871430e-01
  -1.4648763e-16
   1.2050389e-02
  -4.9460518e-17
   4.8021710e-02
   2.6806989e-16
   1.9868526e-01
   5.0742330e-01
   2.7402855e-16
   3.5481088e-02
   1.1350080e-15
   5.5515613e-01
  -2.9098560e-16
   2.1192648e-01
   5.2937031e-16
  -3.5572826e-01
   1.1906278e-15
   4.2738422e-01
  -5.2921422e-16
  -5.0235019e-16
   2.6835669e-01
  -1.7983107e-16
   7.3996623e-01
  -8.0111408e-16
  -1.2050389e-02
  -1.7316824e-16
   7.0754760e-02
   1.2841418e-16
   4.6315981e-01
   6.3271276e-16
  -4.2579429e-01
  -4.1584422e-03
  -1.2480574e-15
  -3.7164362e-01
   3.0542293e-16
  -3.0284670e-01
   2.4137209e-16
   3.5572826e-01
  -6.2895785e-16
  -4.5736644e-01
   1.4863100e-15
   2.6799142e-01
   2.5344743e-16
  -1.9490788e-16
  -7.1888036e-01
   1.2590948e-18
  -1.0814235e-01
   1.4425375e-16
   4.8021710e-02
  -1.0721080e-15
  -4.6315981e-01
   7.2499345e-16
   4.2295812e-01
  -1.1508069e-16
   2.7680084e-01
  -2.2759662e-01
   6.3367880e-18
   5.6499525e-01
   2.3936624e-16
  -4.5447645e-01
   3.2554777e-16
   4.2738422e-01
   4.2432917e-16
  -2.6799142e-01
   5.8320444e-16
   1.2131453e-01
   1.0000000e+00
  -7.4153119e-01
  -9.4882190e-01
  -8.1533467e-17
   4.7441095e-01
  -7.4153119e-01
   1.3765535e-16
  -6.3230573e-17
   5.1688482e-16
   1.0000000e+00
   3.2480275e-01
   1.2186381e+00
   8.1093880e-17
   5.5129625e-01
  -6.2204425e-17
  -6.0931905e-01
   9.9736998e-02
  -1.0746146e-16
   4.9750692e-01
   9.2756506e-17
   3.3367162e-16
  -2.7569750e-16
  -7.4153119e-01
  -4.5648716e-16
  -6.7091840e-01
   2.7564812e-01
  -4.9750692e-01
   2.6184390e-16
   7.7493425e-01
  -4.7429480e-16
   2.0213334e-18
   4.5759939e-16
   6.7091840e-01
  -9.1481824e-16
  -7.4153119e-01
   9.2935178e-02
  -1.0164246e+00
  -8.8231765e-17
  -9.1411210e-01
  -8.7706138e-17
  -3.3764795e-01
   1.5831406e-16
   5.0821232e-01
   5.1016836e-01
   9.8574480e-17
  -3.4455567e-01
  -5.5598093e-17
  -3.2318743e-01
   1.4309597e-16
  -2.6123073e-16
  -1.9617449e-16
   4.3733562e-01
   6.1464313e-16
   7.8662751e-01
   6.3117129e-16
   4.3583795e-01
  -4.5705605e-01
   3.4455567e-01
  -3.6940087e-16
  -2.4085137e-01
   2.1552838e-16
  -6.3676647e-01
   4.1087889e-16
   1.9577766e-16
  -6.7826312e-16
  -7.8662751e-01
   3.2986404e-16
   9.9736998e-02
   9.2196822e-16
   6.0931905e-01
   1.6882397e-01
  -3.2318743e-01
   7.3903909e-16
   6.3676647e-01
  -5.6238280e-16
  -6.5808455e-01
   5.8854885e-16
   7.0178242e-17
  -1.1790924e-16
   4.3583795e-01
  -4.6548080e-16
  -6.0931905e-01
   8.1794179e-16
   6.6240137e-01
  -3.6420214e-01
   4.7228318e-01
   4.6126675e-17
   1.0138740e+00
   2.6355530e-16
   6.6243391e-01
  -2.7887994e-16
   2.1190336e-01
   1.7940665e-16
  -2.3614159e-01
  -8.4512480e-01
  -6.7141933e-17
  -5.3092402e-02
   2.1510222e-16
   3.5712419e-01
  -1.6634631e-16
   2.0948000e-01
   3.0983340e-17
   1.4459105e-16
   3.8129136e-16
  -1.5740473e-01
  -4.2773409e-16
  -6.7581726e-01
  -8.5084933e-16
  -6.6233714e-01
  -9.7322193e-16
  -2.8249654e-01
   5.0693700e-01
   5.3092402e-02
   3.4014414e-16
  -9.1361715e-02
   2.8300378e-16
   5.1179022e-01
  -3.8373849e-16
   4.6144855e-01
  -1.0586245e-17
  -4.0811645e-16
   4.1189874e-16
   6.7581726e-01
   3.0512285e-16
   4.2672172e-01
  -4.5614705e-16
  -4.0768377e-01
  -8.7357452e-16
  -4.4155810e-01
  -3.3121696e-01
   3.5712419e-01
  -7.6567592e-16
  -5.1179022e-01
   6.4744698e-16
  -3.5243259e-02
  -2.2758288e-16
   6.2440503e-01
  -2.3432576e-16
  -2.4602936e-16
  -2.9379901e-16
  -6.6233714e-01
   6.0257992e-16
   4.0768377e-01
  -9.2575579e-17
   9.4885417e-03
  -7.6560783e-16
  -6.2850093e-01
   1.0595168e-01
  -2.0948000e-01
   4.5429721e-16
   4.6144855e-01
  -5.4689326e-16
  -6.2440503e-01
   8.8457299e-16
   5.7519580e-01
  -7.9531793e-16
  -1.2238205e-16
  -2.0031109e-16
   2.8249654e-01
  -5.5354006e-16
  -4.4155810e-01
   8.1601812e-16
   6.2850093e-01
  -1.2550531e-15
  -5.7463791e-01
   4.1177290e-01
   1.6017240e-01
  -3.5482181e-18
  -7.8553977e-01
  -4.7165930e-16
  -8.8190153e-01
   2.1627329e-16
  -4.7139885e-01
  -1.3468680e-16
  -1.3487418e-01
  -8.5823183e-18
  -8.0086199e-02
   7.9122466e-01
   1.4651411e-16
   4.7176897e-01
  -6.4243700e-17
  -1.6873207e-01
   8.9601223e-17
  -3.0262417e-01
   7.5901183e-17
  -1.3608113e-01
   4.0101773e-16
  -4.0276026e-17
  -7.0372824e-16
  -4.3587037e-02
   1.1769716e-16
   4.2753123e-01
   4.9348162e-16
   7.1996440e-01
   1.2032339e-15
   5.1311910e-01
   5.4864947e-16
   1.8351369e-01
  -3.9276988e-01
  -4.7176897e-01
  -2.5560638e-16
   1.3432930e-01
  -2.5148734e-16
  -2.3344248e-01
   9.6337183e-17
  -5.4190677e-01
   8.0740406e-17
  -3.2046057e-01
   4.1541386e-16
   4.1426946e-16
   3.2746896e-17
  -4.2753123e-01
  -5.1792968e-16
  -7.1014455e-01
  -3.7207597e-16
  -1.5593543e-02
   4.6513802e-16
   4.6758533e-01
   6.5490581e-16
   3.0664731e-01
   4.4095077e-01
  -1.6873207e-01
   1.0408477e-15
   2.3344248e-01
  -2.4039441e-16
   4.2138286e-01
  -9.7681747e-17
  -3.2218217e-01
   4.8271663e-16
  -4.9678373e-01
   6.9116760e-16
  -4.7086889e-17
   4.7301258e-16
   7.1996440e-01
  -4.3128558e-16
   1.5593543e-02
  -8.4689217e-16
  -3.3743489e-01
   2.8252062e-16
   3.4278758e-01
  -3.0752736e-16
   5.0004248e-01
  -2.3569943e-01
   3.0262417e-01
  -3.5892140e-16
  -5.4190677e-01
   6.6991177e-16
   3.2218217e-01
  -3.2227926e-16
   1.6592355e-01
  -7.2196604e-17
  -6.1017641e-01
   1.7140653e-15
   1.0229256e-17
   2.7364443e-17
  -5.1311910e-01
   7.4730598e-16
   4.6758533e-01
  -1.2218982e-15
  -3.4278758e-01
  -4.4836795e-17
  -1.7022352e-01
   4.0236638e-16
   6.0958460e-01
   6.7437088e-02
  -1.3608113e-01
   7.9570039e-16
   3.2046057e-01
  -6.2511938e-16
  -4.9678373e-01
   1.1223755e-15
   6.1017641e-01
  -1.3058456e-15
  -5.0058177e-01
   2.1728266e-15
  -5.1698733e-16
   3.5272436e-16
   1.8351369e-01
  -6.9660028e-16
  -3.0664731e-01
   7.0773479e-16
   5.0004248e-01
  -1.4348880e-15
  -6.0958460e-01
   8.9500103e-16
   5.0065386e-01
  -2.5629270e-01
  -6.1192662e-01
  -9.4830882e-17
   3.1136921e-01
   5.1350366e-16
   8.7445409e-01
  -2.2067831e-16
   7.1764732e-01
   4.3114389e-16
   3.3170695e-01
  -8.5021628e-16
   8.6637164e-02
   3.0596331e-01
  -4.0822532e-01
  -1.4692840e-16
  -7.0338320e-01
   1.2404516e-16
  -1.5912540e-01
   6.9498743e-17
   2.4948837e-01
   2.7750987e-17
   2.3654274e-01
  -7.7709861e-16
   8.8652411e-02
  -2.1360794e-16
   4.5920088e-16
   1.4073593e-01
   3.0409328e-17
  -1.4322252e-01
  -1.2191711e-16
  -6.0334250e-01
  -1.4251163e-15
  -6.6020181e-01
  -6.4116656e-16
  -3.8144350e-01
   6.0411755e-17
   1.5568461e-01
   7.0338320e-01
   1.0150413e-16
   6.1792790e-02
   4.5089024e-16
   1.2697638e-02
   6.5309890e-17
   4.2213824e-01
   2.5576184e-16
   4.7636707e-01
  -5.5871936e-16
   2.1833647e-01
  -3.1997178e-16
  -3.4451515e-16
   1.4322252e-01
   2.9507417e-16
   7.1311689e-01
   7.2400528e-16
   4.3587872e-01
  -1.5764701e-16
  -2.3962386e-01
  -3.0876616e-16
  -4.2413679e-01
   3.5939469e-16
  -4.3722704e-01
  -1.5912540e-01
  -8.1699105e-16
  -1.2697638e-02
   9.6812435e-18
  -4.9129784e-01
   2.7670740e-16
  -9.7818139e-02
  -9.9998444e-19
   4.5328196e-01
  -8.1914114e-16
   3.6847850e-01
   7.3450626e-17
  -3.5101358e-16
  -6.0334250e-01
  -2.8147621e-16
  -4.3587872e-01
   6.0430919e-16
   2.9588371e-01
  -1.2902812e-16
   3.3550187e-02
   6.7168152e-16
  -4.6877632e-01
   1.2579134e-16
   3.5882366e-01
  -2.4948837e-01
   5.9625467e-16
   4.2213824e-01
  -4.0335084e-16
   9.7818139e-02
   6.7570116e-17
  -4.1703605e-01
   1.3382612e-15
   2.0502127e-01
  -7.4805203e-16
   5.2585631e-01
  -1.9368968e-16
   3.4258112e-16
   6.6020181e-01
  -1.2411833e-15
  -2.3962386e-01
  -5.0064244e-17
  -3.3550187e-02
   3.3684638e-16
   4.3482497e-01
  -7.3676453e-16
  -2.0131293e-01
   3.1195956e-16
  -1.6585347e-01
   2.3654274e-01
  -1.0131964e-15
  -4.7636707e-01
   3.6786776e-16
   4.5328196e-01
  -1.1661246e-15
  -2.0502127e-01
   1.2934592e-15
  -2.7608738e-01
   9.5165322e-16
   5.8170843e-01
   3.3215276e-16
   5.4637264e-17
  -3.8144350e-01
   3.8643075e-16
   4.2413679e-01
  -6.8814294e-16
  -4.6877632e-01
   2.6102068e-17
   2.0131293e-01
  -5.2416962e-16
   2.7540611e-01
   1.2104934e-16
   4.3318582e-02
  -8.8652411e-02
   2.9821168e-16
   2.1833647e-01
   7.3584049e-17
  -3.6847850e-01
   3.4402221e-16
   5.2585631e-01
   1.6694766e-16
  -5.8170843e-01
   1.0301618e-15
   4.3592543e-01
   1.0000000e+00
  -9.4910791e-01
  -4.4540806e-01
  -6.5587316e-17
   2.2270403e-01
  -9.4910791e-01
   2.7564613e-16
  -3.6997937e-17
   5.1101451e-16
   1.0000000e+00
   8.5120874e-01
   7.3220771e-01
   8.7072573e-17
   1.2148755e-01
  -2.5817031e-16
  -3.6610385e-01
   8.0161166e-01
  -2.7168103e-16
   2.9892254e-01
  -2.4546268e-17
   1.4432254e-16
  -4.7446274e-16
  -9.4910791e-01
  -1.0243942e-16
  -3.1495106e-01
   6.0743776e-02
  -2.9892254e-01
   8.5476490e-17
   9.5040291e-01
  -6.0254090e-16
   7.6379195e-17
   3.9975308e-16
   3.1495106e-01
  -1.0022610e-15
  -9.4910791e-01
  -7.1374298e-01
  -9.5574364e-01
  -1.5028556e-16
  -2.5782936e-01
   2.7749645e-16
  -3.4928846e-02
   1.1325963e-16
   4.7787182e-01
  -5.9606052e-01
   2.8579940e-16
  -4.2388608e-01
  -1.5279674e-16
  -9.1156446e-02
   1.5759379e-16
  -2.0741149e-16
   3.0471272e-16
   8.7600729e-01
   2.2397055e-16
   4.7263804e-01
   2.4361257e-16
   9.6044343e-02
  -1.2891468e-01
   4.2388608e-01
  -2.7248693e-16
  -8.0788895e-01
   5.2677744e-16
  -3.6660338e-01
   2.4505254e-16
  -2.2614370e-17
  -5.7729607e-16
  -4.7263804e-01
   9.1884343e-16
   8.0161166e-01
   6.0952531e-16
   3.6610385e-01
   1.7464423e-02
  -9.1156446e-02
   3.8527513e-16
   3.6660338e-01
  -7.4468987e-16
  -9.2557142e-01
   1.2226313e-15
   3.9882566e-17
  -1.8991184e-16
   9.6044343e-02
  -2.0019458e-16
  -3.6610385e-01
   9.4232248e-16
   9.2560437e-01
   5.4707689e-01
   1.1047635e+00
   1.8807971e-16
   4.1606770e-01
  -2.3227089e-16
   8.7709947e-02
  -2.3122455e-16
   1.0290378e-02
   3.7786336e-16
  -5.5238177e-01
   3.4971865e-01
  -2.1840804e-16
   4.8734366e-01
   1.2089497e-16
   1.7079950e-01
  -2.4982992e-16
   2.7736320e-02
   2.6003968e-17
   3.0526065e-16
  -2.3922808e-16
  -7.8435246e-01
  -3.0361765e-16
  -5.9079380e-01
  -2.8248382e-16
  -1.8681512e-01
  -6.7729471e-16
  -2.9223569e-02
   2.0803385e-01
  -4.8734366e-01
   3.5440959e-16
   6.3766151e-01
  -3.0129395e-16
   5.0376023e-01
  -3.9303570e-16
   1.2471335e-01
   1.9288518e-16
  -9.6512495e-17
   5.4555007e-16
   5.9079380e-01
  -7.1382032e-16
  -6.1959701e-01
  -6.2242256e-16
  -5.0154877e-01
  -6.2042841e-16
  -1.2454341e-01
  -4.3854973e-02
   1.7079950e-01
  -3.8148548e-16
  -5.0376023e-01
   1.1232279e-15
   7.3705551e-01
  -1.1231646e-15
   4.1225697e-01
   1.2444047e-16
  -1.1751346e-16
   1.0037157e-16
  -1.8681512e-01
   4.2487348e-16
   5.0154877e-01
  -7.8966178e-16
  -7.3727947e-01
  -8.0148883e-16
  -4.1227165e-01
   5.1451891e-03
  -2.7736320e-02
  -6.1403522e-17
   1.2471335e-01
  -6.1052226e-17
  -4.1225697e-01
   7.9817315e-16
   9.0203576e-01
  -1.3435821e-15
  -2.6674912e-16
  -1.5933517e-16
   2.9223569e-02
  -2.2626300e-16
  -1.2454341e-01
   1.3879217e-16
   4.1227165e-01
  -1.9232346e-15
  -9.0203493e-01
  -3.6362862e-01
  -1.1707090e+00
  -1.2478096e-16
  -5.8065407e-01
   5.3992000e-17
  -1.6420070e-01
   1.8833349e-16
  -2.9300038e-02
  -5.7061730e-16
  -3.0746499e-03
  -6.8595669e-16
   5.8535449e-01
  -8.3146056e-02
   2.4864874e-16
  -4.9207337e-01
  -1.0715477e-16
  -2.4832854e-01
   2.3537104e-16
  -6.2707083e-02
   2.0730341e-16
  -8.4581924e-03
  -1.0800988e-16
  -2.1166667e-16
   2.7046476e-17
   6.7864905e-01
   4.3574283e-16
   6.7319947e-01
   2.2437997e-16
   2.8555683e-01
   8.2427290e-16
   6.7939833e-02
  -6.8639012e-17
   8.9117289e-03
  -2.9032703e-01
   4.9207337e-01
  -3.5024013e-16
  -4.5427257e-01
   1.9716206e-16
  -5.7525777e-01
   5.1166078e-16
  -2.2437946e-01
  -2.1808474e-16
  -4.0657215e-02
   3.1682227e-16
   1.1711923e-16
  -6.7153291e-16
  -6.7319947e-01
   5.7355188e-16
   4.1427479e-01
   6.4250861e-16
   5.6878855e-01
   7.2748254e-16
   2.2362904e-01
   8.1104165e-16
   4.0601816e-02
   8.2100350e-02
  -2.4832854e-01
   5.0997658e-16
   5.7525777e-01
  -1.1586799e-15
  -5.2817973e-01
   8.5925030e-16
  -5.3967512e-01
   1.2688103e-16
  -1.5397221e-01
   2.2595748e-16
   9.7185561e-17
  -1.8833776e-17
   2.8555683e-01
  -5.7603603e-16
  -5.6878855e-01
   3.2087653e-16
   5.2904299e-01
   6.9913165e-16
   5.3976038e-01
  -1.9560281e-16
   1.5397769e-01
  -1.4650019e-02
   6.2707083e-02
   2.5241033e-16
  -2.2437946e-01
   4.0214641e-16
   5.3967512e-01
  -7.4683012e-16
  -6.7250670e-01
   1.1201064e-15
  -4.4919699e-01
   1.4362893e-15
   1.0720605e-16
  -6.2825960e-17
  -6.7939833e-02
   1.9095671e-16
   2.2362904e-01
  -1.0423644e-15
  -5.3976038e-01
   1.4926239e-15
   6.7249937e-01
  -1.1807040e-16
   4.4919657e-01
   1.5373249e-03
  -8.4581924e-03
   7.1223331e-16
   4.0657215e-02
   2.1092101e-16
  -1.5397221e-01
   7.8781192e-16
   4.4919699e-01
  -5.2907159e-16
  -8.7908210e-01
   3.1956419e-15
  -5.3055224e-17
   2.2303043e-16
   8.9117289e-03
  -2.4864901e-16
  -4.0601816e-02
  -3.1934001e-16
   1.5397769e-01
  -1.4188835e-15
  -4.4919657e-01
   1.3225911e-15
   8.7908213e-01
   1.7682773e-01
   1.1511350e+00
   2.3276760e-16
   7.3459120e-01
  -4.6400747e-17
   2.6239535e-01
  -2.9567627e-16
   6.1497849e-02
   5.4064886e-16
   9.6784899e-03
   5.6778594e-16
   9.2713817e-04
  -5.7556751e-01
  -1.8161608e-01
  -1.8892304e-16
   4.4023093e-01
   4.0297285e-17
   3.1406206e-01
  -3.1241788e-16
   1.0737988e-01
  -2.4032712e-17
   2.2006650e-02
  -1.9281719e-16
   2.5866852e-03
   2.7465438e-16
   7.3197899e-17
  -5.6397331e-01
  -3.7202242e-16
  -7.1979362e-01
  -2.4042215e-16
  -3.8566450e-01
  -9.2002154e-16
  -1.2051808e-01
   2.1872045e-16
  -2.3708817e-02
  -4.6057327e-16
   3.6729560e-01
  -4.4023093e-01
   5.1551655e-16
   2.7317047e-01
  -5.5877081e-17
   5.9352125e-01
  -5.6515458e-16
   3.1868170e-01
   2.6085490e-16
   8.8135769e-02
  -7.6025285e-16
   1.3003572e-02
  -2.1380227e-16
   6.5503117e-16
   7.1979362e-01
  -4.5909052e-16
  -1.9809983e-01
  -4.5742050e-16
  -5.7848447e-01
  -8.3888301e-16
  -3.1641233e-01
  -8.7835727e-16
  -8.7885844e-02
   2.8239252e-17
  -1.3119767e-01
   3.1406206e-01
  -4.7545761e-16
  -5.9352125e-01
   1.2325193e-15
   3.1330569e-01
  -8.1568885e-16
   5.8609773e-01
  -1.2385171e-16
   2.6481437e-01
  -3.1464712e-16
   5.3611816e-02
  -1.6099237e-16
  -1.4377024e-16
  -3.8566450e-01
   5.9265266e-16
   5.7848447e-01
   6.0992114e-17
  -3.1578230e-01
  -9.5216622e-16
  -5.8641534e-01
   3.5439618e-16
  -2.6484480e-01
   1.9737875e-17
   3.0748925e-02
  -1.0737988e-01
  -2.2302959e-17
   3.1868170e-01
  -9.8147536e-17
  -5.8609773e-01
   8.6874227e-16
   4.3563052e-01
  -6.3868957e-16
   5.6454492e-01
  -1.7938284e-15
   1.8172802e-01
  -2.1930918e-16
   1.1245770e-16
   1.2051808e-01
  -7.9214551e-16
  -3.1641233e-01
   1.1297607e-15
   5.8641534e-01
  -1.0286522e-15
  -4.3559510e-01
  -1.1925243e-16
  -5.6454192e-01
  -9.1432802e-17
  -4.8392450e-03
   2.2006650e-02
  -5.4426517e-16
  -8.8135769e-02
   1.2639623e-16
   2.6481437e-01
  -8.4163136e-16
  -5.6454492e-01
   1.7641498e-15
   6.1065206e-01
  -2.1297904e-15
   4.7954917e-01
  -4.0775932e-17
   3.5008213e-17
  -2.3708817e-02
  -1.9279167e-16
   8.7885844e-02
  -2.0267325e-16
  -2.6484480e-01
   8.5583147e-16
   5.6454192e-01
  -1.5586347e-15
  -6.1065228e-01
   1.2512747e-16
   4.6356908e-04
  -2.5866852e-03
   1.0661320e-16
   1.3003572e-02
   5.0852928e-16
  -5.3611816e-02
   1.5919659e-16
   1.8172802e-01
   2.7939984e-16
  -4.7954917e-01
   8.6262823e-16
   8.5671295e-01
