   1.7715449e-01
   1.7715449e-01
   1.7715449e-01
   1.7715449e-01
   1.7715449e-01
   1.7715449e-01
   1.7715449e-01
   1.7715449e-01
   1.7715449e-01
   1.7715449e-01
   1.7715449e-01
   1.7715449e-01
   1.7715449e-01
   1.7715449e-01
   1.7715449e-01
   1.7715449e-01
   1.7715449e-01
   1.7715449e-01
   1.7715449e-01
   1.7715449e-01
   1.7715449e-01
   1.7715449e-01
   1.7715449e-01
   1.7715449e-01
   3.9750871e-01
   3.9750871e-01
   3.9750871e-01
   3.9750871e-01
   3.9750871e-01
   3.9750871e-01
   3.9750871e-01
   3.9750871e-01
   3.9750871e-01
   3.9750871e-01
   3.9750871e-01
   3.9750871e-01
   3.9750871e-01
   3.9750871e-01
   3.9750871e-01
   3.9750871e-01
   3.9750871e-01
   3.9750871e-01
   3.9750871e-01
   3.9750871e-01
   3.9750871e-01
   3.9750871e-01
   3.9750871e-01
   3.9750871e-01
   5.9789009e-01
   5.9789009e-01
   5.9789009e-01
   5.9789009e-01
   5.9789009e-01
   5.9789009e-01
   5.9789009e-01
   5.9789009e-01
   5.9789009e-01
   5.9789009e-01
   5.9789009e-01
   5.9789009e-01
   5.9789009e-01
   5.9789009e-01
   5.9789009e-01
   5.9789009e-01
   5.9789009e-01
   5.9789009e-01
   5.9789009e-01
   5.9789009e-01
   5.9789009e-01
   5.9789009e-01
   5.9789009e-01
   5.9789009e-01
   7.6641198e-01
   7.6641198e-01
   7.6641198e-01
   7.6641198e-01
   7.6641198e-01
   7.6641198e-01
   7.6641198e-01
   7.6641198e-01
   7.6641198e-01
   7.6641198e-01
   7.6641198e-01
   7.6641198e-01
   7.6641198e-01
   7.6641198e-01
   7.6641198e-01
   7.6641198e-01
   7.6641198e-01
   7.6641198e-01
   7.6641198e-01
   7.6641198e-01
   7.6641198e-01
   7.6641198e-01
   7.6641198e-01
   7.6641198e-01
   8.9378647e-01
   8.9378647e-01
   8.9378647e-01
   8.9378647e-01
   8.9378647e-01
   8.9378647e-01
   8.9378647e-01
   8.9378647e-01
   8.9378647e-01
   8.9378647e-01
   8.9378647e-01
   8.9378647e-01
   8.9378647e-01
   8.9378647e-01
   8.9378647e-01
   8.9378647e-01
   8.9378647e-01
   8.9378647e-01
   8.9378647e-01
   8.9378647e-01
   8.9378647e-01
   8.9378647e-01
   8.9378647e-01
   8.9378647e-01
   9.7308220e-01
   9.7308220e-01
   9.7308220e-01
   9.7308220e-01
   9.7308220e-01
   9.7308220e-01
   9.7308220e-01
   9.7308220e-01
   9.7308220e-01
   9.7308220e-01
   9.7308220e-01
   9.7308220e-01
   9.7308220e-01
   9.7308220e-01
   9.7308220e-01
   9.7308220e-01
   9.7308220e-01
   9.7308220e-01
   9.7308220e-01
   9.7308220e-01
   9.7308220e-01
   9.7308220e-01
   9.7308220e-01
   9.7308220e-01
   1.0000000e+00
   1.0000000e+00
   1.0000000e+00
   1.0000000e+00
   1.0000000e+00
   1.0000000e+00
   1.0000000e+00
   1.0000000e+00
   1.0000000e+00
   1.0000000e+00
   1.0000000e+00
   1.0000000e+00
   1.0000000e+00
   1.0000000e+00
   1.0000000e+00
   1.0000000e+00
   1.0000000e+00
   1.0000000e+00
   1.0000000e+00
   1.0000000e+00
   1.0000000e+00
   1.0000000e+00
   1.0000000e+00
   1.0000000e+00
   9.7308220e-01
   9.7308220e-01
   9.7308220e-01
   9.7308220e-01
   9.7308220e-01
   9.7308220e-01
   9.7308220e-01
   9.7308220e-01
   9.7308220e-01
   9.7308220e-01
   9.7308220e-01
   9.7308220e-01
   9.7308220e-01
   9.7308220e-01
   9.7308220e-01
   9.7308220e-01
   9.7308220e-01
   9.7308220e-01
   9.7308220e-01
   9.7308220e-01
   9.7308220e-01
   9.7308220e-01
   9.7308220e-01
   9.7308220e-01
   8.9378647e-01
   8.9378647e-01
   8.9378647e-01
   8.9378647e-01
   8.9378647e-01
   8.9378647e-01
   8.9378647e-01
   8.9378647e-01
   8.9378647e-01
   8.9378647e-01
   8.9378647e-01
   8.9378647e-01
   8.9378647e-01
   8.9378647e-01
   8.9378647e-01
   8.9378647e-01
   8.9378647e-01
   8.9378647e-01
   8.9378647e-01
   8.9378647e-01
   8.9378647e-01
   8.9378647e-01
   8.9378647e-01
   8.9378647e-01
   7.6641198e-01
   7.6641198e-01
   7.6641198e-01
   7.6641198e-01
   7.6641198e-01
   7.6641198e-01
   7.6641198e-01
   7.6641198e-01
   7.6641198e-01
   7.6641198e-01
   7.6641198e-01
   7.6641198e-01
   7.6641198e-01
   7.6641198e-01
   7.6641198e-01
   7.6641198e-01
   7.6641198e-01
   7.6641198e-01
   7.6641198e-01
   7.6641198e-01
   7.6641198e-01
   7.6641198e-01
   7.6641198e-01
   7.6641198e-01
   5.9789009e-01
   5.9789009e-01
   5.9789009e-01
   5.9789009e-01
   5.9789009e-01
   5.9789009e-01
   5.9789009e-01
   5.9789009e-01
   5.9789009e-01
   5.9789009e-01
   5.9789009e-01
   5.9789009e-01
   5.9789009e-01
   5.9789009e-01
   5.9789009e-01
   5.9789009e-01
   5.9789009e-01
   5.9789009e-01
   5.9789009e-01
   5.9789009e-01
   5.9789009e-01
   5.9789009e-01
   5.9789009e-01
   5.9789009e-01
   3.9750871e-01
   3.9750871e-01
   3.9750871e-01
   3.9750871e-01
   3.9750871e-01
   3.9750871e-01
   3.9750871e-01
   3.9750871e-01
   3.9750871e-01
   3.9750871e-01
   3.9750871e-01
   3.9750871e-01
   3.9750871e-01
   3.9750871e-01
   3.9750871e-01
   3.9750871e-01
   3.9750871e-01
   3.9750871e-01
   3.9750871e-01
   3.9750871e-01
   3.9750871e-01
   3.9750871e-01
   3.9750871e-01
   3.9750871e-01
   1.7715449e-01
   1.7715449e-01
   1.7715449e-01
   1.7715449e-01
   1.7715449e-01
   1.7715449e-01
   1.7715449e-01
   1.7715449e-01
   1.7715449e-01
   1.7715449e-01
   1.7715449e-01
   1.7715449e-01
   1.7715449e-01
   1.7715449e-01
   1.7715449e-01
   1.7715449e-01
   1.7715449e-01
   1.7715449e-01
   1.7715449e-01
   1.7715449e-01
   1.7715449e-01
   1.7715449e-01
   1.7715449e-01
   1.7715449e-01
