   3.1495106084655561e-01
   3.1495106084655561e-01
   3.1495106084655561e-01
   3.1495106084655561e-01
   3.1495106084655561e-01
   3.1495106084655561e-01
   3.1495106084655561e-01
   3.1495106084655561e-01
   3.1495106084655561e-01
   3.1495106084655561e-01
   3.1495106084655561e-01
   3.1495106084655561e-01
   6.7091840098744993e-01
   6.7091840098744993e-01
   6.7091840098744993e-01
   6.7091840098744993e-01
   6.7091840098744993e-01
   6.7091840098744993e-01
   6.7091840098744993e-01
   6.7091840098744993e-01
   6.7091840098744993e-01
   6.7091840098744993e-01
   6.7091840098744993e-01
   6.7091840098744993e-01
   9.1394185433399289e-01
   9.1394185433399289e-01
   9.1394185433399289e-01
   9.1394185433399289e-01
   9.1394185433399289e-01
   9.1394185433399289e-01
   9.1394185433399289e-01
   9.1394185433399289e-01
   9.1394185433399289e-01
   9.1394185433399289e-01
   9.1394185433399289e-01
   9.1394185433399289e-01
   1.0000000000000000e+00
   1.0000000000000000e+00
   1.0000000000000000e+00
   1.0000000000000000e+00
   1.0000000000000000e+00
   1.0000000000000000e+00
   1.0000000000000000e+00
   1.0000000000000000e+00
   1.0000000000000000e+00
   1.0000000000000000e+00
   1.0000000000000000e+00
   1.0000000000000000e+00
   9.1394185433399300e-01
   9.1394185433399300e-01
   9.1394185433399300e-01
   9.1394185433399300e-01
   9.1394185433399300e-01
   9.1394185433399300e-01
   9.1394185433399300e-01
   9.1394185433399300e-01
   9.1394185433399300e-01
   9.1394185433399300e-01
   9.1394185433399300e-01
   9.1394185433399300e-01
   6.7091840098744959e-01
   6.7091840098744959e-01
   6.7091840098744959e-01
   6.7091840098744959e-01
   6.7091840098744959e-01
   6.7091840098744959e-01
   6.7091840098744959e-01
   6.7091840098744959e-01
   6.7091840098744959e-01
   6.7091840098744959e-01
   6.7091840098744959e-01
   6.7091840098744959e-01
   3.1495106084655544e-01
   3.1495106084655544e-01
   3.1495106084655544e-01
   3.1495106084655544e-01
   3.1495106084655544e-01
   3.1495106084655544e-01
   3.1495106084655544e-01
   3.1495106084655544e-01
   3.1495106084655544e-01
   3.1495106084655544e-01
   3.1495106084655544e-01
   3.1495106084655544e-01
