   3.1495106e-01
   3.1495106e-01
   3.1495106e-01
   3.1495106e-01
   3.1495106e-01
   3.1495106e-01
   3.1495106e-01
   3.1495106e-01
   3.1495106e-01
   3.1495106e-01
   3.1495106e-01
   3.1495106e-01
   6.7091840e-01
   6.7091840e-01
   6.7091840e-01
   6.7091840e-01
   6.7091840e-01
   6.7091840e-01
   6.7091840e-01
   6.7091840e-01
   6.7091840e-01
   6.7091840e-01
   6.7091840e-01
   6.7091840e-01
   9.1394185e-01
   9.1394185e-01
   9.1394185e-01
   9.1394185e-01
   9.1394185e-01
   9.1394185e-01
   9.1394185e-01
   9.1394185e-01
   9.1394185e-01
   9.1394185e-01
   9.1394185e-01
   9.1394185e-01
   1.0000000e+00
   1.0000000e+00
   1.0000000e+00
   1.0000000e+00
   1.0000000e+00
   1.0000000e+00
   1.0000000e+00
   1.0000000e+00
   1.0000000e+00
   1.0000000e+00
   1.0000000e+00
   1.0000000e+00
   9.1394185e-01
   9.1394185e-01
   9.1394185e-01
   9.1394185e-01
   9.1394185e-01
   9.1394185e-01
   9.1394185e-01
   9.1394185e-01
   9.1394185e-01
   9.1394185e-01
   9.1394185e-01
   9.1394185e-01
   6.7091840e-01
   6.7091840e-01
   6.7091840e-01
   6.7091840e-01
   6.7091840e-01
   6.7091840e-01
   6.7091840e-01
   6.7091840e-01
   6.7091840e-01
   6.7091840e-01
   6.7091840e-01
   6.7091840e-01
   3.1495106e-01
   3.1495106e-01
   3.1495106e-01
   3.1495106e-01
   3.1495106e-01
   3.1495106e-01
   3.1495106e-01
   3.1495106e-01
   3.1495106e-01
   3.1495106e-01
   3.1495106e-01
   3.1495106e-01
