  -0.0000000e+00
  -0.0000000e+00
  -0.0000000e+00
  -0.0000000e+00
  -0.0000000e+00
  -0.0000000e+00
  -0.0000000e+00
  -0.0000000e+00
  -0.0000000e+00
  -0.0000000e+00
  -0.0000000e+00
  -0.0000000e+00
  -0.0000000e+00
  -2.1696906e-01
  -4.8684676e-01
  -7.3226283e-01
  -9.3865914e-01
  -1.0946604e+00
  -1.1917774e+00
  -1.2247449e+00
  -1.1917774e+00
  -1.0946604e+00
  -9.3865914e-01
  -7.3226283e-01
  -4.8684676e-01
  -2.1696906e-01
   8.2702629e-01
   1.7301771e+00
   2.2733089e+00
   2.3352040e+00
   1.9014305e+00
   1.0637343e+00
   7.6279955e-16
  -1.0637343e+00
  -1.9014305e+00
  -2.3352040e+00
  -2.2733089e+00
  -1.7301771e+00
  -8.2702629e-01
  -1.9105440e+00
  -3.5807010e+00
  -3.7124178e+00
  -2.2863711e+00
  -1.4368720e-02
   2.0055523e+00
   2.8062430e+00
   2.0055523e+00
  -1.4368720e-02
  -2.2863711e+00
  -3.7124178e+00
  -3.5807010e+00
  -1.9105440e+00
   3.4954428e+00
   5.5979659e+00
   3.8065890e+00
  -2.9166000e-01
  -3.3843324e+00
  -3.1257220e+00
  -2.5585075e-15
   3.1257220e+00
   3.3843324e+00
   2.9166000e-01
  -3.8065890e+00
  -5.5979659e+00
  -3.4954428e+00
  -5.5635368e+00
  -7.1665338e+00
  -1.7727565e+00
   4.0486686e+00
   3.7981158e+00
  -1.3507714e+00
  -4.3972648e+00
  -1.3507714e+00
   3.7981158e+00
   4.0486686e+00
  -1.7727565e+00
  -7.1665338e+00
  -5.5635368e+00
   8.0543846e+00
   7.6540031e+00
  -2.0913963e+00
  -5.7992351e+00
   8.0694782e-01
   5.2524933e+00
   5.3811508e-15
  -5.2524933e+00
  -8.0694782e-01
   5.7992351e+00
   2.0913963e+00
  -7.6540031e+00
  -8.0543846e+00
  -1.0869449e+01
  -6.5823502e+00
   6.3168052e+00
   3.1539821e+00
  -6.0167512e+00
  -9.7698594e-01
   5.9907155e+00
  -9.7698594e-01
  -6.0167512e+00
   3.1539821e+00
   6.3168052e+00
  -6.5823502e+00
  -1.0869449e+01
   1.3877356e+01
   3.7755475e+00
  -8.8176272e+00
   2.9573532e+00
   5.1012655e+00
  -6.3508882e+00
  -9.2303720e-15
   6.3508882e+00
  -5.1012655e+00
  -2.9573532e+00
   8.8176272e+00
  -3.7755475e+00
  -1.3877356e+01
  -1.6920415e+01
   5.5127149e-01
   7.8804812e+00
  -8.2610211e+00
   2.4783027e+00
   4.5250544e+00
  -7.5851188e+00
   4.5250544e+00
   2.4783027e+00
  -8.2610211e+00
   7.8804812e+00
   5.5127149e-01
  -1.6920415e+01
   1.9822327e+01
  -5.7852363e+00
  -3.1306616e+00
   8.1252601e+00
  -8.7666230e+00
   5.5283928e+00
   1.4106104e-14
  -5.5283928e+00
   8.7666230e+00
  -8.1252601e+00
   3.1306616e+00
   5.7852363e+00
  -1.9822327e+01
  -2.2396842e+01
   1.0999497e+01
  -4.0223286e+00
  -1.4724847e+00
   5.6415482e+00
  -8.2765504e+00
   9.1799896e+00
  -8.2765504e+00
   5.6415482e+00
  -1.4724847e+00
  -4.0223286e+00
   1.0999497e+01
  -2.2396842e+01
   2.4457055e+01
  -1.5116183e+01
   1.0754894e+01
  -7.6094501e+00
   4.9191027e+00
  -2.4223464e+00
  -2.0008328e-14
   2.4223464e+00
  -4.9191027e+00
   7.6094501e+00
  -1.0754894e+01
   1.5116183e+01
  -2.4457055e+01
   8.5232753e-01
   7.9466352e-01
   6.9418699e-01
   5.5629085e-01
   3.8840612e-01
   1.9958276e-01
   1.3926751e-16
  -1.9958276e-01
  -3.8840612e-01
  -5.5629085e-01
  -6.9418699e-01
  -7.9466352e-01
  -8.5232753e-01
  -1.8149431e+00
  -1.3245093e+00
  -5.5200638e-01
   3.3844966e-01
   1.1574575e+00
   1.7307935e+00
   1.9364917e+00
   1.7307935e+00
   1.1574575e+00
   3.3844966e-01
  -5.5200638e-01
  -1.3245093e+00
  -1.8149431e+00
   2.8137938e+00
   1.2114967e+00
  -8.8447551e-01
  -2.5033648e+00
  -2.9003211e+00
  -1.9048868e+00
  -1.4330011e-15
   1.9048868e+00
   2.9003211e+00
   2.5033648e+00
   8.8447551e-01
  -1.2114967e+00
  -2.8137938e+00
  -3.6968416e+00
  -1.3842054e-01
   3.3069660e+00
   4.0005549e+00
   1.5393170e+00
  -1.9507110e+00
  -3.5575624e+00
  -1.9507110e+00
   1.5393170e+00
   4.0005549e+00
   3.3069660e+00
  -1.3842054e-01
  -3.6968416e+00
   4.3197812e+00
  -1.9532509e+00
  -5.5408445e+00
  -2.6367656e+00
   2.8458931e+00
   4.1821861e+00
   3.7440286e-15
  -4.1821861e+00
  -2.8458931e+00
   2.6367656e+00
   5.5408445e+00
   1.9532509e+00
  -4.3197812e+00
  -4.5506075e+00
   4.8118685e+00
   6.0774775e+00
  -1.7030198e+00
  -5.3646814e+00
   4.7828712e-01
   5.1633474e+00
   4.7828712e-01
  -5.3646814e+00
  -1.7030198e+00
   6.0774775e+00
   4.8118685e+00
  -4.5506075e+00
   4.2757086e+00
  -7.8980074e+00
  -3.9049952e+00
   6.2164666e+00
   1.7873818e+00
  -5.9820512e+00
  -7.0805426e-15
   5.9820512e+00
  -1.7873818e+00
  -6.2164666e+00
   3.9049952e+00
   7.8980074e+00
  -4.2757086e+00
  -3.4061576e+00
   1.0480822e+01
  -7.8423640e-01
  -6.9836565e+00
   5.1878545e+00
   2.5517699e+00
  -6.7644702e+00
   2.5517699e+00
   5.1878545e+00
  -6.9836565e+00
  -7.8423640e-01
   1.0480822e+01
  -3.4061576e+00
   1.8833902e+00
  -1.1791592e+01
   6.4116708e+00
   2.2684313e+00
  -7.5400351e+00
   6.2563524e+00
   1.1443274e-14
  -6.2563524e+00
   7.5400351e+00
  -2.2684313e+00
  -6.4116708e+00
   1.1791592e+01
  -1.8833902e+00
   3.1622667e-01
   1.1203858e+01
  -1.0531295e+01
   5.3919720e+00
   1.1368997e+00
  -6.3758500e+00
   8.3635677e+00
  -6.3758500e+00
   1.1368997e+00
   5.3919720e+00
  -1.0531295e+01
   1.1203858e+01
   3.1622667e-01
  -3.1782706e+00
  -8.4017053e+00
   1.0886588e+01
  -1.0406815e+01
   8.0109397e+00
  -4.3333770e+00
  -1.6832386e-14
   4.3333770e+00
  -8.0109397e+00
   1.0406815e+01
  -1.0886588e+01
   8.4017053e+00
   3.1782706e+00
   6.6488126e+00
   3.4977740e+00
  -6.5528386e+00
   8.2123243e+00
  -9.2209048e+00
   9.7808729e+00
  -9.9616053e+00
   9.7808729e+00
  -9.2209048e+00
   8.2123243e+00
  -6.5528386e+00
   3.4977740e+00
   6.6488126e+00
  -3.3763207e-01
  -7.0634184e-01
  -9.2807448e-01
  -9.5334304e-01
  -7.7625576e-01
  -4.3426772e-01
  -3.1141161e-16
   4.3426772e-01
   7.7625576e-01
   9.5334304e-01
   9.2807448e-01
   7.0634184e-01
   3.3763207e-01
   8.6491870e-01
   1.5539055e+00
   1.4207199e+00
   4.6695844e-01
  -9.0798852e-01
  -2.0955987e+00
  -2.5617377e+00
  -2.0955987e+00
  -9.0798852e-01
   4.6695844e-01
   1.4207199e+00
   1.5539055e+00
   8.6491870e-01
  -1.6259162e+00
  -2.3170446e+00
  -8.0002611e-01
   1.8357006e+00
   3.4849542e+00
   2.7290539e+00
   2.1575229e-15
  -2.7290539e+00
  -3.4849542e+00
  -1.8357006e+00
   8.0002611e-01
   2.3170446e+00
   1.6259162e+00
   2.5963041e+00
   2.5841639e+00
  -1.3149405e+00
  -4.5504094e+00
  -3.0635866e+00
   1.6741076e+00
   4.2481614e+00
   1.6741076e+00
  -3.0635866e+00
  -4.5504094e+00
  -1.3149405e+00
   2.5841639e+00
   2.5963041e+00
  -3.7249655e+00
  -1.9669097e+00
   4.4341729e+00
   5.0093320e+00
  -1.6288527e+00
  -5.0757125e+00
  -4.9888921e-15
   5.0757125e+00
   1.6288527e+00
  -5.0093320e+00
  -4.4341729e+00
   1.9669097e+00
   3.7249655e+00
   4.9375721e+00
   2.2608930e-01
  -7.2149203e+00
  -1.5985400e+00
   6.0973358e+00
   5.7179782e-01
  -5.8827658e+00
   5.7179782e-01
   6.0973358e+00
  -1.5985400e+00
  -7.2149203e+00
   2.2608930e-01
   4.9375721e+00
  -6.1405494e+00
   2.6274174e+00
   7.9964692e+00
  -4.2566429e+00
  -4.3714434e+00
   6.3964908e+00
   8.8412332e-15
  -6.3964908e+00
   4.3714434e+00
   4.2566429e+00
  -7.9964692e+00
  -2.6274174e+00
   6.1405494e+00
   7.2259582e+00
  -6.2822906e+00
  -5.6414342e+00
   8.4436473e+00
  -3.2432348e+00
  -4.1528873e+00
   7.5003662e+00
  -4.1528873e+00
  -3.2432348e+00
   8.4436473e+00
  -5.6414342e+00
  -6.2822906e+00
   7.2259582e+00
  -8.0772325e+00
   1.0144018e+01
   2.8159910e-01
  -7.0766132e+00
   8.7558467e+00
  -5.7628165e+00
  -1.3718440e-14
   5.7628165e+00
  -8.7558467e+00
   7.0766132e+00
  -2.8159910e-01
  -1.0144018e+01
   8.0772325e+00
   8.5755753e+00
  -1.3422967e+01
   6.4415624e+00
  -8.4483083e-02
  -4.8718378e+00
   8.0264994e+00
  -9.1101788e+00
   8.0264994e+00
  -4.8718378e+00
  -8.4483083e-02
   6.4415624e+00
  -1.3422967e+01
   8.5755753e+00
  -8.6067527e+00
   1.5280893e+01
  -1.1852163e+01
   8.6008303e+00
  -5.6171873e+00
   2.7783429e+00
   1.9621478e-14
  -2.7783429e+00
   5.6171873e+00
  -8.6008303e+00
   1.1852163e+01
  -1.5280893e+01
   8.6067527e+00
   9.6908198e-02
   4.5491079e-01
   8.9901894e-01
   1.1837940e+00
   1.1240956e+00
   6.8465491e-01
   5.0454448e-16
  -6.8465491e-01
  -1.1240956e+00
  -1.1837940e+00
  -8.9901894e-01
  -4.5491079e-01
  -9.6908198e-02
  -2.8303600e-01
  -1.1739393e+00
  -1.7609743e+00
  -1.1987241e+00
   4.8979032e-01
   2.3397029e+00
   3.1374751e+00
   2.3397029e+00
   4.8979032e-01
  -1.1987241e+00
  -1.7609743e+00
  -1.1739393e+00
  -2.8303600e-01
   6.0499009e-01
   2.1235170e+00
   1.9663708e+00
  -7.9585057e-01
  -3.7121851e+00
  -3.5215453e+00
  -2.9284233e-15
   3.5215453e+00
   3.7121851e+00
   7.9585057e-01
  -1.9663708e+00
  -2.1235170e+00
  -6.0499009e-01
  -1.0932530e+00
  -3.0704291e+00
  -7.7851381e-01
   4.1539027e+00
   4.4103481e+00
  -1.2309459e+00
  -4.8983814e+00
  -1.2309459e+00
   4.4103481e+00
   4.1539027e+00
  -7.7851381e-01
  -3.0704291e+00
  -1.0932530e+00
   1.7684775e+00
   3.6661848e+00
  -2.0108379e+00
  -6.3572406e+00
   6.6178677e-03
   5.8044939e+00
   6.2880152e-15
  -5.8044939e+00
  -6.6178677e-03
   6.3572406e+00
   2.0108379e+00
  -3.6661848e+00
  -1.7684775e+00
  -2.6384625e+00
  -3.5216103e+00
   5.7276956e+00
   4.7651939e+00
  -6.0183812e+00
  -1.7344972e+00
   6.5683568e+00
  -1.7344972e+00
  -6.0183812e+00
   4.7651939e+00
   5.7276956e+00
  -3.5216103e+00
  -2.6384625e+00
   3.6956426e+00
   2.3076110e+00
  -8.8840643e+00
   8.8863611e-01
   6.5757196e+00
  -6.5198853e+00
  -1.0659750e-14
   6.5198853e+00
  -6.5757196e+00
  -8.8863611e-01
   8.8840643e+00
  -2.3076110e+00
  -3.6956426e+00
  -4.9153786e+00
   1.3928141e-01
   9.7258255e+00
  -7.4328677e+00
   5.9864957e-01
   5.7128139e+00
  -8.2072255e+00
   5.7128139e+00
   5.9864957e-01
  -7.4328677e+00
   9.7258255e+00
   1.3928141e-01
  -4.9153786e+00
   6.2551875e+00
  -3.7321791e+00
  -7.0698184e+00
   9.9860367e+00
  -8.6851922e+00
   4.9303587e+00
   1.6053359e-14
  -4.9303587e+00
   8.6851922e+00
  -9.9860367e+00
   7.0698184e+00
   3.7321791e+00
  -6.2551875e+00
  -7.6549976e+00
   8.0935977e+00
   1.0525594e+00
  -5.6217139e+00
   8.1252055e+00
  -9.4249479e+00
   9.8313826e+00
  -9.4249479e+00
   8.1252055e+00
  -5.6217139e+00
   1.0525594e+00
   8.0935977e+00
  -7.6549976e+00
  -2.4278827e-02
  -2.5573366e-01
  -7.6016032e-01
  -1.2830791e+00
  -1.4208625e+00
  -9.4218514e-01
  -7.1353364e-16
   9.4218514e-01
   1.4208625e+00
   1.2830791e+00
   7.6016032e-01
   2.5573366e-01
   2.4278827e-02
   7.8608181e-02
   7.4176735e-01
   1.7398264e+00
   1.7606687e+00
   1.5048457e-02
  -2.4896563e+00
  -3.6790157e+00
  -2.4896563e+00
   1.5048457e-02
   1.7606687e+00
   1.7398264e+00
   7.4176735e-01
   7.8608181e-02
  -1.8560602e-01
  -1.5242370e+00
  -2.5137730e+00
  -3.1872392e-01
   3.6440588e+00
   4.2718166e+00
   3.7392499e-15
  -4.2718166e+00
  -3.6440588e+00
   3.1872392e-01
   2.5137730e+00
   1.5242370e+00
   1.8560602e-01
   3.6892202e-01
   2.5472971e+00
   2.3086539e+00
  -3.1372199e+00
  -5.4901473e+00
   6.5880891e-01
   5.5185235e+00
   6.5880891e-01
  -5.4901473e+00
  -3.1372199e+00
   2.3086539e+00
   2.5472971e+00
   3.6892202e-01
  -6.5390258e-01
  -3.6353707e+00
  -4.9192595e-01
   6.6494443e+00
   1.8023996e+00
  -6.3692641e+00
  -7.6363936e-15
   6.3692641e+00
  -1.8023996e+00
  -6.6494443e+00
   4.9192595e-01
   3.6353707e+00
   6.5390258e-01
   1.0656672e+00
   4.4999020e+00
  -2.9610855e+00
  -7.1561679e+00
   5.2328359e+00
   2.9607050e+00
  -7.2275337e+00
   2.9607050e+00
   5.2328359e+00
  -7.1561679e+00
  -2.9610855e+00
   4.4999020e+00
   1.0656672e+00
  -1.6268682e+00
  -4.7803820e+00
   7.1907531e+00
   2.8968520e+00
  -8.1812724e+00
   6.3770513e+00
   1.2532288e-14
  -6.3770513e+00
   8.1812724e+00
  -2.8968520e+00
  -7.1907531e+00
   4.7803820e+00
   1.6268682e+00
   2.3552920e+00
   4.1164113e+00
  -1.0578469e+01
   4.5353340e+00
   2.3519136e+00
  -7.1811746e+00
   8.8906241e+00
  -7.1811746e+00
   2.3519136e+00
   4.5353340e+00
  -1.0578469e+01
   4.1164113e+00
   2.3552920e+00
  -3.2614484e+00
  -2.2387797e+00
   1.1315358e+01
  -1.0463953e+01
   7.4472358e+00
  -3.8158976e+00
  -1.8445081e-14
   3.8158976e+00
  -7.4472358e+00
   1.0463953e+01
  -1.1315358e+01
   2.2387797e+00
   3.2614484e+00
   5.6387939e-03
   1.3327261e-01
   5.9584447e-01
   1.2892053e+00
   1.6649154e+00
   1.2019659e+00
   9.3545050e-16
  -1.2019659e+00
  -1.6649154e+00
  -1.2892053e+00
  -5.9584447e-01
  -1.3327261e-01
  -5.6387939e-03
  -1.9879724e-02
  -4.2437607e-01
  -1.5304526e+00
  -2.1357159e+00
  -5.5379030e-01
   2.5624851e+00
   4.1947232e+00
   2.5624851e+00
  -5.5379030e-01
  -2.1357159e+00
  -1.5304526e+00
  -4.2437607e-01
  -1.9879724e-02
   5.0948041e-02
   9.6133291e-01
   2.5879836e+00
   1.3347022e+00
  -3.3421050e+00
  -4.9729529e+00
  -4.5851390e-15
   4.9729529e+00
   3.3421050e+00
  -1.3347022e+00
  -2.5879836e+00
  -9.6133291e-01
  -5.0948041e-02
  -1.0953947e-01
  -1.7826315e+00
  -3.1416468e+00
   1.8036237e+00
   6.2657904e+00
   1.3708843e-02
  -6.1148074e+00
   1.3708843e-02
   6.2657904e+00
   1.8036237e+00
  -3.1416468e+00
  -1.7826315e+00
  -1.0953947e-01
   2.0934435e-01
   2.8548899e+00
   2.4274828e+00
  -6.0683462e+00
  -3.6292345e+00
   6.7734057e+00
   9.0297065e-15
  -6.7734057e+00
   3.6292345e+00
   6.0683462e+00
  -2.4274828e+00
  -2.8548899e+00
  -2.0934435e-01
  -3.6683364e-01
  -4.0472138e+00
   5.9685381e-02
   8.5074822e+00
  -3.8838177e+00
  -4.2116884e+00
   7.8651061e+00
  -4.2116884e+00
  -3.8838177e+00
   8.5074822e+00
   5.9685381e-02
  -4.0472138e+00
  -3.6683364e-01
   6.0073793e-01
   5.1243012e+00
  -4.1526252e+00
  -6.3328453e+00
   9.0838876e+00
  -5.9935735e+00
  -1.4455269e-14
   5.9935735e+00
  -9.0838876e+00
   6.3328453e+00
   4.1526252e+00
  -5.1243012e+00
  -6.0073793e-01
  -9.3121894e-01
  -5.7658203e+00
   8.8082621e+00
  -5.8603579e-01
  -5.2716278e+00
   8.5202595e+00
  -9.5543865e+00
   8.5202595e+00
  -5.2716278e+00
  -5.8603579e-01
   8.8082621e+00
  -5.7658203e+00
  -9.3121894e-01
  -1.2476728e-03
  -6.6168281e-02
  -4.4495549e-01
  -1.2340895e+00
  -1.8586099e+00
  -1.4608444e+00
  -1.1683773e-15
   1.4608444e+00
   1.8586099e+00
   1.2340895e+00
   4.4495549e-01
   6.6168281e-02
   1.2476728e-03
   4.7301033e-03
   2.2779667e-01
   1.2532759e+00
   2.3417372e+00
   1.0914627e+00
  -2.5705119e+00
  -4.6898432e+00
  -2.5705119e+00
   1.0914627e+00
   2.3417372e+00
   1.2532759e+00
   2.2779667e-01
   4.7301033e-03
  -1.3000291e-02
  -5.5887415e-01
  -2.3751299e+00
  -2.1657552e+00
   2.8632485e+00
   5.6205793e+00
   5.4623535e-15
  -5.6205793e+00
  -2.8632485e+00
   2.1657552e+00
   2.3751299e+00
   5.5887415e-01
   1.3000291e-02
   2.9892113e-02
   1.1255826e+00
   3.3916880e+00
  -3.8925934e-01
  -6.7328417e+00
  -7.6363987e-01
   6.6913960e+00
  -7.6363987e-01
  -6.7328417e+00
  -3.8925934e-01
   3.3916880e+00
   1.1255826e+00
   2.9892113e-02
  -6.0936226e-02
  -1.9673259e+00
  -3.6087129e+00
   4.8733351e+00
   5.3485870e+00
  -7.0223678e+00
  -1.0464307e-14
   7.0223678e+00
  -5.3485870e+00
  -4.8733351e+00
   3.6087129e+00
   1.9673259e+00
   6.0936226e-02
   1.1362932e-01
   3.0685180e+00
   2.3061108e+00
  -8.8165003e+00
   2.1259272e+00
   5.4562831e+00
  -8.4844428e+00
   5.4562831e+00
   2.1259272e+00
  -8.8165003e+00
   2.3061108e+00
   3.0685180e+00
   1.1362932e-01
  -1.9761273e-01
  -4.3335824e+00
   8.7483393e-01
   8.9404808e+00
  -9.2640581e+00
   5.3953872e+00
   1.6425475e-14
  -5.3953872e+00
   9.2640581e+00
  -8.9404808e+00
  -8.7483393e-01
   4.3335824e+00
   1.9761273e-01
   2.6692009e-04
   3.1763248e-02
   3.2126716e-01
   1.1421873e+00
   2.0060900e+00
   1.7166505e+00
   1.4109496e-15
  -1.7166505e+00
  -2.0060900e+00
  -1.1421873e+00
  -3.2126716e-01
  -3.1763248e-02
  -2.6692009e-04
  -1.0781191e-03
  -1.1694990e-01
  -9.7739536e-01
  -2.4098526e+00
  -1.6049336e+00
   2.5232957e+00
   5.1679555e+00
   2.5232957e+00
  -1.6049336e+00
  -2.4098526e+00
  -9.7739536e-01
  -1.1694990e-01
  -1.0781191e-03
   3.1497269e-03
   3.0707313e-01
   2.0266347e+00
   2.7823862e+00
  -2.2579005e+00
  -6.2120990e+00
  -6.3679426e-15
   6.2120990e+00
   2.2579005e+00
  -2.7823862e+00
  -2.0266347e+00
  -3.0707313e-01
  -3.1497269e-03
  -7.6809219e-03
  -6.6274291e-01
  -3.2456137e+00
  -9.4332375e-01
   6.9072981e+00
   1.5719705e+00
  -7.2512695e+00
   1.5719705e+00
   6.9072981e+00
  -9.4332375e-01
  -3.2456137e+00
  -6.6274291e-01
  -7.6809219e-03
   1.6570589e-02
   1.2441952e+00
   4.1071109e+00
  -3.3238085e+00
  -6.8725099e+00
   7.1230963e+00
   1.1937114e-14
  -7.1230963e+00
   6.8725099e+00
   3.3238085e+00
  -4.1071109e+00
  -1.2441952e+00
  -1.6570589e-02
  -3.2636507e-02
  -2.0924130e+00
  -3.8850416e+00
   8.2346112e+00
  -1.0922642e-01
  -6.6692073e+00
   9.0880343e+00
  -6.6692073e+00
  -1.0922642e-01
   8.2346112e+00
  -3.8850416e+00
  -2.0924130e+00
  -3.2636507e-02
  -5.5704446e-05
  -1.4874007e-02
  -2.2627892e-01
  -1.0312312e+00
  -2.1122271e+00
  -1.9678312e+00
  -1.6621412e-15
   1.9678312e+00
   2.1122271e+00
   1.0312312e+00
   2.2627892e-01
   1.4874007e-02
   5.5704446e-05
   2.3800170e-04
   5.8096261e-02
   7.3563516e-01
   2.3735788e+00
   2.0793334e+00
  -2.4285851e+00
  -5.6316489e+00
  -2.4285851e+00
   2.0793334e+00
   2.3735788e+00
   7.3563516e-01
   5.8096261e-02
   2.3800170e-04
  -7.3409807e-04
  -1.6185104e-01
  -1.6435550e+00
  -3.1894905e+00
   1.5693414e+00
   6.7461872e+00
   7.2995177e-15
  -6.7461872e+00
  -1.5693414e+00
   3.1894905e+00
   1.6435550e+00
   1.6185104e-01
   7.3409807e-04
   1.8864342e-03
   3.7084490e-01
   2.8774599e+00
   2.0960139e+00
  -6.8173607e+00
  -2.4226714e+00
   7.7966649e+00
  -2.4226714e+00
  -6.8173607e+00
   2.0960139e+00
   2.8774599e+00
   3.7084490e-01
   1.8864342e-03
  -4.2809155e-03
  -7.3996870e-01
  -4.0977876e+00
   1.6410329e+00
   8.1440862e+00
  -7.0835788e+00
  -1.3445500e-14
   7.0835788e+00
  -8.1440862e+00
  -1.6410329e+00
   4.0977876e+00
   7.3996870e-01
   4.2809155e-03
   1.1406046e-05
   6.8338856e-03
   1.5637183e-01
   9.1350598e-01
   2.1820639e+00
   2.2132498e+00
   1.9211488e-15
  -2.2132498e+00
  -2.1820639e+00
  -9.1350598e-01
  -1.5637183e-01
  -6.8338856e-03
  -1.1406046e-05
  -5.1257135e-05
  -2.8137039e-02
  -5.3889175e-01
  -2.2636737e+00
  -2.5056869e+00
   2.2928510e+00
   6.0828760e+00
   2.2928510e+00
  -2.5056869e+00
  -2.2636737e+00
  -5.3889175e-01
  -2.8137039e-02
  -5.1257135e-05
   1.6601429e-04
   8.2624312e-02
   1.2835570e+00
   3.4106655e+00
  -8.3381170e-01
  -7.2224491e+00
  -8.2551047e-15
   7.2224491e+00
   8.3381170e-01
  -3.4106655e+00
  -1.2835570e+00
  -8.2624312e-02
  -1.6601429e-04
  -4.4725762e-04
  -1.9958745e-01
  -2.4180412e+00
  -3.0209184e+00
   6.4978206e+00
   3.3020741e+00
  -8.3293211e+00
   3.3020741e+00
   6.4978206e+00
  -3.0209184e+00
  -2.4180412e+00
  -1.9958745e-01
  -4.4725762e-04
  -2.3005910e-06
  -3.0929044e-03
  -1.0644666e-01
  -7.9712389e-01
  -2.2205133e+00
  -2.4520657e+00
  -2.1873241e-15
   2.4520657e+00
   2.2205133e+00
   7.9712389e-01
   1.0644666e-01
   3.0929044e-03
   2.3005910e-06
   1.0823552e-05
   1.3355352e-02
   3.8643948e-01
   2.1060421e+00
   2.8792580e+00
  -2.1216111e+00
  -6.5231578e+00
  -2.1216111e+00
   2.8792580e+00
   2.1060421e+00
   3.8643948e-01
   1.3355352e-02
   1.0823552e-05
  -3.6648894e-05
  -4.1122555e-02
  -9.7357855e-01
  -3.4778132e+00
   8.0972814e-02
   7.6411806e+00
   9.2330424e-15
  -7.6411806e+00
  -8.0972814e-02
   3.4778132e+00
   9.7357855e-01
   4.1122555e-02
   3.6648894e-05
   4.5839182e-07
   1.3827970e-03
   7.1581146e-02
   6.8712124e-01
   2.2321965e+00
   2.6836563e+00
   2.4601319e-15
  -2.6836563e+00
  -2.2321965e+00
  -6.8712124e-01
  -7.1581146e-02
  -1.3827970e-03
  -4.5839182e-07
  -2.2490631e-06
  -6.2360242e-03
  -2.7237921e-01
  -1.9212556e+00
  -3.1983546e+00
   1.9196434e+00
   6.9537096e+00
   1.9196434e+00
  -3.1983546e+00
  -1.9212556e+00
  -2.7237921e-01
  -6.2360242e-03
  -2.2490631e-06
  -9.0415310e-08
  -6.1200929e-04
  -4.7651102e-02
  -5.8633876e-01
  -2.2213610e+00
  -2.9075645e+00
  -2.7391218e-15
   2.9075645e+00
   2.2213610e+00
   5.8633876e-01
   4.7651102e-02
   6.1200929e-04
   9.0415310e-08
